1.056583745000000130e-01 2.935323639797527129e-36
1.106349765769958499e-01 3.459552237435087467e-36
1.158459809751513775e-01 3.999639024081254519e-36
1.213024282493100625e-01 4.529061633477378708e-36
1.270158789741284155e-01 5.082265830894442774e-36
1.329984382374653773e-01 5.628142190295917207e-36
1.392627812874313031e-01 6.084367559722403024e-36
1.458221803874359401e-01 6.473156498335381344e-36
1.526905329361321895e-01 6.815141848248547050e-36
1.598823909118343989e-01 7.135568372329419660e-36
1.674129917037943116e-01 7.439863661851840777e-36
1.752982903956570027e-01 7.725649718144229677e-36
1.835549935694963108e-01 7.989271811847117383e-36
1.922005947020493655e-01 8.234164713978891671e-36
2.012534112281454957e-01 8.528503257549072172e-36
2.107326233498547086e-01 8.841065266932515759e-36
2.206583146735809076e-01 9.083251641491675481e-36
2.310515147611986730e-01 9.293989173149770533e-36
2.419342436853845757e-01 9.495435294046303663e-36
2.533295586835450086e-01 9.686845645659578334e-36
2.652616030091841659e-01 9.864580879644300441e-36
2.777556570842139028e-01 1.001726226893690572e-35
2.908381920605839221e-01 1.019108747333197958e-35
3.045369259047092103e-01 1.039865072221117781e-35
3.188808821235256108e-01 1.056900207161507483e-35
3.339004512565923455e-01 1.071239576370234771e-35
3.496274552645274869e-01 1.087567329295949290e-35
3.660952149501945918e-01 1.105775476669382864e-35
3.833386205554868975e-01 1.125314784857748818e-35
4.013942056832815464e-01 1.143647106897625272e-35
4.203002247011827786e-01 1.160024187556750323e-35
4.400967337910488553e-01 1.173414454612892207e-35
4.608256758160240718e-01 1.185595558021306367e-35
4.825309691848808646e-01 1.197092396791639106e-35
5.052586009019511826e-01 1.206370443306171043e-35
5.290567239997910898e-01 1.214024296868673751e-35
5.539757595610089735e-01 1.221861161484362903e-35
5.800685035454119509e-01 1.228128346564853338e-35
6.073902386488037042e-01 1.231661025315671454e-35
6.359988514304308893e-01 1.231982620404451337e-35
6.659549549572332250e-01 1.230162883946327323e-35
6.973220172247475146e-01 1.227958834050196169e-35
7.301664956267468476e-01 1.225422191271112567e-35
7.645579777585189696e-01 1.222423188936617173e-35
8.005693288521023021e-01 1.219943871584037704e-35
8.382768461558494089e-01 1.216966304578653396e-35
8.777604205854060426e-01 1.211189551607635489e-35
9.191037059885908134e-01 1.203033426230948942e-35
9.623942963827993857e-01 1.193297622127762811e-35
1.007723911540447048e+00 1.185435186522340033e-35
1.055188591315646240e+00 1.178727084945489796e-35
1.104888899123843249e+00 1.170114197038125436e-35
1.156930135005523441e+00 1.159621796331762169e-35
1.211422558725401277e+00 1.146595081024275601e-35
1.268481623379783985e+00 1.131840996885853853e-35
1.328228220007038773e+00 1.116234082728450846e-35
1.390788933719433462e+00 1.100133796806327534e-35
1.456296311899011542e+00 1.083646227421533332e-35
1.524889145025721815e+00 1.066876353375410587e-35
1.596712760732808656e+00 1.049761468327664340e-35
1.671919331712458767e+00 1.031444787202626840e-35
1.750668198124081254e+00 1.011366821160583035e-35
1.833126205188300384e+00 9.903703175556016553e-36
1.919468056681913559e+00 9.694734963474212516e-36
2.009876685082783165e+00 9.485335433440436282e-36
2.104543639148866774e+00 9.274590672536890781e-36
2.203669489752564825e+00 9.062903238181775572e-36
2.307464254830225769e+00 8.847331273443739562e-36
2.416147844347133589e+00 8.621252180302158087e-36
2.529950526220750895e+00 8.388601494468246064e-36
2.649113414189342652e+00 8.158987248647405988e-36
2.773888978659645232e+00 7.933347499154676722e-36
2.904541581615916801e+00 7.712075757352320046e-36
3.041348036723651393e+00 7.492725543063560666e-36
3.184598195814696719e+00 7.276265631818264718e-36
3.334595562996307994e+00 7.065152321985270280e-36
3.491657937685296531e+00 6.860269942273292945e-36
3.656118087929645988e+00 6.660390222979410815e-36
3.828324455444157337e+00 6.462602591205454103e-36
4.008641893853899241e+00 6.265576212261567544e-36
4.197452441709582871e+00 6.070518935288274377e-36
4.395156131912607123e+00 5.876869894429255078e-36
4.602171839264771691e+00 5.685147725529489934e-36
4.818938167938291883e+00 5.494528169757184559e-36
5.045914380746451045e+00 5.305828578563826626e-36
5.283581372183708602e+00 5.121281788776577492e-36
5.532442687296841299e+00 4.941599651194127528e-36
5.793025588545829052e+00 4.765557370583773262e-36
6.065882172914798254e+00 4.591224398495819760e-36
6.351590541639888343e+00 4.419622410015318584e-36
6.650756025032332097e+00 4.255253625229721316e-36
6.964012464991744089e+00 4.098286774671962375e-36
7.292023557926957444e+00 3.947123029451294107e-36
7.635484260929557898e+00 3.799293220300249625e-36
7.995122264179465255e+00 3.655383673360085271e-36
8.371699532702098878e+00 3.516970394780423773e-36
8.766013920743626286e+00 3.384285511818186403e-36
9.178900862184764975e+00 3.256372399783556296e-36
9.611235140574482472e+00 3.131815952009298927e-36
1.006393274253387737e+01 3.010091020209554251e-36
1.053795279845705046e+01 2.891958681870862913e-36
1.103429961462054365e+01 2.777276548803583266e-36
1.155402480100711671e+01 2.666335848523789755e-36
1.209822949935171543e+01 2.559293499517218323e-36
1.266806671613046653e+01 2.456216665374554121e-36
1.326474376543540856e+01 2.356352349768054927e-36
1.388952482691088264e+01 2.259563513110788471e-36
1.454373362417087812e+01 2.166506414783242550e-36
1.522875622937215923e+01 2.077736194192797989e-36
1.594604399988538290e+01 1.992844286404644221e-36
1.669711665328587813e+01 1.910942296192794582e-36
1.748356548717915260e+01 1.831698372263726583e-36
1.830705675068319138e+01 1.754801359011804653e-36
1.916933517471034065e+01 1.679905717665109146e-36
2.007222766852865448e+01 1.607338168911296634e-36
2.101764719043444174e+01 1.538261283381899610e-36
2.200759680073704061e+01 1.472701015241534706e-36
2.304417390564259804e+01 1.410046672717388492e-36
2.412957470102842450e+01 1.349820934247256741e-36
2.526609882552329367e+01 1.292037768897126304e-36
2.645615423275165057e+01 1.236401674136053364e-36
2.770226229306478061e+01 1.182760849652101527e-36
2.900706313556826998e+01 1.131806225086930364e-36
3.037332124176332115e+01 1.083921084992901621e-36
3.180393130265370516e+01 1.038611003263023959e-36
3.330192435172733667e+01 9.949033835966327739e-37
3.487047418680703004e+01 9.526515150741957234e-37
3.651290409437575590e+01 9.116828479734257312e-37
3.823269389062346590e+01 8.718391671227024145e-37
4.003348729413377072e+01 8.333151371248741091e-37
4.191909964583028625e+01 7.971780159948123032e-37
4.389352599253916765e+01 7.633618661707437799e-37
4.596094955129493798e+01 7.310172806982511736e-37
4.812575057232218967e+01 6.995938136408276238e-37
5.039251561947139635e+01 6.691793019950553345e-37
5.276604728777190445e+01 6.398700528464792964e-37
5.525137437868967538e+01 6.116542816109874097e-37
5.785376255464884565e+01 5.847758866097989291e-37
6.057872549539035845e+01 5.593774750438815559e-37
6.343203657980533450e+01 5.353004910835375070e-37
6.641974111799261493e+01 5.120272857880836730e-37
6.954816915945681899e+01 4.894851070281857757e-37
7.282394890458444081e+01 4.679540893414779137e-37
7.625402074781159456e+01 4.475062160737902790e-37
7.984565198223722859e+01 4.279581063348380302e-37
8.360645219683722473e+01 4.091147822051308367e-37
8.754438939890000881e+01 3.909483814954235444e-37
9.166780689584346931e+01 3.736040047918445641e-37
9.598544097217980209e+01 3.571338541037201157e-37
1.005064393990816711e+02 3.414217450942986098e-37
1.052403808157645102e+02 3.262126308061975446e-37
1.101972950237486941e+02 3.114773854274964052e-37
1.153876842370003857e+02 2.973541696415858290e-37
1.208225453329716004e+02 2.839397440096292373e-37
1.265133931516836583e+02 2.712261863557859328e-37
1.324722848922191645e+02 2.590738297991482998e-37
1.387118456583088744e+02 2.474520592596032188e-37
1.452452952071381844e+02 2.363677432675021218e-37
1.520864759580469752e+02 2.257881054274847646e-37
1.592498823204625751e+02 2.156724220041284275e-37
1.667506914032047121e+02 2.060263536046480291e-37
1.746047951702248895e+02 1.968254336702105077e-37
1.828288341109107478e+02 1.880792296682274681e-37
1.914402324962900366e+02 1.797652045491476368e-37
2.004572352958324188e+02 1.718283638031481268e-37
2.098989468330667876e+02 1.641997306768656949e-37
2.197853712619103135e+02 1.568673178546390871e-37
2.301374549494680650e+02 1.498364200258846569e-37
2.409771308551015920e+02 1.431161800988358728e-37
2.523273649997882444e+02 1.367023332529416984e-37
2.642122051242296266e+02 1.305673676847233494e-37
2.766568316387979394e+02 1.246974183076515465e-37
2.896876109732720010e+02 1.190962814435286806e-37
3.033321514393906568e+02 1.137491163150232017e-37
3.176193617245808696e+02 1.086509248139462297e-37
3.325795121407945771e+02 1.038217541274258977e-37
3.482442987582166438e+02 9.924494011442659083e-38
3.646469105597269049e+02 9.485890749718519434e-38
3.818220997583989060e+02 9.064391092675748958e-38
3.998062554270117630e+02 8.661033285378186599e-38
4.186374805955759939e+02 8.277486807268565100e-38
4.383556729802244831e+02 7.912475360054227201e-38
4.590026095145006479e+02 7.561428636253281879e-38
4.806220348621470180e+02 7.222154267684258504e-38
5.032597540989209506e+02 6.895543150556711711e-38
5.269637297598098939e+02 6.584173351866227326e-38
5.517841834572515154e+02 6.287375384384585489e-38
5.777737022856600788e+02 6.004112915663193331e-38
6.049873502377055274e+02 5.733803145228750578e-38
6.334827848683909224e+02 5.475838345745673222e-38
6.633203794541104799e+02 5.229429766245173040e-38
6.945633509055118111e+02 4.993909973604519198e-38
7.272778937051602952e+02 4.767470354703143434e-38
7.615333201537881678e+02 4.549710404005631007e-38
7.974022072222604720e+02 4.341857273054646386e-38
8.349605503204060142e+02 4.145652585634894582e-38
8.742879243084867085e+02 3.960234885920812230e-38
9.154676520924492706e+02 3.782976439869634106e-38
9.585869811601680794e+02 3.612717685439839915e-38
1.003737268432692304e+03 3.449024778864355502e-38
1.051014173822148450e+03 3.291646349004599453e-38
1.100517862906399387e+03 3.140645981544758582e-38
1.152353219149847064e+03 2.998364175118599737e-38
1.206630066120020956e+03 2.865052959597439979e-38
1.263463400170779096e+03 2.738615372945762610e-38
1.322973634085065214e+03 2.616351387814505016e-38
1.385286852193472669e+03 2.498363596721803704e-38
1.450535077509121265e+03 2.386235565701138948e-38
1.518856551444794377e+03 2.279973059943843967e-38
1.590396026705022678e+03 2.178834259067468014e-38
1.665305073973644767e+03 2.082060943741704218e-38
1.743742403046591107e+03 1.989433416137347956e-38
1.825874199090331331e+03 1.900513246724371906e-38
1.911874474738393928e+03 1.815109109843046489e-38
2.001925438771903373e+03 1.733505248629857102e-38
2.096217882165330593e+03 1.656039398002713102e-38
2.194951582315336054e+03 1.582465585220649113e-38
2.298335726309109305e+03 1.512417008140600111e-38
2.406589354129053845e+03 1.445728869167308037e-38
2.519941822732807850e+03 1.382220258715360228e-38
2.638633291991792248e+03 1.321693832105779072e-38
2.762915233517935121e+03 1.263999641590818067e-38
2.893050963456588306e+03 1.208934979105445143e-38
3.029316200374391428e+03 1.156215303273887669e-38
3.171999649424240033e+03 1.105369868718054831e-38
3.321403614024840863e+03 1.056023966533609235e-38
3.477844636350970177e+03 1.008256922546566344e-38
3.641654167991393024e+03 9.625484045294265985e-39
3.813179272195289741e+03 9.190396481296450679e-39
3.992783359195170760e+03 8.775525782497023123e-39
4.180846956164149560e+03 8.378683344959231297e-39
4.377768513438803893e+03 7.999567443370245423e-39
4.583965248715911002e+03 7.639448097422913876e-39
4.799874031011599072e+03 7.297435486097137952e-39
5.025952306255660005e+03 6.972436174466651434e-39
5.262679066482254711e+03 6.663503596624105332e-39
5.510555864670349365e+03 6.369185249672225118e-39
5.770107877383932646e+03 6.085615145777988789e-39
6.041885017463615441e+03 5.812234826341195500e-39
6.326463099126985981e+03 5.551287497066282494e-39
6.624445057946099041e+03 5.304200963085564662e-39
6.936462228287087783e+03 5.070344354423635266e-39
7.263175680918306170e+03 4.849345510376706057e-39
7.605277623620863778e+03 4.640277711989330311e-39
7.963492867769263285e+03 4.439419179209659817e-39
8.338580363989287434e+03 4.244223306146020057e-39
8.731334810146556265e+03 4.055607114030334461e-39
9.142588335072989139e+03 3.877311376877468288e-39
9.573212261598026089e+03 3.708727275097615210e-39
1.002411895262032158e+04 3.547150198685521893e-39
1.049626374413104531e+04 3.390897312391231362e-39
1.099064696928410376e+04 3.239959287062727342e-39
1.150831607780200648e+04 3.094149793877417854e-39
1.205036785520763988e+04 2.953851602221996554e-39
1.261795074658357407e+04 2.821177956699364645e-39
1.321226728978268693e+04 2.697056355712672711e-39
1.383457666324515594e+04 2.580432013571947602e-39
1.448619735381961800e+04 2.469084819212994228e-39
1.516850995024129043e+04 2.362383306256388593e-39
1.588296006818536443e+04 2.260260120921920232e-39
1.663106141309271698e+04 2.162627735811851523e-39
1.741439898725764942e+04 2.069335034633233484e-39
1.823463244797232619e+04 1.979971231940033555e-39
1.909349962384238825e+04 1.894376344757500325e-39
1.999282019672447859e+04 1.812478482104827252e-39
2.093449955708625930e+04 1.734161404427799158e-39
2.192053284095686831e+04 1.659238865317201871e-39
2.295300915702170096e+04 1.587492271029067484e-39
2.403411601281703406e+04 1.519098786746391957e-39
2.516614394940184866e+04 1.453873427456742189e-39
2.635149139432749143e+04 1.391614340748558001e-39
2.759266974318568464e+04 1.332465293698322703e-39
2.889230868050242498e+04 1.276719988644880909e-39
3.025316175125069640e+04 1.223939496339177226e-39
3.167811219478575003e+04 1.173482902603436438e-39
3.317017905356440315e+04 1.125040071291497584e-39
3.473252356959039753e+04 1.078579348098909906e-39
3.636845588213731389e+04 1.034122587058784702e-39
3.808144204094076122e+04 9.915021462882941496e-40
3.987511134971804131e+04 9.509649034781075679e-40
4.175326405557336693e+04 9.125532954085664216e-40
4.371987940058149979e+04 8.759881965339619067e-40
4.577912405260807282e+04 8.404240019798073738e-40
4.793536093322810484e+04 8.058379560309612009e-40
5.019315846144808893e+04 7.724499324844183297e-40
5.255730023281546892e+04 7.403207415494693827e-40
5.503279515442178672e+04 7.096115886081351053e-40
5.762488805727421277e+04 6.807660077414563299e-40
6.033907080851925275e+04 6.538201429394554211e-40
6.318109394706073363e+04 6.280380936730489193e-40
6.615697886722674593e+04 6.031187897241291708e-40
6.927303057629799878e+04 5.794083877292079967e-40
7.253585105292564549e+04 5.573295628412501227e-40
7.595235323474423785e+04 5.367544522549810651e-40
7.952977566481159010e+04 5.171814259586736647e-40
8.327569782791001489e+04 4.984230589639427443e-40
8.719805620920105139e+04 4.805189464054596029e-40
9.130516110925530666e+04 4.634214518226818318e-40
9.560571425108645053e+04 4.470477527338892495e-40
1.001088272164921073e+05 4.320139415848210666e-40
1.048240407507607160e+05 4.170762580079984703e-40
1.097613449766488047e+05 4.031606429155795071e-40
1.149312005604544975e+05 3.898914416091841251e-40
1.203445608750293904e+05 3.770020092880711813e-40
1.260128952066900383e+05 3.646878144639475653e-40
1.319482130551951122e+05 3.534058592897453417e-40
1.381630895782707667e+05 3.424590740724448150e-40
1.446706922345974890e+05 3.316642696913201403e-40
1.514848086817053845e+05 3.214627224298588809e-40
1.586198759878819110e+05 3.120201740014524090e-40
1.660910112199888099e+05 3.033036273376843439e-40
1.739140434719921614e+05 2.949362487131316469e-40
1.821055474020614056e+05 2.869411259998188566e-40
1.906828783492977382e+05 2.795957704114069233e-40
1.996642091044919507e+05 2.729605742364291677e-40
2.090685684128127177e+05 2.668336707020604592e-40
2.189158812900117482e+05 2.608194258797866894e-40
2.292270112375509925e+05 2.553236628244860733e-40
2.400238044461036625e+05 2.503264271406221014e-40
2.513291360810791957e+05 2.455265931461744310e-40
2.631669587482326897e+05 2.409278639603886282e-40
2.755623532420510310e+05 2.367972553621944521e-40
2.885415816844332730e+05 2.336678415307610337e-40
3.021321431662440882e+05 2.309097711283164579e-40
3.163628320096380194e+05 2.285100369321178938e-40
3.312637987745912396e+05 2.264849730087558266e-40
3.468666141388877295e+05 2.248471268349565657e-40
3.632043357869152678e+05 2.236003232165955660e-40
3.803115784489826183e+05 2.227399331853657702e-40
3.982245872395428596e+05 2.223030808906629357e-40
4.169813144497183384e+05 2.227360435897569343e-40
4.366214999568213243e+05 2.240917083672716914e-40
4.571867554212255636e+05 2.263938949941728207e-40
4.787206524489921285e+05 2.296787963236025155e-40
5.012688149070327636e+05 2.339879748673857769e-40
5.248790155863894615e+05 2.389086540172464194e-40
5.496012774184478913e+05 2.438859307212118884e-40
5.754879794585239142e+05 2.488762149434786746e-40
6.025939678613584256e+05 2.535562283372054622e-40
6.309766720836730674e+05 2.575778463298425163e-40
6.606962265599496895e+05 2.600658000220580471e-40
6.918155981092579896e+05 2.591062979873357370e-40
7.244007193430577172e+05 2.503038560551216546e-40
7.585206283566115890e+05 2.249988544634755503e-40
7.942476149999997579e+05 1.625474923599243802e-40
