1.056583745000000130e-01 6.066599612156266631e-36
1.106335340271487055e-01 7.018633634461071227e-36
1.158429600044270091e-01 7.953011538301179201e-36
1.212976833886025563e-01 8.817080113637978017e-36
1.270092545535732309e-01 9.644358153263775054e-36
1.329897677482775875e-01 1.033569907894460198e-35
1.392518867062607635e-01 1.068727468265425984e-35
1.458088714611235626e-01 1.077155659484215107e-35
1.526746064246366497e-01 1.066385397804623998e-35
1.598636297869751033e-01 1.047456544533464986e-35
1.673911643013286377e-01 1.023842459507883836e-35
1.752731495180732679e-01 9.961854543369745808e-36
1.835262755367609855e-01 9.669052281894349802e-36
1.921680183473966907e-01 9.363483491352392087e-36
2.012166768358380209e-01 9.049522682673685479e-36
2.106914115316762537e-01 8.739345495530985437e-36
2.206122851806479046e-01 8.451948964428552342e-36
2.310003052274880730e-01 8.172078354719521360e-36
2.418774682991837732e-01 7.893803151262219024e-36
2.532668067828199310e-01 7.630447855845379492e-36
2.651924375966469016e-01 7.379661244317592832e-36
2.776796132576423992e-01 7.123379458004970359e-36
2.907547753537024771e-01 6.869844259019137811e-36
3.044456105336904583e-01 6.620786398162463220e-36
3.187811091339012859e-01 6.392859435724240122e-36
3.337916265650828218e-01 6.177018077119847167e-36
3.495089475900028941e-01 5.953743553522747505e-36
3.659663536276674400e-01 5.745544614507288997e-36
3.831986932267075208e-01 5.560693688382065145e-36
4.012424558571631716e-01 5.379998821871921905e-36
4.201358491769164871e-01 5.200601218090105515e-36
4.399188799363878966e-01 5.017998693221329780e-36
4.606334386928081503e-01 4.842554822520533653e-36
4.823233885134519117e-01 4.675636979523673760e-36
5.050346578556595967e-01 4.509149178479846067e-36
5.288153378203210853e-01 4.343503605563612103e-36
5.537157839847577367e-01 4.181899500979645061e-36
5.797887230306293382e-01 4.029823950047425848e-36
6.070893643926561500e-01 3.888614709018437152e-36
6.356755171645670499e-01 3.750059354283974759e-36
6.656077125098253111e-01 3.610566766137462926e-36
6.969493318363360057e-01 3.463724996364332198e-36
7.297667410065430404e-01 3.324012024572722580e-36
7.641294308671083835e-01 3.196949510335228668e-36
8.001101643957432286e-01 3.077542368601788646e-36
8.377851307767752997e-01 2.962614902653878275e-36
8.772341067317059871e-01 2.848129186688413915e-36
9.185406254463776010e-01 2.735937454950101041e-36
9.617921534524485061e-01 2.627286224091044673e-36
1.007080275837729078e+00 2.523261293372609958e-36
1.054500890177557215e+00 2.423819458112784177e-36
1.104154409597862374e+00 2.327366914364838919e-36
1.156145975399909043e+00 2.234677156598379407e-36
1.210585679696944972e+00 2.144750158584697457e-36
1.267588798534193817e+00 2.057441374398442857e-36
1.327276035985820224e+00 1.973560524745288774e-36
1.389773779745743676e+00 1.893343812074533897e-36
1.455214368753513066e+00 1.816537127672196436e-36
1.523736373421943124e+00 1.742871031058750890e-36
1.595484889059888278e+00 1.672805778741415123e-36
1.670611843111486694e+00 1.605793952725284572e-36
1.749276316862439229e+00 1.540831142698838331e-36
1.831644882294550358e+00 1.478155731818616830e-36
1.917891954801812071e+00 1.416920996022171549e-36
2.008200162514907738e+00 1.356965762424267483e-36
2.102760733016185046e+00 1.300960366674345465e-36
2.201773898263958973e+00 1.249522012035046311e-36
2.305449318583578489e+00 1.200812356030205326e-36
2.414006526623056370e+00 1.151768899318356462e-36
2.527675392213335481e+00 1.102485388199268950e-36
2.646696609117531906e+00 1.054844825514482170e-36
2.771322204699861125e+00 1.008944173648457392e-36
2.901816073593435963e+00 9.653164017061725419e-37
3.038454536497023906e+00 9.243060578418471944e-37
3.181526925283975515e+00 8.857413810740317422e-37
3.331336195662318200e+00 8.480591244716420101e-37
3.488199568683305607e+00 8.108976486027910638e-37
3.652449202456828470e+00 7.749748915635329731e-37
3.824432895496037599e+00 7.412984062203403172e-37
4.004514823180510774e+00 7.097712482550311736e-37
4.193076308897428106e+00 6.797519603588618960e-37
4.390516631493651012e+00 6.508287368124447945e-37
4.597253870748458482e+00 6.231383014096449766e-37
4.813725792657264968e+00 5.965909940326842173e-37
5.040390776400888839e+00 5.710496160037298248e-37
5.277728784963223063e+00 5.465021404027841057e-37
5.526242381452601826e+00 5.229218654513008442e-37
5.786457793278920292e+00 5.003409700354161374e-37
6.058926026439893420e+00 4.787990529862164366e-37
6.344224032275972647e+00 4.582119392348548741e-37
6.642955929164501505e+00 4.383068487624184793e-37
6.955754281740059497e+00 4.189159254452529627e-37
7.283281440349758107e+00 4.003559118402938233e-37
7.626230943579730415e+00 3.828608496339888598e-37
7.985328986822739061e+00 3.663711856414346448e-37
8.361335959996528899e+00 3.505186478354659722e-37
8.755048057669087669e+00 3.352275937129389581e-37
9.167298965000215460e+00 3.205139620512726865e-37
9.598961623069417470e+00 3.063742861743384122e-37
1.005095007732818502e+01 2.927914172079559736e-37
1.052422141309073922e+01 2.799625962331305259e-37
1.101977778216169845e+01 2.678194194637617468e-37
1.153866852489201911e+01 2.561814199636296147e-37
1.208199239215658061e+01 2.448717417792697309e-37
1.265089987195862875e+01 2.339381533010641972e-37
1.324659562558750103e+01 2.235353516908866577e-37
1.387034103848828437e+01 2.136582448808565787e-37
1.452345689124481609e+01 2.042903814225219624e-37
1.520732615633189333e+01 1.954008328430996908e-37
1.592339692655874472e+01 1.869060238522695057e-37
1.667318548140480772e+01 1.786350615624393364e-37
1.745827949774071541e+01 1.705467816506569004e-37
1.828034141173324656e+01 1.628476129651671302e-37
1.914111193905302599e+01 1.556551725921246911e-37
2.004241376083904314e+01 1.489044377278186940e-37
2.098615538322501450e+01 1.423780279666512804e-37
2.197433517860010710e+01 1.360519391140426743e-37
2.300904561716142638e+01 1.299415089943852960e-37
2.409247769771853598e+01 1.240567786717273719e-37
2.522692558713237432e+01 1.184200522216533617e-37
2.641479147821224416e+01 1.131052309741328818e-37
2.765859067635790325e+01 1.080855485115965400e-37
2.896095692571742219e+01 1.032870283758483923e-37
3.032464798613900925e+01 9.865871980659446600e-38
3.175255147272605782e+01 9.420604878298546172e-38
3.324769097036060117e+01 8.997367318670626790e-38
3.481323243614271234e+01 8.595360425577866787e-38
3.645249090330300135e+01 8.212460633150326453e-38
3.816893750078372705e+01 7.847480327377419851e-38
3.996620680335252018e+01 7.499739420775450736e-38
4.184810452781254497e+01 7.167933240810045600e-38
4.381861559160579844e+01 6.850842140086839614e-38
4.588191255087374998e+01 6.547404449455390282e-38
4.804236443584272109e+01 6.256158535911923912e-38
5.030454600224314987e+01 5.977268853947531290e-38
5.267324741835238910e+01 5.713586913479442263e-38
5.515348440817354714e+01 5.464270414877469939e-38
5.775050887222842277e+01 5.225638041668305176e-38
6.046982000845409289e+01 4.996315063747705036e-38
6.331717595675160482e+01 4.775845874803528021e-38
6.629860599184441128e+01 4.562955358084431485e-38
6.942042329026406833e+01 4.357281155811465262e-38
7.268923829849848062e+01 4.159230081341106815e-38
7.611197273060879809e+01 3.968852940385997116e-38
7.969587422495528983e+01 3.787270317313088969e-38
8.344853169106774260e+01 3.616823159800374442e-38
8.737789137915746096e+01 3.456717821444894353e-38
9.149227370629783707e+01 3.304079945696997975e-38
9.580039087490318650e+01 3.157842875908971218e-38
1.003113653208127687e+02 3.017278117005479635e-38
1.050347490300438409e+02 2.881204378451467487e-38
1.099805437651170621e+02 2.749780404022041451e-38
1.151592222437833897e+02 2.627013024136079307e-38
1.205817503149983452e+02 2.513489497915295367e-38
1.262596101791015002e+02 2.405465984777504152e-38
1.322048247013695743e+02 2.297371854009164756e-38
1.384299828704273523e+02 2.189931528281808565e-38
1.449482664554245730e+02 2.088050904100584062e-38
1.517734779184250158e+02 1.992702420494834964e-38
1.589200696411128035e+02 1.902819117783573926e-38
1.664031745277027312e+02 1.817078836953093697e-38
1.742386380488577799e+02 1.735241060761313602e-38
1.824430517944637984e+02 1.656808156608070962e-38
1.910337886063131236e+02 1.581565738791685520e-38
2.000290393650876410e+02 1.510039338874870044e-38
2.094478515095392765e+02 1.442945256992091330e-38
2.193101693694313212e+02 1.379814230669619979e-38
2.296368763976462901e+02 1.318927995962193106e-38
2.404498393908865523e+02 1.259840490256455139e-38
2.517719547926045891e+02 1.203335047753466995e-38
2.636271971762102453e+02 1.150345311517560313e-38
2.760406700112171166e+02 1.100448078159687871e-38
2.890386588198260824e+02 1.051843939931158855e-38
3.026486868365049077e+02 1.004234589545941294e-38
3.168995732884224594e+02 9.583126596920985135e-39
3.318214944201473600e+02 9.147620832096734873e-39
3.474460473918298362e+02 8.734843970286209072e-39
3.638063171861717819e+02 8.345739398547473254e-39
3.809369466658602619e+02 7.979568579453785864e-39
3.988742099298109451e+02 7.628951278240530532e-39
4.176560891235534996e+02 7.287079820284849099e-39
4.373223548664049076e+02 6.955426216520759293e-39
4.579146504657343257e+02 6.638976905185806849e-39
4.794765800966465008e+02 6.338138821050003325e-39
5.020538011337968101e+02 6.052415601491709897e-39
5.256941208308600153e+02 5.781166863710526051e-39
5.504475975523640727e+02 5.523361513074849670e-39
5.763666467722511015e+02 5.277063043175335379e-39
6.035061520636155592e+02 5.041103036909131916e-39
6.319235813146415239e+02 4.815970204262659752e-39
6.616791084168255566e+02 4.602009116515823322e-39
6.928357406831607932e+02 4.398845645756050008e-39
7.254594522660884195e+02 4.204798356508313852e-39
7.596193238577311604e+02 4.019847830086923810e-39
7.953876889682227329e+02 3.843750776453737691e-39
8.328402870918768031e+02 3.676075802852632719e-39
8.720564240855271692e+02 3.516308419803131510e-39
9.131191400986372173e+02 3.363663702831766203e-39
9.561153854107735697e+02 3.217182032077407496e-39
1.001136204548776277e+03 3.076666671530659468e-39
1.048276929073497513e+03 2.942022286198934505e-39
1.097637379444330008e+03 2.813492674765490698e-39
1.149322076388981486e+03 2.690776144908426236e-39
1.203440462226054706e+03 2.573580286439148465e-39
1.260107132609103019e+03 2.462093182659021928e-39
1.319442079182866792e+03 2.356272545034093774e-39
1.381570943665516097e+03 2.255474225196783279e-39
1.446625283894925133e+03 2.158375708607214949e-39
1.514742852402322796e+03 2.064992899785552822e-39
1.586067888103206315e+03 1.974985036010770356e-39
1.660751421723168278e+03 1.888121276646043501e-39
1.738951595605379453e+03 1.805003524837188471e-39
1.820833998576916201e+03 1.725916933586413411e-39
1.906572016583015738e+03 1.650779963143238591e-39
1.996347199831723401e+03 1.579358701131511219e-39
2.090349647226363686e+03 1.511428994539299262e-39
2.188778408899866008e+03 1.446734049368080122e-39
2.291841907703319066e+03 1.384876735770073702e-39
2.399758380541246424e+03 1.325437864599999339e-39
2.512756340488138449e+03 1.268365740779961250e-39
2.631075060664766625e+03 1.213610633429307614e-39
2.754965080898890847e+03 1.161682803922786818e-39
2.884688738243213265e+03 1.112552870215683541e-39
3.020520722473950173e+03 1.066058950723579386e-39
3.162748657746287336e+03 1.020809744725164887e-39
3.311673711638377881e+03 9.763302070318454575e-40
3.467611232873531662e+03 9.333339297554252909e-40
3.630891419070969278e+03 8.931255186171111560e-40
3.801860015939108507e+03 8.551449914171149755e-40
3.980879049391920034e+03 8.184614978998743500e-40
4.168327592138608452e+03 7.828512283525122648e-40
4.364602566369876513e+03 7.496283839843374907e-40
4.570119584240454969e+03 7.203146871144329973e-40
4.785313827927620878e+03 6.902750136393168926e-40
5.010640971129227182e+03 6.617956291922503984e-40
5.246578143952514438e+03 6.348203522121232437e-40
5.493624943236895888e+03 6.098273615991910372e-40
5.752304490449944751e+03 5.839617536034366853e-40
6.023164539396867440e+03 5.594299492192595320e-40
6.306778636088886742e+03 5.372835725028245536e-40
6.603747333226618139e+03 5.158866816950065774e-40
6.914699461870100095e+03 4.952676888391484985e-40
7.240293462988232932e+03 4.752998726076857039e-40
7.581218781707179915e+03 4.561642015363543083e-40
7.938197327210064941e+03 4.385991538190965172e-40
8.311985001379285677e+03 4.218918608647592953e-40
8.703373299418351962e+03 4.047165188554301440e-40
9.113190985842562441e+03 3.888212740475690004e-40
9.542305849387432318e+03 3.738110086969789566e-40
9.991626540550882055e+03 3.584322432666592061e-40
1.046210449566019088e+04 3.441175533796306396e-40
1.095473595153791757e+04 3.305763167653932621e-40
1.147056405503284986e+04 3.179070601937760818e-40
1.201068107188290742e+04 3.054730227965775600e-40
1.257623069958726592e+04 2.925024204424000155e-40
1.316841048918521847e+04 2.807782300509961493e-40
1.378847438106985646e+04 2.698756496785122336e-40
1.443773536020621032e+04 2.587432156611190740e-40
1.511756823637620619e+04 2.477099753530266015e-40
1.582941255533766889e+04 2.369043256920548665e-40
1.657477564706169869e+04 2.260130354273104154e-40
1.735523581750310041e+04 2.150014968989600856e-40
1.817244569066240001e+04 2.037984114693071806e-40
1.902813570801631431e+04 1.926608749949168497e-40
1.992411779272665444e+04 1.814450897140061373e-40
2.086228918638667164e+04 1.694460819393218841e-40
2.184463646642913591e+04 1.565773692214567721e-40
2.287323975270300070e+04 1.435677176442320187e-40
2.395027711212609938e+04 1.293492319192936713e-40
2.507802917074068318e+04 1.142924059992798847e-40
2.625888394293787860e+04 9.837791454763809860e-41
2.749534188807690225e+04 8.198357008933338158e-41
2.879002120520643439e+04 6.562775031505530496e-41
3.014566337709973959e+04 4.941404912635250665e-41
3.156513897534297575e+04 3.385439395265885731e-41
3.305145373876904341e+04 2.154838642332336541e-41
3.460775493810796615e+04 1.269621656162169965e-41
3.623733804033102206e+04 7.821779877435190905e-42
3.794365368680022948e+04 4.363969829813539706e-42
3.973031500000000233e+04 1.797601723025176681e-42
