1.056583745000000130e-01 2.457870696640631672e-36
1.106350251556606629e-01 2.966759919257356409e-36
1.158460827086987693e-01 3.451899251514143015e-36
1.213025880372751025e-01 3.866975716075201031e-36
1.270161020596684565e-01 4.304506965664275419e-36
1.329987302288602180e-01 4.766245612617704670e-36
1.392631481808465355e-01 5.205388003215707930e-36
1.458226285910205478e-01 5.575616107998143236e-36
1.526910692955258109e-01 5.855375610448148557e-36
1.598830227371633717e-01 6.129765959195645105e-36
1.674137267982400701e-01 6.400103182628139079e-36
1.752991370856854525e-01 6.631439777672359095e-36
1.835559607368407453e-01 6.842015220415250793e-36
1.922016918175458167e-01 7.045578187407128905e-36
2.012546483875229109e-01 7.280748038368204614e-36
2.107340113115902247e-01 7.530626869584336430e-36
2.206598648989348266e-01 7.746880758277359017e-36
2.310532394565500414e-01 7.943126048285649039e-36
2.419361558469962925e-01 8.125016199203035263e-36
2.533316721448925501e-01 8.284331571782131532e-36
2.652639324909902285e-01 8.434792144490545101e-36
2.777582182473399275e-01 8.602164203566764898e-36
2.908410015619342648e-01 8.816810069966544337e-36
3.045400014563175439e-01 9.078261614220158150e-36
3.188842425549961446e-01 9.279431283788735813e-36
3.339041165810836542e-01 9.437825224739827225e-36
3.496314467484717969e-01 9.630560983838016949e-36
3.660995551869596909e-01 9.830414618107076319e-36
3.833433335431965516e-01 1.001762249483987061e-35
4.013993169070224631e-01 1.018107322864106877e-35
4.203057612198400350e-01 1.032861363390153792e-35
4.401027243290224211e-01 1.047566886413166413e-35
4.608321508600927707e-01 1.060918222596459306e-35
4.825379610864973801e-01 1.072330065248721712e-35
5.052661439852631498e-01 1.084459031052968563e-35
5.290648546757005244e-01 1.096726436625009879e-35
5.539845164476013828e-01 1.107236876479770741e-35
5.800779275950993519e-01 1.116680437609077707e-35
6.074003732825485891e-01 1.125166097671679502e-35
6.360097426794355524e-01 1.131857748032392203e-35
6.659666516125006819e-01 1.136825995540916633e-35
6.973345709949390070e-01 1.140143226924418448e-35
7.301799613047890158e-01 1.144214989625750121e-35
7.645724133974318715e-01 1.149439860692148828e-35
8.005847959505477673e-01 1.150602842238507662e-35
8.382934098539278622e-01 1.148726481491455591e-35
8.777781498712520225e-01 1.147736415622795672e-35
9.191226739163513848e-01 1.146160381012903849e-35
9.624145803026111778e-01 1.143106699900039904e-35
1.007745593341055956e+00 1.138941415346527819e-35
1.055211757680352136e+00 1.133751305994027088e-35
1.104913641800486790e+00 1.127189713219615490e-35
1.156956551091266938e+00 1.119311863498459278e-35
1.211450750967105972e+00 1.109475622315911660e-35
1.268511700490809080e+00 1.098325335966624499e-35
1.328260297001356394e+00 1.086128741099200571e-35
1.390823132263978135e+00 1.073002086058620087e-35
1.456332760685239869e+00 1.059236627236908385e-35
1.524927980161423280e+00 1.045393878699540688e-35
1.596754126155233156e+00 1.031492185347061335e-35
1.671963379623913726e+00 1.016992081930165459e-35
1.750715089451192474e+00 1.001428795890386099e-35
1.833176110066197184e+00 9.852823550107849450e-36
1.919521154964672016e+00 9.689182542531770572e-36
2.009933166881526123e+00 9.521952395102432138e-36
2.104603705398991664e+00 9.348033038886722027e-36
2.203733352811651169e+00 9.167102900894822085e-36
2.307532139108249503e+00 8.980425122345465958e-36
2.416219986970712164e+00 8.789242873659639348e-36
2.530027177733221500e+00 8.594211701419489104e-36
2.649194839288580017e+00 8.395675352952639085e-36
2.773975456975617426e+00 8.192085504430302310e-36
2.904633408530080008e+00 7.986421163994369988e-36
3.041445524232420095e+00 7.780582004458243888e-36
3.184701673439291003e+00 7.576274908579068685e-36
3.334705378741469772e+00 7.370520926853820613e-36
3.491774459049427737e+00 7.163014169838694916e-36
3.656241702969099006e+00 6.957109628050179121e-36
3.828455573894540720e+00 6.757330255503427741e-36
4.008780948311408743e+00 6.562859998100975767e-36
4.197599888875498841e+00 6.373351987399648208e-36
4.395312453904343997e+00 6.187491364944635539e-36
4.602337544996924379e+00 6.004038996838884858e-36
4.819113794577411625e+00 5.819239392270979779e-36
5.046100495243405426e+00 5.633833796711078145e-36
5.283778572887718461e+00 5.453820939861273100e-36
5.532651605655484417e+00 5.280756627825507058e-36
5.793246890895532353e+00 5.111152940518327924e-36
6.066116562366573817e+00 4.939824069623431303e-36
6.351838760065304790e+00 4.767850784318255819e-36
6.651018855154973153e+00 4.598423722075454088e-36
6.964290732589721422e+00 4.431760919523979089e-36
7.292318134152235842e+00 4.269576856842994799e-36
7.635796064750294931e+00 4.113050414142994077e-36
7.995452264951733667e+00 3.960853374989143228e-36
8.372048752877784494e+00 3.809720327442703636e-36
8.766383438721661037e+00 3.659383630473965572e-36
9.179291815313119329e+00 3.513623425812057329e-36
9.611648728310854040e+00 3.377036372181227849e-36
1.006437022977335971e+01 3.249747845293333208e-36
1.053841551903544094e+01 3.127141407911732295e-36
1.103478897500254519e+01 3.007888444413007806e-36
1.155454228416900264e+01 2.892714499317764493e-36
1.209877666886860581e+01 2.781990338615854385e-36
1.266864522047894148e+01 2.675301425880921519e-36
1.326535534252259829e+01 2.573331728825496948e-36
1.389017130884182194e+01 2.476071721110657100e-36
1.454441694226662207e+01 2.381785947485107595e-36
1.522947841945158665e+01 2.288510919371011528e-36
1.594680720782447914e+01 2.196280111762601354e-36
1.669792314086879159e+01 2.106918313234436258e-36
1.748441763825647044e+01 2.020537689184941032e-36
1.830795707765296498e+01 1.937391857786904740e-36
1.917028632533893528e+01 1.857697080754715961e-36
2.007323243312901440e+01 1.781270774612099422e-36
2.101870850942014712e+01 1.706134779521870034e-36
2.200871777257180639e+01 1.632118328250844468e-36
2.304535779520551486e+01 1.561529165014346635e-36
2.413082494841675896e+01 1.496226060731485407e-36
2.526741905531523358e+01 1.435401360969305729e-36
2.645754826375280544e+01 1.376481742486221523e-36
2.770373414856386063e+01 1.319020697697745836e-36
2.900861705412755498e+01 1.262840231920428188e-36
3.037496168857235546e+01 1.207747256338379939e-36
3.180566298147462945e+01 1.154100685801398711e-36
3.330375221746297854e+01 1.103527626321363542e-36
3.487240345872353942e+01 1.056055185115929975e-36
3.651494027001356812e+01 1.010758380364803116e-36
3.823484276043257779e+01 9.669539338244361260e-37
4.003575495686988717e+01 9.246242140650799172e-37
4.192149252475167742e+01 8.837282274059094632e-37
4.389605085244562588e+01 8.442083792951955646e-37
4.596361351645135329e+01 8.068697452631331491e-37
4.812856114531330576e+01 7.722013478910865192e-37
5.039548070103512600e+01 7.398219759494312563e-37
5.276917519766148956e+01 7.085510537126735188e-37
5.525467387761815274e+01 6.782470750287795229e-37
5.785724286737069377e+01 6.490038548277062973e-37
6.058239633497984045e+01 6.208098692264130720e-37
6.343590817319165609e+01 5.935988261136232619e-37
6.642382423281783588e+01 5.675687723029515086e-37
6.955247513232362166e+01 5.426715983963944751e-37
7.282848967076510860e+01 5.186920386509064182e-37
7.625880887249381601e+01 4.955321789957309809e-37
7.985070069338485155e+01 4.733186352398509083e-37
8.361177541974930705e+01 4.522919731573198338e-37
8.755000179255472403e+01 4.324060673844924416e-37
9.167372389111875464e+01 4.133634548299236460e-37
9.599167881204738251e+01 3.950035490859933908e-37
1.005130151808738503e+02 3.774066820106685119e-37
1.052473125356219157e+02 3.608190485302572809e-37
1.102046016233592809e+02 3.451844825123690491e-37
1.153953856527474784e+02 3.301802638045020114e-37
1.208306625476136418e+02 3.156037521020629994e-37
1.265219482486962903e+02 3.014708880083852178e-37
1.324813011129346592e+02 2.879605092751315957e-37
1.387213474619957481e+02 2.750608812306459512e-37
1.452553083341732645e+02 2.627899235453932069e-37
1.520970274963345332e+02 2.511373145987219600e-37
1.592610007752690819e+02 2.400208857567833948e-37
1.667624067705829987e+02 2.292740162100026365e-37
1.746171390142099540e+02 2.188819104302382925e-37
1.828418396446807037e+02 2.090146825389691399e-37
1.914539346674932290e+02 1.997372372599543615e-37
2.004716708762949224e+02 1.909579896011339024e-37
2.099141545131022610e+02 1.824633560368351382e-37
2.198013917494660348e+02 1.742419173491277639e-37
2.301543310743570885e+02 1.663835169202520266e-37
2.409949076785743500e+02 1.589253020145540441e-37
2.523460899297215860e+02 1.518471061615339818e-37
2.642319280362141853e+02 1.450999513795185810e-37
2.766776050034278569e+02 1.386631599910938225e-37
2.897094899899505549e+02 1.325097039948729558e-37
3.033551941769820246e+02 1.266073669899717552e-37
3.176436292692609982e+02 1.209629685532598269e-37
3.326050687514604647e+02 1.156370158630772057e-37
3.482712120298429568e+02 1.106069207373997967e-37
3.646752515950745988e+02 1.057342145108303243e-37
3.818519433484937622e+02 1.009689872185974616e-37
3.998376802408457706e+02 9.635932492513638907e-38
4.186705693794953049e+02 9.200259331571377983e-38
4.383905127674972846e+02 8.788520936631229373e-38
4.590392918455797258e+02 8.398135631524762236e-38
4.806606560161715720e+02 8.028406757270647873e-38
5.033004153370305858e+02 7.675898223839394697e-38
5.270065375808597992e+02 7.333521417561696468e-38
5.518292498665693984e+02 7.001607294956066138e-38
5.778211450774996365e+02 6.687667652035423928e-38
6.050372932920880658e+02 6.392564764014942448e-38
6.335353584630722708e+02 6.111928689432671788e-38
6.633757205924312075e+02 5.839859446427644919e-38
6.946216036609399680e+02 5.576277758543258676e-38
7.273392095833671647e+02 5.323146301029849736e-38
7.615978584731511773e+02 5.080584571373237684e-38
7.974701355137202654e+02 4.849241896849607973e-38
8.350320447476551635e+02 4.630641958746908928e-38
8.743631701095271183e+02 4.423879734275935725e-38
9.155468440435895445e+02 4.226233031556365055e-38
9.586703240636007877e+02 4.036944495158383782e-38
1.003824977628837928e+03 3.856252908418643732e-38
1.051106475728025998e+03 3.684466604299332459e-38
1.100614995581330049e+03 3.521035099121064025e-38
1.152455432889872100e+03 3.364707919249272661e-38
1.206737624082497405e+03 3.215213457180144283e-38
1.263576579030651828e+03 3.072045506306716184e-38
1.323092724724434674e+03 2.934384865329601702e-38
1.385412160426141554e+03 2.802196484298020525e-38
1.450666924841859782e+03 2.676600008257501535e-38
1.518995275877199447e+03 2.557175806911744722e-38
1.590541983569921058e+03 2.443105948161232091e-38
1.665458636820055290e+03 2.333765623442479414e-38
1.743903964567418370e+03 2.228995128600630807e-38
1.826044172097050023e+03 2.128860643769518107e-38
1.912053293185052325e+03 2.033367062470470691e-38
2.002113558830988495e+03 1.942625427047676685e-38
2.096415783358048884e+03 1.856714543455582235e-38
2.195159768699088090e+03 1.775217169679778926e-38
2.298554727725043904e+03 1.696781786093326155e-38
2.406819727512680856e+03 1.620999984971819085e-38
2.520184153490887184e+03 1.548331338270236757e-38
2.638888195448828355e+03 1.479331167405404928e-38
2.763183356435769383e+03 1.413686226170062751e-38
2.893332985630722760e+03 1.350355476456191082e-38
3.029612836311026058e+03 1.289208059343730753e-38
3.172311650101935811e+03 1.230609657931218781e-38
3.321731768745153659e+03 1.174875284643683714e-38
3.478189774682527059e+03 1.121862494185541425e-38
3.642017161812039831e+03 1.071459826934950997e-38
3.813561037837304866e+03 1.023517842823389557e-38
3.993184859698720174e+03 9.777903466147978695e-39
4.181269203644344998e+03 9.340561526108454347e-39
4.378212571572184970e+03 8.922168772037510444e-39
4.584432235352231146e+03 8.520769734517579361e-39
4.800365120917276727e+03 8.135767061443244362e-39
5.026468733995521688e+03 7.767702878674804249e-39
5.263222129446407052e+03 7.416859265202914847e-39
5.511126926253562488e+03 7.082749207685446428e-39
5.770708370325168289e+03 6.766410724587158239e-39
6.042516447353707008e+03 6.467513963457758394e-39
6.327127048092816040e+03 6.181607824355189091e-39
6.625143188520369222e+03 5.905007338102273327e-39
6.937196287472754193e+03 5.639081532655278807e-39
7.263947504457429204e+03 5.390467919384578364e-39
7.606089140478359695e+03 5.157742585173567397e-39
7.964346104842074965e+03 4.935464231034850197e-39
8.339477451052327524e+03 4.719934383381692194e-39
8.732277985047352558e+03 4.511313015726778770e-39
9.143579949187416787e+03 4.310522089636093785e-39
9.574254785560284290e+03 4.118108881614945778e-39
1.002521498234071260e+04 3.934823967769442100e-39
1.049741600711612591e+04 3.760864649389435223e-39
1.099185833127433762e+04 3.595727071539784051e-39
1.150958954974263725e+04 3.438613367134012016e-39
1.205170660056960151e+04 3.288967734255238670e-39
1.261935808905198246e+04 3.144674720513542373e-39
1.321374672133119020e+04 3.004408999790198229e-39
1.383613185261527906e+04 2.868991742402226838e-39
1.448783215542586368e+04 2.741443194800814808e-39
1.517022841352279465e+04 2.621433779568637895e-39
1.588476644742638382e+04 2.506917527260128303e-39
1.663296017773594940e+04 2.396653773191194540e-39
1.741639483273441510e+04 2.290682875486000905e-39
1.823673030707559155e+04 2.189153956239580299e-39
1.909570467866989566e+04 2.092161001445946850e-39
1.999513789122044182e+04 2.000345094906248125e-39
2.093693561021119604e+04 1.913870692532613303e-39
2.192309326051728931e+04 1.832118627879295096e-39
2.295570025419256854e+04 1.753835879761410629e-39
2.403694441739120521e+04 1.678821915074169683e-39
2.516911662580320626e+04 1.606923175925774391e-39
2.635461565842556956e+04 1.537999423925705803e-39
2.759595327995207117e+04 1.472109770227872279e-39
2.889575956255070196e+04 1.409359181330691238e-39
3.025678845830357750e+04 1.349434569388889798e-39
3.168192363411683618e+04 1.292161904391970305e-39
3.317418458146203193e+04 1.237417173855203198e-39
3.473673301389451080e+04 1.185068196362236984e-39
3.637287956590402609e+04 1.134936172178676072e-39
3.808609080728953268e+04 1.086865099802222993e-39
3.987999658792081755e+04 1.041053266468723508e-39
4.175839772844772233e+04 9.975283748877386908e-40
4.372527407325288368e+04 9.562093030495207955e-40
4.578479292270862061e+04 9.168241657189903925e-40
4.794131786260424997e+04 8.793669312232162985e-40
5.019941800945216528e+04 8.433928914781241334e-40
5.256387769125922205e+04 8.086793488177853437e-40
5.503970658427593298e+04 7.753615520717209205e-40
5.763215032719953160e+04 7.438236919457546040e-40
6.034670163532123115e+04 7.140085674390153114e-40
6.318911193816371815e+04 6.856105897756652226e-40
6.616540356526680989e+04 6.584680539701881276e-40
6.928188250594114652e+04 6.325804606161302447e-40
7.254515177002214477e+04 6.077485311746543929e-40
7.596212537793314550e+04 5.839376964112780418e-40
7.954004300970083568e+04 5.613759739133028236e-40
8.328648534395707247e+04 5.400955306241337724e-40
8.720939011942935758e+04 5.198948754449325803e-40
9.131706895294784044e+04 5.003961916589276096e-40
9.561822494960470067e+04 4.813846131093588220e-40
1.001219711423740664e+05 4.630538320437727643e-40
1.048378498002624401e+05 4.455518272038325227e-40
1.097758526459007844e+05 4.292914479522429431e-40
1.149464420254101569e+05 4.136680928171378446e-40
1.203605730753974494e+05 3.989169935396422719e-40
1.260297169340450346e+05 3.850452048027614633e-40
1.319658850454760250e+05 3.718903933301715363e-40
1.381816546088855830e+05 3.589776085130595476e-40
1.446901952263600542e+05 3.466446908972271214e-40
1.515052968058465340e+05 3.352871605874333953e-40
1.586413987783873163e+05 3.241295991576997372e-40
1.661136206915246730e+05 3.139585722795563293e-40
1.739377942436990270e+05 3.043862283898023081e-40
1.821304968275066349e+05 2.952409198075581280e-40
1.907090866528918559e+05 2.864714718802259821e-40
1.996917395246862143e+05 2.781102388139368616e-40
2.090974873524226132e+05 2.700707458475401176e-40
2.189462584740099846e+05 2.626308020501514655e-40
2.292589198787064524e+05 2.556949125528605937e-40
2.400573214188551356e+05 2.492924643815137107e-40
2.513643421040472167e+05 2.436074821307010511e-40
2.632039385758049320e+05 2.379314649139484089e-40
2.756011958654836635e+05 2.327018422858789396e-40
2.885823805429443601e+05 2.280962974413441164e-40
3.021749963685948169e+05 2.239216662229416091e-40
3.164078425667161937e+05 2.201707988775254010e-40
3.313110748435462592e+05 2.165072473403415903e-40
3.469162692793912720e+05 2.121618463224237074e-40
3.632564892301402870e+05 2.094719010558947057e-40
3.803663553799374495e+05 2.072519103067314669e-40
3.982821190934213810e+05 2.054871165075490173e-40
4.170417392229574034e+05 2.041081555408775592e-40
4.366849625335882884e+05 2.032666226458732524e-40
4.572534079161159461e+05 2.028035978579067752e-40
4.787906545667246100e+05 2.026853613959993181e-40
5.013423343199812807e+05 2.029369416386302180e-40
5.249562283308525803e+05 2.038504441017106788e-40
5.496823683105647797e+05 2.055256527703583494e-40
5.755731425308132311e+05 2.079947307038752410e-40
6.026834068209060933e+05 2.113367368568132989e-40
6.310706007930319756e+05 2.155850546896788542e-40
6.607948695418845164e+05 2.206391210671767148e-40
6.919191910764996428e+05 2.263867120941560086e-40
7.245095097543154843e+05 2.328270014280372757e-40
7.586348760001414921e+05 2.399065419028597782e-40
7.943675926060861675e+05 2.474607250431157146e-40
8.317833679223968647e+05 2.548511442477981346e-40
8.709614762638097163e+05 2.605863110246701137e-40
9.119849258712386945e+05 2.603337038443235511e-40
9.549406347846828867e+05 2.419391182549306069e-40
9.999196150000006892e+05 1.751971866464575620e-40
