1.056583745000000130e-01 1.901332670504531938e-37
1.106294724880940022e-01 2.245888941289629508e-37
1.158344545892474181e-01 2.579901127959049093e-37
1.212843247664624896e-01 2.884521107559989709e-37
1.269906047058145804e-01 3.171966568970784195e-37
1.329653581746928492e-01 3.403732476256135931e-37
1.392212165260667267e-01 3.501287955208933534e-37
1.457714054026969519e-01 3.498429633977386895e-37
1.526297726977473013e-01 3.427852323689690963e-37
1.598108178309091409e-01 3.330569213549029204e-37
1.673297224019319185e-01 3.221029300933786088e-37
1.752023822863650881e-01 3.108152091176804165e-37
1.834454412413656366e-01 2.989820719752485929e-37
1.920763260926177107e-01 2.865865179610366443e-37
2.011132835767544536e-01 2.748446136138709123e-37
2.105754189171706314e-01 2.638124868143855838e-37
2.204827362147805669e-01 2.532678374121476200e-37
2.308561807391117104e-01 2.435259256856793973e-37
2.417176832091431915e-01 2.346337167411949368e-37
2.530902061575036610e-01 2.259751240185014736e-37
2.649977924760482662e-01 2.175718158137059484e-37
2.774656162454460784e-01 2.094199208437323660e-37
2.905200359562376544e-01 2.018691502124297210e-37
3.041886502338787546e-01 1.949174875353206961e-37
3.185003561855793142e-01 1.881707232928009247e-37
3.334854104922907458e-01 1.816388921976368107e-37
3.491754933749961487e-01 1.754704406877052343e-37
3.656037755705373038e-01 1.695295764850799765e-37
3.828049884585726925e-01 1.637652586350440558e-37
4.008154974879231669e-01 1.583728200165585106e-37
4.196733790575389311e-01 1.532095420778048310e-37
4.394185010146209325e-01 1.477351786272858627e-37
4.600926069400823049e-01 1.423801225477627519e-37
4.817394043995374964e-01 1.373024102970717453e-37
5.044046573463935035e-01 1.325766301830350130e-37
5.281362828723937808e-01 1.281331970315793887e-37
5.529844525101577091e-01 1.238216757698503700e-37
5.790016983018815289e-01 1.195944068263961092e-37
6.062430238584419762e-01 1.154463908107803410e-37
6.347660206436965824e-01 1.115128091652049082e-37
6.646309897298178226e-01 1.077809473071431285e-37
6.959010692810683185e-01 1.039975026319671776e-37
7.286423680355325061e-01 1.003394068645135043e-37
7.629241050670015900e-01 9.682556908761397278e-38
7.988187561224840971e-01 9.348467627255092461e-38
8.364022068447193314e-01 9.024920745131899620e-38
8.757539132036238350e-01 8.697204694173595674e-38
9.169570694758414353e-01 8.384476636002122850e-38
9.600987841275266943e-01 8.095524501488407811e-38
1.005270263972201317e+00 7.806549629596600362e-38
1.052567006993010645e+00 7.521042702609712861e-38
1.102089004237034819e+00 7.241976186840634530e-38
1.153940951208481502e+00 6.979982448000560815e-38
1.208232469207670023e+00 6.728824726811236031e-38
1.265078337083747284e+00 6.486563971592238192e-38
1.324598733891085178e+00 6.251290545622124529e-38
1.386919492962367606e+00 6.022149742204926505e-38
1.452172367935506525e+00 5.800260162937012495e-38
1.520495311296799823e+00 5.589326864110686379e-38
1.592032766029210844e+00 5.388961262296724782e-38
1.666935970982335702e+00 5.195851408559157148e-38
1.745363280609664836e+00 4.998433155495172809e-38
1.827480499749089216e+00 4.805859895999284057e-38
1.913461234154422153e+00 4.619550773533088426e-38
2.003487257519005471e+00 4.440059853583877733e-38
2.097748895767327149e+00 4.268383023491178772e-38
2.196445429427092755e+00 4.104852890215803706e-38
2.299785514932414454e+00 3.948731328276416347e-38
2.407987625748800653e+00 3.798351823842257104e-38
2.521280514252542737e+00 3.652906093172441411e-38
2.639903695340960699e+00 3.513627412757121349e-38
2.764107952795926693e+00 3.375576822846795390e-38
2.894155869471177756e+00 3.243348161591383009e-38
3.030322382424285976e+00 3.115548862903665320e-38
3.172895364166926413e+00 2.991761592940038031e-38
3.322176231262255364e+00 2.872915408181351156e-38
3.478480581556055107e+00 2.759676219006563836e-38
3.642138861388832360e+00 2.651519592279267271e-38
3.813497064199429243e+00 2.546999487201585932e-38
3.992917461997089301e+00 2.446109300382691365e-38
4.180779371248391385e+00 2.349059185190030520e-38
4.377479954798234374e+00 2.252789516213424972e-38
4.583435061520222398e+00 2.159969165755520284e-38
4.799080105471590585e+00 2.070637301071864934e-38
5.024870986411288598e+00 1.984494515001602360e-38
5.261285053627333674e+00 1.901770265728436323e-38
5.508822115111048134e+00 1.822732146319777050e-38
5.768005494211739581e+00 1.747119129912144874e-38
6.039383136005680441e+00 1.674195717263737147e-38
6.323528765718417155e+00 1.603814825158326668e-38
6.621043101649425999e+00 1.536376948093474202e-38
6.932555125163408327e+00 1.470728209818007581e-38
7.258723410433124634e+00 1.408060599248878476e-38
7.600237516745019128e+00 1.348227437829708583e-38
7.957819446311119371e+00 1.291127893589923232e-38
8.332225170669225633e+00 1.236702966291063190e-38
8.724246228898353550e+00 1.184855872851112442e-38
9.134711401028303257e+00 1.135442286672423056e-38
9.564488460181065577e+00 1.088243261409621254e-38
1.001448600714838655e+01 1.043014102577079154e-38
1.048565539128395585e+01 9.995201847545774967e-39
1.097899272177127372e+01 9.568421030086283212e-39
1.149554097351912851e+01 9.156175790474789504e-39
1.203639219213703804e+01 8.762153120127763137e-39
1.260268980265198557e+01 8.386626757705866688e-39
1.319563102684747236e+01 8.025569528118726377e-39
1.381646941433556464e+01 7.673090344839043748e-39
1.446651749271259035e+01 7.330171953517062618e-39
1.514714954240166556e+01 7.006031860005378594e-39
1.585980450204796455e+01 6.702418706394407072e-39
1.660598901060952315e+01 6.415416832707194726e-39
1.738728059257448422e+01 6.135830230265427700e-39
1.820533099303917979e+01 5.866225729953383420e-39
1.906186966969733021e+01 5.607947230384642408e-39
1.995870744912335581e+01 5.360441764612043961e-39
2.089774035507907612e+01 5.124071544533220984e-39
2.188095361693787311e+01 4.900440883057998876e-39
2.291042586670013748e+01 4.688683532050426176e-39
2.398833353347319175e+01 4.485489697368237983e-39
2.511695544470634189e+01 4.289736022675858732e-39
2.629867764390811757e+01 4.101451769153197412e-39
2.753599843503164379e+01 3.919163446823264515e-39
2.883153366419176677e+01 3.743973735511279110e-39
3.018802224988101202e+01 3.576636103745512139e-39
3.160833197337499456e+01 3.417029995201324892e-39
3.309546554156985110e+01 3.264474111036582357e-39
3.465256693506829322e+01 3.117925675969125428e-39
3.628292805493591544e+01 2.977169669321324063e-39
3.798999568217874412e+01 2.842303940773022208e-39
3.977737876465628375e+01 2.713173037137405761e-39
4.164885604683459519e+01 2.589872235774866586e-39
4.360838405850993382e+01 2.472348189238964603e-39
4.566010547939259112e+01 2.360881595811676509e-39
4.780835789723350615e+01 2.254330019078680486e-39
5.005768297801087385e+01 2.152089361560128129e-39
5.241283606756208968e+01 2.054245861554779726e-39
5.487879624496157760e+01 1.961066556523683794e-39
5.746077684889700521e+01 1.872358284773885425e-39
6.016423649929956952e+01 1.788295656109216615e-39
6.299489063752763940e+01 1.708869693393087312e-39
6.595872360950298230e+01 1.633435285792127059e-39
6.906200131734283332e+01 1.559931346986414608e-39
7.231128446623685591e+01 1.488608357471500771e-39
7.571344243457288314e+01 1.420427097316100837e-39
7.927566779663514751e+01 1.355605302048734003e-39
8.300549152857855972e+01 1.293787555693103368e-39
8.691079892982450872e+01 1.234806729872780974e-39
9.099984629354007382e+01 1.178526387702434770e-39
9.528127836144184926e+01 1.124573752590557371e-39
9.976414659982832234e+01 1.072726785486805611e-39
1.044579283354759411e+02 1.023024684952211557e-39
1.093725467918573315e+02 9.753604233495098958e-40
1.145183920680376275e+02 9.298984506336405339e-40
1.199063431046039483e+02 8.865030058229054777e-40
1.255477906830635106e+02 8.450283373377828086e-40
1.314546615073370504e+02 8.054484765969747215e-40
1.376394434182560644e+02 7.676300460516793385e-40
1.441152117943715041e+02 7.314933101971908302e-40
1.508956571948896510e+02 6.970147879151704814e-40
1.579951143031724428e+02 6.641448128158095039e-40
1.654285922319966460e+02 6.327612519375269810e-40
1.732118062546360875e+02 6.024041623116152414e-40
1.813612110288554788e+02 5.732186387797139150e-40
1.898940353840496300e+02 5.454524776116192005e-40
1.988283187450785192e+02 5.191943952110125605e-40
2.081829492697962962e+02 4.943089363185914391e-40
2.179777037809076603e+02 4.704867999711269776e-40
2.282332895765665626e+02 4.476548222846356877e-40
2.389713882081154566e+02 4.258692817864248295e-40
2.502147013175122652e+02 4.051549809713634247e-40
2.619869986313519234e+02 3.854201261707365275e-40
2.743131682129510409e+02 3.663403889332141638e-40
2.872192690787284164e+02 3.480617661145365844e-40
3.007325862901257096e+02 3.306041332432252556e-40
3.148816886375324771e+02 3.139020740990761734e-40
3.296964890381736382e+02 2.979922439213535320e-40
3.452083077756396392e+02 2.829682023818823716e-40
3.614499387147644711e+02 2.688006699542518700e-40
3.784557186318276649e+02 2.553502516151624899e-40
3.962615998066641509e+02 2.424706759215462175e-40
4.149052260301377260e+02 2.301279027616558760e-40
4.344260121876806124e+02 2.180641592878366870e-40
4.548652275871367010e+02 2.064547163343404649e-40
4.762660832070791912e+02 1.954363711444754098e-40
4.986738230500591271e+02 1.850285324405777995e-40
5.221358197939069896e+02 1.751654150213430638e-40
5.467016749433190625e+02 1.656382229955671409e-40
5.724233236934455817e+02 1.564090348439362771e-40
5.993551447271923962e+02 1.475778924159227551e-40
6.275540751783428277e+02 1.392656373687003104e-40
6.570797310035635519e+02 1.314337138699408215e-40
6.879945330177581582e+02 1.237300072749373851e-40
7.203638388592388537e+02 1.163285957241817585e-40
7.542560811636940343e+02 1.093210552970067233e-40
7.897429122390714156e+02 1.026445803335759718e-40
8.268993555472466142e+02 9.630152646916411658e-41
8.658039643127078762e+02 9.031717136189735997e-41
9.065389875936003818e+02 8.467996979048939321e-41
9.491905441661962186e+02 7.933377905237336507e-41
9.938488045904324508e+02 7.421578709597831152e-41
1.040608181841395890e+03 6.943463358521141236e-41
1.089567530909802826e+03 6.443568506539738982e-41
1.140830357793424128e+03 5.963799251882150983e-41
1.194505038321310394e+03 5.508812833542672803e-41
1.250705047273438140e+03 5.089257228578058043e-41
1.309549198280134533e+03 4.692750015273502882e-41
1.371161895008497140e+03 4.321347605945501727e-41
1.435673394166833759e+03 3.966998834133645384e-41
1.503220080883113951e+03 3.642433263200929198e-41
1.573944757039670321e+03 3.341291472225448718e-41
1.647996943173678346e+03 3.052076091814487070e-41
1.725533194581708585e+03 2.742182251682614870e-41
1.806717432296577499e+03 2.437415184136304019e-41
1.891721289636290521e+03 2.157208766670343995e-41
1.980724475057671725e+03 1.897923344459957578e-41
2.073915152081837277e+03 1.666126431480623591e-41
2.171490337094661754e+03 1.457382655001431574e-41
2.273656315863310738e+03 1.269385523528212091e-41
2.380629079649345840e+03 1.098678233322612201e-41
2.492634781840449250e+03 9.443685151159592065e-42
2.609910216066065914e+03 8.080270866422515086e-42
2.732703316807849205e+03 6.691634382412166800e-42
2.861273683563221311e+03 5.406371010795175574e-42
2.995893129670141661e+03 4.285891235607305049e-42
3.136846256953469947e+03 3.319474116787056218e-42
3.284431057407702156e+03 2.488596174967515598e-42
3.438959543188193493e+03 1.805836683287561802e-42
3.600758406242628098e+03 1.249019977378018392e-42
3.770169708977419759e+03 8.118646113072783537e-43
3.947551607419080483e+03 4.962894263898796640e-43
4.133279108399501638e+03 2.788258670658402832e-43
4.327744862365799236e+03 1.433068019093698051e-43
4.531359993490971647e+03 6.499957423063133252e-44
4.744554968840254332e+03 2.691894726550887635e-44
4.967780508430620102e+03 1.113817191787635329e-44
5.201508538107551431e+03 4.304598870446552669e-45
5.446233187253458709e+03 1.348707063865079534e-45
5.702471833437124587e+03 0.000000000000000000e+00
5.970766196212526665e+03 0.000000000000000000e+00
6.251683482379673478e+03 0.000000000000000000e+00
6.545817585128500468e+03 0.000000000000000000e+00
6.853790339601104279e+03 0.000000000000000000e+00
7.176252837526524672e+03 0.000000000000000000e+00
7.513886803707619038e+03 0.000000000000000000e+00
7.867406037269892295e+03 0.000000000000000000e+00
8.237557920719427784e+03 0.000000000000000000e+00
8.625124999999996362e+03 0.000000000000000000e+00
