1.056583745000000130e-01 2.145275071186556929e-36
1.106419301312738662e-01 2.490818096031413512e-36
1.158605435783387899e-01 2.826758111311387406e-36
1.213253017399578693e-01 3.133946264994909455e-36
1.270478144471940407e-01 3.426580204328774675e-36
1.330402391283947716e-01 3.664755597438569427e-36
1.393153066375427129e-01 3.767986176656973104e-36
1.458863483008438211e-01 3.771635171936666589e-36
1.527673242390137909e-01 3.707718116698552146e-36
1.599728530254326819e-01 3.613541377438445195e-36
1.675182427431766430e-01 3.501242100428086525e-36
1.754195235069068992e-01 3.373810757607394636e-36
1.836934815187086789e-01 3.241526327193011507e-36
1.923576947302308993e-01 3.107465056318557131e-36
2.014305701868915055e-01 2.977032445112681089e-36
2.109313831334846401e-01 2.850618063133210530e-36
2.208803179642704617e-01 2.727710126474976678e-36
2.312985111045444409e-01 2.611486455343366921e-36
2.422080959147888124e-01 2.502872934010727651e-36
2.536322497128038478e-01 2.400292689169445434e-36
2.655952430137172859e-01 2.304122831282215099e-36
2.781224910924823823e-01 2.211951904050480050e-36
2.912406079784075064e-01 2.123356417032155784e-36
3.049774629964299155e-01 2.036993269564682985e-36
3.193622399752530927e-01 1.955433603422255664e-36
3.344254992481364708e-01 1.877979403771463028e-36
3.501992425780570128e-01 1.803236938244152443e-36
3.667169811451756467e-01 1.735600774595151082e-36
3.840138067410474032e-01 1.675085167854741158e-36
4.021264663208259926e-01 1.612891226915667198e-36
4.210934400718504000e-01 1.550829670599983822e-36
4.409550231644671081e-01 1.491501362888876001e-36
4.617534113587675182e-01 1.435455395988768279e-36
4.835327906491133088e-01 1.381658184247601021e-36
5.063394311368956124e-01 1.328686231446403873e-36
5.302217853309616480e-01 1.277630151971790774e-36
5.552305910845481973e-01 1.230268810389657085e-36
5.814189793874074974e-01 1.183266943290201310e-36
6.088425872421319163e-01 1.135905872275315198e-36
6.375596758644811457e-01 1.091542596943521547e-36
6.676312544588269837e-01 1.049497833535880374e-36
6.991212098316756940e-01 1.007244776333442590e-36
7.320964421186312299e-01 9.676283478994468555e-37
7.666270069131507769e-01 9.309879566664027519e-37
8.027862640990416354e-01 8.958298475467299487e-37
8.406510337028942903e-01 8.611883404704085332e-37
8.803017590975600326e-01 8.260498216042116345e-37
9.218226779033944496e-01 7.925631514497908879e-37
9.653020009503471277e-01 7.613752563404170015e-37
1.010832099681101548e+00 7.314731816876910936e-37
1.058509702393399143e+00 7.025052250697692997e-37
1.108436099738463909e+00 6.735886098869421464e-37
1.160717359912108115e+00 6.456381970715992026e-37
1.215464553995690311e+00 6.190803642345496432e-37
1.272793991925657675e+00 5.939129032261191405e-37
1.332827469592993141e+00 5.699925769081956678e-37
1.395692527597521160e+00 5.472234648696100706e-37
1.461522722206803904e+00 5.253656198180926590e-37
1.530457909095264135e+00 5.039752980672868441e-37
1.602644540466346967e+00 4.831485015561203497e-37
1.678235976188948930e+00 4.634963679461170915e-37
1.757392809609123363e+00 4.448296776955760055e-37
1.840283208729240005e+00 4.272385399377959406e-37
1.927083273479444081e+00 4.100562713083784135e-37
2.017977409840420844e+00 3.931633907282952357e-37
2.113158721612292457e+00 3.768540686783753959e-37
2.212829420661958313e+00 3.612496424523361938e-37
2.317201256520443842e+00 3.463190987944875787e-37
2.426495966242931956e+00 3.320408817819211010e-37
2.540945745487200647e+00 3.184268607634637456e-37
2.660793741811279034e+00 3.052130922088236133e-37
2.786294571238309814e+00 2.920723271141646743e-37
2.917714859186071319e+00 2.793725403143800536e-37
3.055333806910353722e+00 2.675086106473921004e-37
3.199443784665592538e+00 2.564470808689221255e-37
3.350350952842918062e+00 2.457986612815123532e-37
3.508375912405248265e+00 2.353550516318634500e-37
3.673854386001231376e+00 2.251842194149865267e-37
3.847137931205086403e+00 2.154941308039456018e-37
4.028594687397605512e+00 2.062663625826631396e-37
4.218610157875056998e+00 1.974653543724047313e-37
4.417588028847580617e+00 1.889617857701162530e-37
4.625951027067010557e+00 1.808337969846831228e-37
4.844141817906186809e+00 1.729546103231097181e-37
5.072623945797673173e+00 1.653247889928471382e-37
5.311882819029862368e+00 1.580094478649875063e-37
5.562426740992650664e+00 1.510439569148174725e-37
5.824787990063565957e+00 1.444234737753907951e-37
6.099523950428521246e+00 1.381918639530874594e-37
6.387218296239679738e+00 1.323264458017822022e-37
6.688482231626085017e+00 1.267290081693560477e-37
7.003955789191513404e+00 1.212742178418947425e-37
7.334309189758153380e+00 1.160208388478930570e-37
7.680244266244903528e+00 1.109656524361391341e-37
8.042495954705277228e+00 1.061026153998973253e-37
8.421833855692659299e+00 1.014553602022963760e-37
8.819063869269955447e+00 9.704314855853587599e-38
9.235029907137253247e+00 9.284524544842549846e-38
9.670615685514871274e+00 8.880237844037027469e-38
1.012674660259076376e+01 8.490623552878033475e-38
1.060439170452089641e+01 8.115856095866316081e-38
1.110456574415936259e+01 7.753453607564934582e-38
1.162833133689196963e+01 7.406638424217081056e-38
1.217680121815335603e+01 7.078713544648121332e-38
1.275114060742373212e+01 6.768991245525725118e-38
1.335256968372748787e+01 6.474990489416948957e-38
1.398236617789290470e+01 6.194325586110349195e-38
1.464186808708015342e+01 5.926012854906240246e-38
1.533247651734459183e+01 5.666553258287105402e-38
1.605565866027438560e+01 5.414863745863235995e-38
1.681295091002616715e+01 5.172148894955855531e-38
1.760596212738113309e+01 4.939297754011801370e-38
1.843637705775567071e+01 4.716978461919427514e-38
1.930595991042833504e+01 4.503919448668772981e-38
2.021655810658705477e+01 4.300178656376438141e-38
2.117010620415935662e+01 4.106511497969275295e-38
2.216863000776381298e+01 3.923626089031721871e-38
2.321425087251427399e+01 3.750751171234213674e-38
2.430919021082032216e+01 3.585872962971207964e-38
2.545577421175856259e+01 3.427830992668232715e-38
2.665643878304103254e+01 3.276665096875363043e-38
2.791373472607989470e+01 3.132818696940635791e-38
2.923033315514283004e+01 2.996266681097314296e-38
3.060903117211187663e+01 2.865833814171911019e-38
3.205275780890217874e+01 2.740988615703296922e-38
3.356458025016462443e+01 2.620892214390466045e-38
3.514771034949291817e+01 2.504181385951934345e-38
3.680551145297854987e+01 2.390926069449915760e-38
3.854150554461021017e+01 2.282654037685155613e-38
4.035938072869810611e+01 2.179813558914255976e-38
4.226299906521935412e+01 2.081971336912777584e-38
4.425640477473076828e+01 1.988163335208474877e-38
4.634383283028016365e+01 1.898460053197489235e-38
4.852971795456964799e+01 1.812669932108683658e-38
5.081870404148533993e+01 1.730571807418340384e-38
5.321565402200950246e+01 1.652328570477207327e-38
5.572566019547478078e+01 1.578677237789759420e-38
5.835405504811006949e+01 1.509320819462719688e-38
6.110642258186077669e+01 1.442694626429993262e-38
6.398861017755233149e+01 1.378156880885263595e-38
6.700674101759973667e+01 1.316086741615054067e-38
7.016722709465526009e+01 1.257377674151824469e-38
7.347678283383086750e+01 1.201982881745281696e-38
7.694243935743585894e+01 1.148788239030548737e-38
8.057155942253487524e+01 1.097189290883970219e-38
8.437185306306112409e+01 1.047368954013483975e-38
8.835139396971617032e+01 1.000182454115010838e-38
9.251863664245550467e+01 9.555373255102834923e-39
9.688243435200004683e+01 9.128070352486445464e-39
1.014520579485321861e+02 8.716858019899078963e-39
1.062372155575367572e+02 8.322036631884639091e-39
1.112480732046285823e+02 7.943353998790777737e-39
1.164952764131853655e+02 7.580638733566452912e-39
1.219899728206692231e+02 7.237785632658903569e-39
1.277438358616853549e+02 6.916537032885106892e-39
1.337690895680919709e+02 6.613207932975258729e-39
1.400785345388495386e+02 6.317373712683209824e-39
1.466855751347814021e+02 6.028232293184023767e-39
1.536042479560217373e+02 5.750530769908057596e-39
1.608492516626500333e+02 5.487041816067501003e-39
1.684359782018661349e+02 5.236936756319915822e-39
1.763805455080483000e+02 4.999890830488717923e-39
1.846998317451632659e+02 4.775297392786539002e-39
1.934115111642796592e+02 4.559832696699489039e-39
2.025340916523594785e+02 4.351253435002706847e-39
2.120869540521028398e+02 4.150621355922405629e-39
2.220903933363791509e+02 3.961170823384944610e-39
2.325656617247200870e+02 3.782704991422352129e-39
2.435350138334746930e+02 3.613929761561327274e-39
2.550217539555477515e+02 3.453416380775946815e-39
2.670502855701667499e+02 3.299963405281232632e-39
2.796461631878609069e+02 3.152920977082914613e-39
2.928361466407957323e+02 3.011984735548222200e-39
3.066482579338036203e+02 2.876783291546535202e-39
3.211118407768874476e+02 2.747036750755240360e-39
3.362576229256784472e+02 2.622921338490702320e-39
3.521177814622838582e+02 2.505395210364252807e-39
3.687260111552176909e+02 2.394300712412977848e-39
3.861175960436425498e+02 2.288433415274732221e-39
4.043294843980031033e+02 2.186630551671253130e-39
4.234003672163046872e+02 2.089013044188578115e-39
4.433707604228009131e+02 1.995350048929669723e-39
4.642830909437216178e+02 1.905445814448177578e-39
4.861817868429077407e+02 1.819383752318319230e-39
5.091133717088452499e+02 1.737239342903520821e-39
5.331265634936236211e+02 1.658590160266619608e-39
5.582723780138005623e+02 1.582900613249436925e-39
5.846042373330570854e+02 1.510001133760371232e-39
6.121780832569096447e+02 1.440056357046974013e-39
6.410524961805857629e+02 1.373309712581374900e-39
6.712888195425632603e+02 1.309623810553658664e-39
7.029512901481707559e+02 1.249277152007577349e-39
7.361071746401203200e+02 1.192164995094508636e-39
7.708269124059029309e+02 1.137952492720900914e-39
8.071842652256539168e+02 1.086253316756117186e-39
8.452564739784107815e+02 1.037035507188585690e-39
8.851244227396875885e+02 9.901585781123760851e-40
9.268728106189880691e+02 9.454982424563826830e-40
9.705903317023252157e+02 9.029302542619052274e-40
1.016369863482034702e+03 8.623257666899534509e-40
1.064308664174193154e+03 8.235828951738859528e-40
1.114508579342855228e+03 7.863216255759650467e-40
1.167076258270068365e+03 7.504089539421240323e-40
1.222123380531330213e+03 7.159928387351275934e-40
1.279766893257891070e+03 6.833982839235747728e-40
1.340129259589897856e+03 6.524805769675198129e-40
1.403338718848273629e+03 6.228559315157440775e-40
1.469529558978045998e+03 5.943658793947274439e-40
1.538842401841895480e+03 5.670730363232286477e-40
1.611424501970099982e+03 5.411560477462464639e-40
1.687430059401476001e+03 5.164809208935080653e-40
1.767020547280041683e+03 4.927347349386431055e-40
1.850365054903276587e+03 4.698399221785106116e-40
1.937640646950888367e+03 4.474048527785137129e-40
2.029032739657150842e+03 4.259226522263383363e-40
2.124735494726107845e+03 4.066030350678990962e-40
2.224952231826388925e+03 3.875127255839580117e-40
2.329895860542103946e+03 3.681097278079391755e-40
2.439789332697370810e+03 3.504338600653121069e-40
2.554866116015531588e+03 3.328769590433487819e-40
2.675370690119312258e+03 3.170487214041914811e-40
2.801559065925612686e+03 3.015367120764117579e-40
2.933699329538510028e+03 2.862305856329599416e-40
3.072072211795804833e+03 2.717192838773416916e-40
3.216971684679284408e+03 2.585150189883382795e-40
3.368705585855585468e+03 2.450776412103370223e-40
3.527596272674685679e+03 2.320670814359662915e-40
3.693981307015226321e+03 2.202505796859614202e-40
3.868214172431838506e+03 2.086996490058959155e-40
4.050665025127812896e+03 1.979163736323574666e-40
4.241721480348787736e+03 1.868718277090718835e-40
4.441789435867902284e+03 1.753010999132763664e-40
4.651293934312099736e+03 1.646474611478090772e-40
4.870680066161511604e+03 1.544453522223331538e-40
5.100413915340234780e+03 1.442746670463363866e-40
5.340983549407640567e+03 1.346251557794597742e-40
5.592900056453571779e+03 1.255730541409192724e-40
5.856698630900613352e+03 1.167484229935673035e-40
6.132939710519891378e+03 1.082540086595538706e-40
6.422210167076320431e+03 9.980182561165095946e-41
6.725124553132455731e+03 9.151668798837511675e-41
7.042326407660154473e+03 8.311333479233561223e-41
7.374489623233403108e+03 7.478452402179027597e-41
7.722319877707328487e+03 6.646012694495042645e-41
8.086556133424543077e+03 5.844917518362541886e-41
8.467972207134243945e+03 5.045565067321699709e-41
8.867378413959197132e+03 4.273667335770962815e-41
9.285623288903034336e+03 3.535096847583405505e-41
9.723595389555608563e+03 2.836693635930687292e-41
1.018222518382569979e+04 2.200906256094242622e-41
1.066248702671212595e+04 1.630916531298874663e-41
1.116540123031228177e+04 1.128642955083382774e-41
1.169203623146645987e+04 7.149023306645430084e-42
1.224351086164242770e+04 4.070061190211369679e-42
1.282099672388330509e+04 1.993877035830441914e-42
1.342572068186782781e+04 9.206988469444507843e-43
1.405896746637172691e+04 3.942082855920753591e-43
1.472208240466688585e+04 1.496628977708158989e-43
1.541647427865746977e+04 4.152736459237858233e-44
1.614361831782488844e+04 8.763674104209828284e-45
1.690505933333975554e+04 8.723318376013966827e-46
1.770241500000000451e+04 0.000000000000000000e+00
