1.056583745000000130e-01 2.700836727484033788e-36
1.106324409303369172e-01 3.132981700954586720e-36
1.158406708803236956e-01 3.548929401961633170e-36
1.212940880374608621e-01 3.924208470719752442e-36
1.270042350500430739e-01 4.285147391578765303e-36
1.329831979582130896e-01 4.581507103837589293e-36
1.392436317751538921e-01 4.703693567496013580e-36
1.457987872725630130e-01 4.701460547935218498e-36
1.526625390271036387e-01 4.618574187355841439e-36
1.598494147871951376e-01 4.497720139194117894e-36
1.673746262222998993e-01 4.353467983800417957e-36
1.752541011197916720e-01 4.189238049512839853e-36
1.835045170975505013e-01 4.024408748573699929e-36
1.921433369036427419e-01 3.863669956904358098e-36
2.011888453777989638e-01 3.701591652034050724e-36
2.106601881529232556e-01 3.542203643679354078e-36
2.205774121785485931e-01 3.393329502798375141e-36
2.309615081520097202e-01 3.252197034224280978e-36
2.418344549471442839e-01 3.117887178676081826e-36
2.532192661345567530e-01 2.994474589800103238e-36
2.651400386919127716e-01 2.879943171029674780e-36
2.776220040073613671e-01 2.765729216809695087e-36
2.906915812840387137e-01 2.654272688624056777e-36
3.043764334586904763e-01 2.545604254937223685e-36
3.187055257527665053e-01 2.444914088926167662e-36
3.337091869799199695e-01 2.351993021851821611e-36
3.494191737396712405e-01 2.265309057071629256e-36
3.658687376331093422e-01 2.182344155341797893e-36
3.830926956428986063e-01 2.101578594333648761e-36
4.011275038265568194e-01 2.021897600861371482e-36
4.200113344789819791e-01 1.944321893413105972e-36
4.397841569275509621e-01 1.868706013343665062e-36
4.604878221307985298e-01 1.797518867821940587e-36
4.821661512597381072e-01 1.730582821915198088e-36
5.048650284493149121e-01 1.666495148699828351e-36
5.286324979163075088e-01 1.604018472912361684e-36
5.535188656492378012e-01 1.541385274866781443e-36
5.795768058855229610e-01 1.480398046402664800e-36
6.068614726012414584e-01 1.422377462438992799e-36
6.354306162494873789e-01 1.369511714084848973e-36
6.653447059944026520e-01 1.320657731209439308e-36
6.966670576996064623e-01 1.271900789296964044e-36
7.294639679419196998e-01 1.222866236157110710e-36
7.638048543340367758e-01 1.173342027091424355e-36
7.997624024531524434e-01 1.126902441074412735e-36
8.374127196865281952e-01 1.083015822987198155e-36
8.768354963196278717e-01 1.039553621671878185e-36
9.181141742077801871e-01 9.976958051643849549e-37
9.613361233883767065e-01 9.579535753107044111e-37
1.006592827007419588e+00 9.192775166864949705e-37
1.053980074951836210e+00 8.817117561535598218e-37
1.103598166597395958e+00 8.449925705894501329e-37
1.155552123101369011e+00 8.097853329007883694e-37
1.209951909689256588e+00 7.760138168819402385e-37
1.266912668406090070e+00 7.434960011391980067e-37
1.326554961824935930e+00 7.126526597380947014e-37
1.389005028228430083e+00 6.836385377521217497e-37
1.454395048803469592e+00 6.560960617934279105e-37
1.522863427414590243e+00 6.291617095485023373e-37
1.594555083548204966e+00 6.028712889818347425e-37
1.669621759047743570e+00 5.778506165043550791e-37
1.748222339288918903e+00 5.539748827303894935e-37
1.830523189474931423e+00 5.314017310813238241e-37
1.916698506763391707e+00 5.094786184477507770e-37
2.006930688970290255e+00 4.881634067377068341e-37
2.101410720631387452e+00 4.676907408531863201e-37
2.200338577238178495e+00 4.481928746663347075e-37
2.303923648504022648e+00 4.296540352696017986e-37
2.412385181556313984e+00 4.121719021916412534e-37
2.525952744992769450e+00 3.956432008610476899e-37
2.644866714784021688e+00 3.796864182773090646e-37
2.769378783051007709e+00 3.637873905773001908e-37
2.899752490793988002e+00 3.482666305113279148e-37
3.036263785700802131e+00 3.335042513427775565e-37
3.179201606214992371e+00 3.195083234807702517e-37
3.328868493100017201e+00 3.061360314218947099e-37
3.485581229794022295e+00 2.932620645586231916e-37
3.649671512910491966e+00 2.808554140452857815e-37
3.821486654303992037e+00 2.688113019153867428e-37
4.001390316186979490e+00 2.571441027192319440e-37
4.189763280853597394e+00 2.460081892251624836e-37
4.387004256639687405e+00 2.354310570197399353e-37
4.593530721824863328e+00 2.254715774884310027e-37
4.809779808262875989e+00 2.159534192948968793e-37
5.036209226610522727e+00 2.068145722188122611e-37
5.273298235113451859e+00 1.979775675959961554e-37
5.521548653999395206e+00 1.893525211576955908e-37
5.781485927625823251e+00 1.809609857186012996e-37
6.053660236630255653e+00 1.729479639104842634e-37
6.338647662437074004e+00 1.653190163114695979e-37
6.637051406585739777e+00 1.580530525316228553e-37
6.949503067461127337e+00 1.510671741269361430e-37
7.276663977128363214e+00 1.444060901375358675e-37
7.619226601101688701e+00 1.380621487145516206e-37
7.977916004010017659e+00 1.320309204771889131e-37
8.353491384261529262e+00 1.263130280665048985e-37
8.746747680955399673e+00 1.209212354683858574e-37
9.158517256441980336e+00 1.158290477768803099e-37
9.589671658092646211e+00 1.109213712404730630e-37
1.004112346300823333e+01 1.061646515092805315e-37
1.051382820957062769e+01 1.015766825353660385e-37
1.100878641992577833e+01 9.716127244428113946e-38
1.152704571767885255e+01 9.293996197384988568e-38
1.206970304528392646e+01 8.885887617314359372e-38
1.263790698582137573e+01 8.488369316281127959e-38
1.323286019407742309e+01 8.102992070140525334e-38
1.385582194207121987e+01 7.733114709407683975e-38
1.450811078441737578e+01 7.378601445289418603e-38
1.519110734916557703e+01 7.045505387064672948e-38
1.590625726002408591e+01 6.735974814026005752e-38
1.665507419615240181e+01 6.444741443512765975e-38
1.743914309599953683e+01 6.159322245588336193e-38
1.826012351196886030e+01 5.880685388371456430e-38
1.911975312301016316e+01 5.615345489874459083e-38
2.001985141257350875e+01 5.366038013590390136e-38
2.096232351970983743e+01 5.130977904401770853e-38
2.194916427146920057e+01 4.906923588385947235e-38
2.298246240513170946e+01 4.693125497324110008e-38
2.406440498920813909e+01 4.487923231206793905e-38
2.519728205256719633e+01 4.290128306687950360e-38
2.638349143148781550e+01 4.100054933023381794e-38
2.762554384489537185e+01 3.918936869107011319e-38
2.892606820852443406e+01 3.746856163023817084e-38
3.028781719925549254e+01 3.581444881381913046e-38
3.171367308140326102e+01 3.421106447680160455e-38
3.320665380728870275e+01 3.266416656926138532e-38
3.476991940500668932e+01 3.119917189646430466e-38
3.640677866690993625e+01 2.981447525447957523e-38
3.812069615296572778e+01 2.848805143471980197e-38
3.991529952380916768e+01 2.720414201769158070e-38
4.179438721901335185e+01 2.596541323468124545e-38
4.376193649682847564e+01 2.478438776472726751e-38
4.582211185240721107e+01 2.366250851926330925e-38
4.797927383233337650e+01 2.260104617515899715e-38
5.023798826411138663e+01 2.160030603506200068e-38
5.260303592015094409e+01 2.065435576719522947e-38
5.507942263670248195e+01 1.974704367408252744e-38
5.767238990916004582e+01 1.887469291641227595e-38
6.038742598615792190e+01 1.803567822568395284e-38
6.323027748594321196e+01 1.722851341547914338e-38
6.620696155961041995e+01 1.645363787822906570e-38
6.932377862694349346e+01 1.571888845129723094e-38
7.258732571182113702e+01 1.502513544885434552e-38
7.600451040541206282e+01 1.436188080902744515e-38
7.958256548671334940e+01 1.371598841183744421e-38
8.332906423137789886e+01 1.308844416510801332e-38
8.725193644123460501e+01 1.248648521868918168e-38
9.135948522842735997e+01 1.191091718683665305e-38
9.566040458969945348e+01 1.136394112842986544e-38
1.001637978080199645e+02 1.084954276678349994e-38
1.048791967205020228e+02 1.036517826132575996e-38
1.098165818933939164e+02 9.903610329833108785e-39
1.149864037468454967e+02 9.462568001092677762e-39
1.203996046741638253e+02 9.039949584070175092e-39
1.260676422023732215e+02 8.633068785514340828e-39
1.320025132431021859e+02 8.241866127404340732e-39
1.382167794851274607e+02 7.871613865561236972e-39
1.447235939823185618e+02 7.522927289542770922e-39
1.515367289932605672e+02 7.192661412584303261e-39
1.586706051314783963e+02 6.875629687015673050e-39
1.661403218879644044e+02 6.571135268419803156e-39
1.739616895906097511e+02 6.277158326294316356e-39
1.821512628681859383e+02 5.992941886177998529e-39
1.907263756897078224e+02 5.721020107103401704e-39
1.997051780533386989e+02 5.467612113417844328e-39
2.091066744024954005e+02 5.231322519828377520e-39
2.189507638504628062e+02 5.002149947530978193e-39
2.292582822986592817e+02 4.776275547324554836e-39
2.400510465376972604e+02 4.556237998817953024e-39
2.513519004245834196e+02 4.348271004668306952e-39
2.631847632337996856e+02 4.151941619015199882e-39
2.755746802846001060e+02 3.964067074089926217e-39
2.885478759516835225e+02 3.783017473423041296e-39
3.021318091714424554e+02 3.609444082213686954e-39
3.163552315612750476e+02 3.444657676208688540e-39
3.312482482749708197e+02 3.288298406415191947e-39
3.468423817229771089e+02 3.140420025931846620e-39
3.631706382924206196e+02 3.000798799976699282e-39
3.802675782080952445e+02 2.868367782136565497e-39
3.981693886822894228e+02 2.741378479857112940e-39
4.169139605082768867e+02 2.619511921530533663e-39
4.365409682595935124e+02 2.503779742907626352e-39
4.570919542648424567e+02 2.394502715275065190e-39
4.786104165357704687e+02 2.290581158541155229e-39
5.011419008347280055e+02 2.189130041420742528e-39
5.247340970763731320e+02 2.089922310475578974e-39
5.494369402676696836e+02 1.994419692221013387e-39
5.753027161998218162e+02 1.903610957332686255e-39
6.023861721158615410e+02 1.817438315651435704e-39
6.307446325881140865e+02 1.735571343462253150e-39
6.604381208508140162e+02 1.657760265632871503e-39
6.915294858446868602e+02 1.583719100986585759e-39
7.240845352423874601e+02 1.513002136696454469e-39
7.581721747363609438e+02 1.445327936556540415e-39
7.938645538839469964e+02 1.380707529281391732e-39
8.312372188184099286e+02 1.319030155742315886e-39
8.703692721491313478e+02 1.260359276481699545e-39
9.113435403893997773e+02 1.204760229750860508e-39
9.542467492661867254e+02 1.151970682454329636e-39
9.991697072829517765e+02 1.101074390013817563e-39
1.046207497924011250e+03 1.051872918830943031e-39
1.095459680907298434e+03 1.004447112261778384e-39
1.147030502911458598e+03 9.587299473812689989e-40
1.201029118223342493e+03 9.148031795508961933e-40
1.257569819772860228e+03 8.736779883535859844e-40
1.316772281044277406e+03 8.354024101064749988e-40
1.378761809375896746e+03 7.990998802213455819e-40
1.443669611184328232e+03 7.636463872021996890e-40
1.511633069674687931e+03 7.290143920395993031e-40
1.582796035624501201e+03 6.955405361631564352e-40
1.657309131856829936e+03 6.632965716237313740e-40
1.735330072047046542e+03 6.325230106717074833e-40
1.817023994538003308e+03 6.035852379804753085e-40
1.902563811870210202e+03 5.765601098885579952e-40
1.992130576766802278e+03 5.511006540105471262e-40
2.085913865347903993e+03 5.266664900176382270e-40
2.184112178385561492e+03 5.019644463978708079e-40
2.286933361448507185e+03 4.787392928105579383e-40
2.394595044825992773e+03 4.565107052143230653e-40
2.507325104161892341e+03 4.365934792520807732e-40
2.625362142774036329e+03 4.163765810784105333e-40
2.748955996679571854e+03 3.981837672157930798e-40
2.878368263395424037e+03 3.794967913993291827e-40
3.013872855632952451e+03 3.618583661108473748e-40
3.155756581058873053e+03 3.447689957366177672e-40
3.304319749349522226e+03 3.277131894572347666e-40
3.459876807823282888e+03 3.122149395543191923e-40
3.622757006996653217e+03 2.968027887458182404e-40
3.793305097472625221e+03 2.823436688593788341e-40
3.971882059636327540e+03 2.681176887762073882e-40
4.158865867702520518e+03 2.552504838048983490e-40
4.354652289732071949e+03 2.420368068562693994e-40
4.559655725310634807e+03 2.296544762121042602e-40
4.774310082662691457e+03 2.170977001880898347e-40
4.999069697057401754e+03 2.053094065147704263e-40
5.234410292450027555e+03 1.941465086600478059e-40
5.480829988394584689e+03 1.831324925739337650e-40
5.738850354358645745e+03 1.730497186956833177e-40
6.009017513672094537e+03 1.631059760087617303e-40
6.291903299446353230e+03 1.535684980995104550e-40
6.588106464910560135e+03 1.439404383202670793e-40
6.898253950726711082e+03 1.341569910214926017e-40
7.223002211966043433e+03 1.243679511923798090e-40
7.563038607555208728e+03 1.152463574877549647e-40
7.919082855133343401e+03 1.061838450307186932e-40
8.291888554399291024e+03 9.720261353669610186e-41
8.682244782173105705e+03 8.788776687905580666e-41
9.090977762548209284e+03 7.844922563865443954e-41
9.518952615669115403e+03 6.925757883346943118e-41
9.967075188835959125e+03 6.019961486777688221e-41
1.043629397381200215e+04 5.133263635160633460e-41
1.092760211439168233e+04 4.260642118900197760e-41
1.144203950847891247e+04 3.427704439208146597e-41
1.198069500912467083e+04 2.652260933594090955e-41
1.254470872918235546e+04 1.952030853425093582e-41
1.313527445445932972e+04 1.346613401633467982e-41
1.375364217047211969e+04 8.512094693851786795e-42
1.440112070815313018e+04 4.785126925147781672e-42
1.507908051410918597e+04 2.367535646654248070e-42
1.578895655129523038e+04 1.078759921325716300e-42
1.653225133624241789e+04 5.143726727580753448e-43
1.731053811926966955e+04 1.969924578200407016e-43
1.812546421440970153e+04 5.091527667972835825e-44
1.897875448609724845e+04 9.362138832323279406e-46
1.987221500000000378e+04 5.360069525895151977e-46
