1.056583745000000130e-01 3.915207223499522213e-36
1.106424751182798899e-01 4.611381191333139768e-36
1.158616849656265019e-01 5.312642570178599106e-36
1.213270945784928057e-01 5.987030462721972578e-36
1.270503176544144630e-01 6.724309490348504294e-36
1.330435157304838967e-01 7.471248273276293647e-36
1.393194240259539585e-01 8.050240149321441922e-36
1.458913785038846722e-01 8.506949855489647515e-36
1.527733442093377469e-01 8.875990755394787293e-36
1.599799449443362609e-01 9.163209055253402024e-36
1.675264943426467978e-01 9.419616565163969700e-36
1.754290284104168263e-01 9.732545572855581255e-36
1.837043396018131769e-01 1.003386383536111677e-35
1.923700125020724461e-01 1.028072546026939325e-35
2.014444611937858398e-01 1.049033938303490873e-35
2.109469683858211098e-01 1.068616000910375896e-35
2.208977263880279873e-01 1.090429117357362618e-35
2.313178800187956352e-01 1.112973574897702896e-35
2.422295715366400704e-01 1.135110957976173125e-35
2.536559876912955480e-01 1.155414682465862440e-35
2.656214089942948720e-01 1.174276466883275193e-35
2.781512613137326340e-01 1.192039045031021147e-35
2.912721699028487099e-01 1.209833000357223243e-35
3.050120159772412576e-01 1.228107159312511136e-35
3.193999959609288286e-01 1.248391013231066297e-35
3.344666835271610239e-01 1.268603792209678650e-35
3.502440945658075178e-01 1.284773226564476200e-35
3.667657552153788525e-01 1.296480350158112815e-35
3.840667731042434752e-01 1.304643122079931065e-35
4.021839119524246997e-01 1.315245173702054394e-35
4.211556696925014553e-01 1.326460414014008497e-35
4.410223602756173089e-01 1.333181308536087847e-35
4.618261993364288776e-01 1.338988721088773321e-35
4.836113938990287964e-01 1.345143573335297319e-35
5.064242363144622061e-01 1.350628969626283761e-35
5.303132026294496981e-01 1.354376072414124590e-35
5.553290555953444008e-01 1.355056782478455725e-35
5.815249525362115035e-01 1.357061426922316987e-35
6.089565583052450881e-01 1.360857464292019723e-35
6.376821635695468782e-01 1.357883948531503416e-35
6.677628086746163483e-01 1.349874051338854500e-35
6.992624133517588714e-01 1.341026615477268634e-35
7.322479125440297665e-01 1.333275911913541072e-35
7.667893986393401473e-01 1.325838612899434457e-35
8.029602704129619184e-01 1.311798161647318078e-35
8.408373889959230851e-01 1.293602463798253460e-35
8.805012412007232614e-01 1.276411337841801978e-35
9.220361105514223166e-01 1.259323145417570228e-35
9.655302563815358896e-01 1.242420172108357735e-35
1.011076101380307346e+00 1.228363179194021593e-35
1.058770427985886498e+00 1.214899880119378037e-35
1.108714584042734597e+00 1.197695488145252452e-35
1.161014698160270475e+00 1.178070215961135224e-35
1.215781905230379989e+00 1.157877728268156402e-35
1.273132582583003769e+00 1.138297926965896760e-35
1.333188597281623311e+00 1.118036922186174856e-35
1.396077565084123506e+00 1.096742849345768860e-35
1.461933121619327425e+00 1.074673104560816247e-35
1.530895206355419536e+00 1.052063873695550337e-35
1.603110359963690668e+00 1.028638828760501648e-35
1.678732035709477932e+00 1.004945233870919586e-35
1.757920925531986089e+00 9.808926231596609540e-36
1.840845301505905418e+00 9.567151927050396942e-36
1.927681373410391918e+00 9.322799494747461133e-36
2.018613663165250927e+00 9.076872161811296327e-36
2.113835396929953259e+00 8.826711652284603214e-36
2.213548915698694497e+00 8.572711375379751601e-36
2.317966105263982168e+00 8.319723053202270691e-36
2.427308846462390424e+00 8.073872801384788616e-36
2.541809486659249551e+00 7.836950304918104440e-36
2.661711333474126917e+00 7.602600557670330360e-36
2.787269171796266320e+00 7.367941098884084915e-36
2.918749805188580293e+00 7.137867005518234588e-36
3.056432622830684398e+00 6.915588069239654383e-36
3.200610193205679188e+00 6.697745469529978809e-36
3.351588885792221362e+00 6.481600819361652434e-36
3.509689522082978463e+00 6.267311403664212992e-36
3.675248057312803240e+00 6.057092388942585307e-36
3.848616294345302613e+00 5.853046482935017058e-36
4.030162631234752268e+00 5.655005279198827595e-36
4.220272844051867089e+00 5.459129203600801541e-36
4.419350906636947407e+00 5.264167274757618550e-36
4.627819849022246856e+00 5.071812204653494355e-36
4.846122656347754187e+00 4.882864524331148581e-36
5.074723210180457578e+00 4.698697545979986188e-36
5.314107274237391820e+00 4.521397468255503008e-36
5.564783526607073760e+00 4.351176642079503710e-36
5.827284640662693249e+00 4.186292238852306898e-36
6.102168416964022235e+00 4.025150412162840018e-36
6.390018968553174084e+00 3.867892727499426749e-36
6.691447962163010743e+00 3.716865833318356118e-36
7.007095917975585841e+00 3.571781655413287749e-36
7.337633570692630336e+00 3.433110137061992023e-36
7.683763294810244560e+00 3.300788513002977323e-36
8.046220597126398033e+00 3.173955342850574012e-36
8.425775679652812045e+00 3.050292772102888486e-36
8.823235076252231579e+00 2.929628860585926917e-36
9.239443366478930386e+00 2.811960843193661645e-36
9.675284970264248940e+00 2.697269645683215857e-36
1.013168602726071121e+01 2.586099166065906046e-36
1.060961636483833104e+01 2.479657253842729557e-36
1.111009155891490430e+01 2.377680396088173983e-36
1.163417509199948441e+01 2.279067214067708739e-36
1.218298061303475244e+01 2.183019650835973679e-36
1.275767430384028422e+01 2.089836983921536857e-36
1.335947735718541551e+01 2.000893701664234975e-36
1.398966857175729217e+01 1.916150385344321413e-36
1.464958706953832390e+01 1.835230401725097465e-36
1.534063514136750683e+01 1.757847780595609146e-36
1.606428122673196768e+01 1.683763647296170393e-36
1.682206303412080217e+01 1.612305544966454848e-36
1.761559080857188775e+01 1.543280234335010979e-36
1.844655075335476013e+01 1.477120172725596612e-36
1.931670861306069398e+01 1.413920577299107586e-36
2.022791342571364481e+01 1.353659319242762600e-36
2.118210145187536497e+01 1.296430153940764632e-36
2.218130028909352802e+01 1.242077825836186492e-36
2.322763318043591951e+01 1.189718294874129557e-36
2.432332352626637118e+01 1.138930412559137281e-36
2.547069960884925166e+01 1.089801662772530876e-36
2.667219953982244007e+01 1.042853740242087693e-36
2.793037644105152850e+01 9.979739440843564901e-37
2.924790386987482549e+01 9.550024866654432907e-37
3.062758150026688142e+01 9.138137811176349370e-37
3.207234107199298734e+01 8.742648303034697094e-37
3.358525262039659509e+01 8.358512846974809449e-37
3.516953100005692079e+01 7.985951286474078846e-37
3.682854271617981112e+01 7.633109175827178597e-37
3.856581307823765314e+01 7.302008896103757257e-37
4.038503369106005891e+01 6.988801604083493984e-37
4.229007029929285011e+01 6.687638954135988638e-37
4.428497100189455438e+01 6.397730373762702103e-37
4.637397485412633813e+01 6.119328712008130117e-37
4.856152087531319239e+01 5.852132377186892496e-37
5.085225748151816560e+01 5.595636258259140766e-37
5.325105236317292423e+01 5.350432154164591494e-37
5.576300282865489066e+01 5.116029010521672984e-37
5.839344663578961558e+01 4.891053903547276072e-37
6.114797333429500270e+01 4.674879408993816664e-37
6.403243614327017497e+01 4.467394223697840397e-37
6.705296438896675681e+01 4.268226158466141340e-37
7.021597652927329136e+01 4.076947773748516480e-37
7.352819379258804133e+01 3.893252456786351440e-37
7.699665446006346770e+01 3.716846142623434308e-37
8.062872882156987941e+01 3.548809740398598057e-37
8.443213483715933876e+01 3.390359269343805857e-37
8.841495453731074861e+01 3.240702347748221404e-37
9.258565119680361022e+01 3.097070829545389421e-37
9.695308731871595853e+01 2.958664384308444587e-37
1.015265434667598896e+02 2.826171729413849797e-37
1.063157379859742093e+02 2.700831046163428005e-37
1.113308476536776936e+02 2.582084559121831303e-37
1.165825293045658242e+02 2.468831160219605550e-37
1.220819424759043272e+02 2.360619816679877843e-37
1.278407731209373424e+02 2.256585970751803160e-37
1.338712584409006752e+02 2.155876577501218810e-37
1.401862128884082495e+02 2.058581467679141098e-37
1.467990553974649117e+02 1.965604601540467515e-37
1.537238378979700428e+02 1.876964390468434099e-37
1.609752751753022437e+02 1.791896932829378107e-37
1.685687761384369310e+02 1.709398872934490107e-37
1.765204765630377324e+02 1.629766342501721057e-37
1.848472733790997893e+02 1.555172011031008392e-37
1.935668605760059506e+02 1.485665734448526821e-37
2.026977668012892195e+02 1.420078469771325243e-37
2.122593947329992261e+02 1.357374819323382845e-37
2.222720623093345864e+02 1.297462512523411211e-37
2.327570459031555856e+02 1.240417609382741076e-37
2.437366255331160687e+02 1.186128043806497305e-37
2.552341322074881020e+02 1.134314788607902025e-37
2.672739975012842137e+02 1.084728300243699770e-37
2.798818054720218242e+02 1.037222843128943929e-37
2.930843470244514606e+02 9.915040469912613336e-38
3.069096768397678261e+02 9.474867637331115547e-38
3.213871729902803622e+02 9.049933346123005844e-38
3.365475993662142855e+02 8.639186742539795747e-38
3.524231710473000589e+02 8.243733642221945839e-38
3.690476227580633690e+02 7.869489080626580802e-38
3.864562805522751887e+02 7.516022786780009559e-38
4.046861368788910340e+02 7.179069772532578249e-38
4.237759291889872202e+02 6.855246262987031623e-38
4.437662222507355523e+02 6.544342479162982205e-38
4.646994943473231956e+02 6.247070817659836440e-38
4.866202275409881395e+02 5.962990421181221468e-38
5.095750021949794473e+02 5.692694800876267345e-38
5.336125959542886221e+02 5.436188731404708392e-38
5.587840873954876315e+02 5.191941216249468202e-38
5.851429645659177368e+02 4.956366596811735573e-38
6.127452386428778937e+02 4.729027616016794461e-38
6.416495629543225050e+02 4.513202860357919950e-38
6.719173576139842226e+02 4.310585624508430174e-38
7.036129400357716577e+02 4.119575444568256506e-38
7.368036616047663756e+02 3.937054522434683206e-38
7.715600507952434555e+02 3.762425620002611411e-38
8.079559630398390482e+02 3.594805590911835405e-38
8.460687376683164302e+02 3.433497051881282968e-38
8.859793622494281635e+02 3.279102164462307258e-38
9.277726446850817865e+02 3.133783082786956068e-38
9.715373934225143557e+02 2.997056216971915503e-38
1.017366606167399709e+03 2.865506400336694444e-38
1.065357667498900810e+03 2.737687385349139871e-38
1.115612555806600312e+03 2.614306853526996381e-38
1.168238059989009571e+03 2.497230988926256262e-38
1.223346006374172021e+03 2.386238973601505333e-38
1.281053496344496807e+03 2.280995524012056694e-38
1.341483155170833697e+03 2.180908084354708914e-38
1.404763392584472058e+03 2.084915711815622977e-38
1.471028675640828624e+03 1.990854065728019571e-38
1.540419814454619654e+03 1.898858144190908568e-38
1.613084261413662944e+03 1.811668513119101162e-38
1.689176424507172896e+03 1.730182237379112293e-38
1.768857995434332679e+03 1.653399717106586037e-38
1.852298293190320919e+03 1.579633822594338038e-38
1.939674623859958501e+03 1.508720820997523458e-38
2.031172657383485557e+03 1.440532049703569479e-38
2.126986822095042953e+03 1.375046513435525003e-38
2.227320717872294153e+03 1.312647182355790105e-38
2.332387548775083360e+03 1.254159829894994785e-38
2.442410576092415340e+03 1.199254403397039429e-38
2.557623592760537576e+03 1.146231971712907632e-38
2.678271420160203434e+03 1.094541986594826298e-38
2.804610428348725236e+03 1.044795465771667856e-38
2.936909080832417658e+03 9.980147647431592099e-39
3.075448505036875304e+03 9.539696297517252979e-39
3.220523089687444553e+03 9.117288674297710073e-39
3.372441110369241869e+03 8.710768295508140131e-39
3.531525384595930063e+03 8.319998522064493563e-39
3.698113957779357406e+03 7.944946505438158300e-39
3.872560821557655345e+03 7.585870519025853241e-39
4.055236666008132488e+03 7.249895880819208082e-39
4.246529667343505025e+03 6.936118146569193002e-39
4.446846312765217590e+03 6.635925318827213162e-39
4.656612264226539082e+03 6.337820822112997186e-39
4.876273262941038411e+03 6.043889339747719957e-39
5.106296076558396635e+03 5.767108774501738365e-39
5.347169491020154055e+03 5.509958829339699116e-39
5.599405349203277183e+03 5.268054247467507489e-39
5.863539638558298975e+03 5.036327746264174392e-39
6.140133630053466732e+03 4.814350294397133267e-39
6.429775070844997572e+03 4.601929943814419280e-39
6.733079433207676630e+03 4.398984796096594889e-39
7.050691222379929968e+03 4.206188798353195849e-39
7.383285346102370568e+03 4.024146232869582519e-39
7.731568548759877558e+03 3.851752505300616027e-39
8.096280913174932721e+03 3.684989912518863377e-39
8.478197433243329215e+03 3.522357068102914844e-39
8.878129660753869757e+03 3.365846700588806831e-39
9.296927429891715292e+03 3.217445913571474036e-39
9.735480663089783775e+03 3.076423858706005015e-39
1.019472126206526991e+04 2.940778865679840312e-39
1.067562508806016558e+04 2.810499505423159203e-39
1.117921403549306160e+04 2.686113339762872580e-39
1.170655820342915467e+04 2.567837337316513665e-39
1.225877816948250074e+04 2.455306747701086454e-39
1.283704737098223268e+04 2.348034026990381321e-39
1.344259459846299433e+04 2.245904278426416829e-39
1.407670660677792876e+04 2.148428857844605792e-39
1.474073084938245120e+04 2.055161597439890410e-39
1.543607834159947743e+04 1.966036555868677015e-39
1.616422665895016689e+04 1.881404568126045082e-39
1.692672307692119284e+04 1.800969337788658893e-39
1.772518785884089812e+04 1.724052543658872646e-39
1.856131769885066751e+04 1.649985144885775815e-39
1.943688932728730288e+04 1.578902240483554126e-39
2.035376328613821534e+04 1.511696208942798682e-39
2.131388788259190915e+04 1.448357065838805967e-39
2.231930332908423952e+04 1.388224250566149014e-39
2.337214607863900528e+04 1.330807563840958426e-39
2.447465336471384944e+04 1.275857628640665306e-39
2.562916795519955122e+04 1.222770436341143416e-39
2.683814313067427429e+04 1.171415049787788785e-39
2.810414789749074771e+04 1.122663416464239437e-39
2.942987244677490162e+04 1.076785503279522060e-39
3.081813387093557321e+04 1.033420839659434610e-39
3.227188214983195940e+04 9.917778211872775725e-40
3.379420641932020953e+04 9.516678362165688089e-40
3.538834153549895564e+04 9.129904914705373013e-40
3.705767494860179431e+04 8.756754602235100961e-40
3.880575390114460606e+04 8.398548844564895196e-40
4.063629296562278614e+04 8.060588211776742904e-40
4.255318193777479610e+04 7.744335945371965513e-40
4.456049410218674893e+04 7.444549661644671013e-40
4.666249488779953390e+04 7.156437105863463619e-40
4.886365093171309127e+04 6.880083036989014829e-40
5.116863957054708590e+04 6.616450536225280270e-40
5.358235877952572628e+04 6.363255564044536570e-40
5.610993758040839020e+04 6.122214020293295171e-40
5.875674694038168673e+04 5.893859234781659107e-40
6.152841118507130886e+04 5.677335659217305655e-40
6.443081994992775435e+04 5.470174816498044473e-40
6.747014069538102194e+04 5.270622140875258770e-40
7.065283181235712254e+04 5.085415157591519434e-40
7.398565634600716294e+04 4.910013210835805608e-40
7.747569636681009433e+04 4.740642984722801417e-40
8.113036801958545402e+04 4.579890578322220615e-40
8.495743728239809570e+04 4.419481521179264862e-40
8.896503646883723559e+04 4.271550904873665514e-40
9.316168150873998820e+04 4.136642823357667532e-40
9.755629004407867615e+04 4.003691972755131299e-40
1.021582003784629487e+05 3.881352640491560578e-40
1.069771913205263409e+05 3.762922489500241770e-40
1.120235029633624799e+05 3.651007643150134003e-40
1.173078584441633138e+05 3.544101669868445409e-40
1.228414867303019419e+05 3.444714737501084678e-40
1.286361464802768751e+05 3.351322096517539481e-40
1.347041510302191018e+05 3.263903475325541467e-40
1.410583945590608637e+05 3.188124338662999816e-40
1.477123794879639172e+05 3.108139778260579079e-40
1.546802451722270052e+05 3.034355255990816761e-40
1.619767979466458200e+05 2.963929633330305306e-40
1.696175425881686679e+05 2.901196878645281618e-40
1.776187152626998432e+05 2.846679240966455545e-40
1.859973180260701629e+05 2.805107267487877238e-40
1.947711549524763250e+05 2.722589626469946351e-40
2.039588699671692448e+05 2.680863801201641199e-40
2.135799864637802530e+05 2.645522291163615213e-40
2.236549487904660054e+05 2.616352733085547393e-40
2.342051656930352037e+05 2.591667191650528314e-40
2.452530558073679567e+05 2.569241558179239373e-40
2.568220952977924026e+05 2.548987054245679410e-40
2.689368677426555078e+05 2.531724054911053916e-40
2.816231163730889675e+05 2.518964141858655191e-40
2.949077987759688403e+05 2.511862772841039401e-40
3.088191441773201223e+05 2.514660748534229927e-40
3.233867134278850281e+05 2.527368967249216673e-40
3.386414618183154962e+05 2.550490506355655079e-40
3.546158048574837158e+05 2.583203054162697682e-40
3.713436871536668041e+05 2.618705752566928753e-40
3.888606545449914411e+05 2.644548763214667131e-40
4.072039296324048773e+05 2.658183712350684208e-40
4.264124908756681834e+05 2.656002204826935684e-40
4.465271554204613203e+05 2.632114138712772661e-40
4.675906658325954340e+05 2.576244012077390133e-40
4.896477809236305184e+05 2.469965298482272544e-40
5.127453708609124878e+05 2.283850202524377448e-40
5.369325167641277658e+05 1.985159586477934338e-40
5.622606150000001071e+05 1.408657415909888954e-40
