1.056583745000000130e-01 3.532391807151428011e-36
1.106349248208864655e-01 4.112307598155038387e-36
1.158458725874416811e-01 4.723366798791760197e-36
1.213022580100510811e-01 5.353429509224973020e-36
1.270156412972809068e-01 6.068780952319730782e-36
1.329981271479938887e-01 6.814055498648885490e-36
1.392623903970526822e-01 7.403102472646556622e-36
1.458217028689464123e-01 7.849525196783656694e-36
1.526899614962326512e-01 8.182976711687993489e-36
1.598817177623695629e-01 8.490778461912517176e-36
1.674122085313166086e-01 8.786986506431086883e-36
1.752973883292211488e-01 9.061588671452234184e-36
1.835539631465853971e-01 9.359594899228792578e-36
1.921994258325281646e-01 9.686588913878072681e-36
2.012520931561302961e-01 9.930760053793134893e-36
2.107311446133832700e-01 1.009883754023098120e-35
2.206566630619611336e-01 1.025032622668987378e-35
2.310496772699048573e-01 1.043758509222161100e-35
2.419322064683666063e-01 1.067588295119995799e-35
2.533273070028057017e-01 1.088056524938514488e-35
2.652591211814737115e-01 1.105967263773941798e-35
2.777529284246820773e-01 1.125077384435643774e-35
2.908351988232201202e-01 1.144409352425619631e-35
3.045336492193954636e-01 1.163153300290910826e-35
3.188773019295126909e-01 1.182808190588807291e-35
3.338965462322037725e-01 1.201691183998554035e-35
3.496232027528825559e-01 1.216125822097676479e-35
3.660905908807323694e-01 1.232801055406454245e-35
3.833335993610589854e-01 1.254275423110063710e-35
4.013887602125713050e-01 1.271430436725863544e-35
4.202943261261950503e-01 1.284287993131905184e-35
4.400903515093989582e-01 1.295663473036066030e-35
4.608187773477420701e-01 1.305414892871867306e-35
4.825235200634310773e-01 1.312921788931666305e-35
5.052505645591507388e-01 1.317471031326362250e-35
5.290480616442957418e-01 1.320552896693475042e-35
5.539664300500132255e-01 1.325318965028692155e-35
5.800584632491964099e-01 1.326038851647325068e-35
6.073794413077381327e-01 1.320583848471118288e-35
6.359872480040247300e-01 1.316971398483719468e-35
6.659424934648009442e-01 1.314568458302463865e-35
6.973086425772327956e-01 1.308815310888245673e-35
7.301521494492283493e-01 1.302559681462993246e-35
7.645425982028906109e-01 1.296815414050776925e-35
8.005528503993971645e-01 1.289160561803858337e-35
8.382591994076501463e-01 1.279517455108840343e-35
8.777415320437456092e-01 1.268636779639629945e-35
9.190834978237290009e-01 1.256363783312147683e-35
9.623726861882169192e-01 1.242808216043227412e-35
1.007700812074370234e+00 1.229741361489448866e-35
1.055163910228376523e+00 1.216557867089871575e-35
1.104862538670126959e+00 1.201014944842662668e-35
1.156901991741158486e+00 1.183544502746396127e-35
1.211392523187236003e+00 1.164168653336680387e-35
1.268449579748207823e+00 1.143291587269960223e-35
1.328194045750041186e+00 1.122435508005968129e-35
1.390752499217228211e+00 1.102231025217736742e-35
1.456257480048190445e+00 1.082187458646442384e-35
1.524847770821848636e+00 1.061042918431437694e-35
1.596668690830290727e+00 1.038761188924178480e-35
1.671872403960486642e+00 1.016234270721607668e-35
1.750618241077361192e+00 9.935008338407279429e-36
1.833073037591225640e+00 9.705764216727588168e-36
1.919411486924770927e+00 9.468334183665795879e-36
2.009816510628486430e+00 9.224554039202666966e-36
2.104479645928670983e+00 8.983803287293225352e-36
2.203601451529091371e+00 8.749567451071366237e-36
2.307391932526060785e+00 8.519512473407817765e-36
2.416070985337187782e+00 8.288418627115696492e-36
2.529868863586433037e+00 8.057207141840968705e-36
2.649026665932538549e+00 7.827323478400925070e-36
2.773796846874355904e+00 7.597517973298410322e-36
2.904443751615317648e+00 7.370236037885749824e-36
3.041244176120220022e+00 7.146132080132280270e-36
3.184487953550896755e+00 6.923985964727468559e-36
3.334478568323251402e+00 6.701718071627191835e-36
3.491533799086603995e+00 6.479422990600667468e-36
3.655986391987607220e+00 6.261026506935898874e-36
3.828184765645176402e+00 6.052308461574416265e-36
4.008493749329986144e+00 5.853323860380474909e-36
4.197295355912525672e+00 5.657293854788710588e-36
4.394989591217287384e+00 5.461593777155337908e-36
4.601995301497876056e+00 5.268994553784673906e-36
4.818751060828504684e+00 5.082206287768038638e-36
5.045716100291968154e+00 4.901703372161129823e-36
5.283371280932758651e+00 4.728159903751235397e-36
5.532220112536621492e+00 4.561655111448506720e-36
5.792789820395022993e+00 4.400084643775427232e-36
6.065632462314661133e+00 4.240113100911117058e-36
6.351326098238533113e+00 4.081394604506960372e-36
6.650476014956622883e+00 3.927525480552965236e-36
6.963716008500909993e+00 3.778746881935426496e-36
7.291709726941725478e+00 3.635179828508358157e-36
7.635152076430292922e+00 3.496574797666649152e-36
7.994770693466427325e+00 3.362772558261273450e-36
8.371327486510633520e+00 3.230691923179424903e-36
8.765620250206708874e+00 3.099955121013099963e-36
9.178484355634862979e+00 2.973054442095036578e-36
9.610794520176394684e+00 2.852651571499797181e-36
1.006346666073973140e+01 2.738102163492568011e-36
1.053745983427406507e+01 2.627438364328470366e-36
1.103377826968199038e+01 2.520006019944568426e-36
1.155347349543596636e+01 2.416282952562027330e-36
1.209764656740637356e+01 2.316573255820339787e-36
1.266745040162111202e+01 2.220865170561025184e-36
1.326409221689910467e+01 2.129459744179407487e-36
1.388883609253270635e+01 2.042270574383023032e-36
1.454300564643808791e+01 1.957746093999408592e-36
1.522798683944740006e+01 1.874422348356007413e-36
1.594523091168425211e+01 1.792998354865884479e-36
1.669625745724359689e+01 1.715873143820716864e-36
1.748265764369022790e+01 1.643080565104111469e-36
1.830609758319693015e+01 1.573555603966966553e-36
1.916832186246441694e+01 1.506273853726930032e-36
2.007115723890210646e+01 1.441425602368080601e-36
2.101651651090018547e+01 1.380199270712368996e-36
2.200640257039313497e+01 1.322575975932297287e-36
2.304291264630052183e+01 1.267719167354745341e-36
2.412824274783551459e+01 1.214832068189538357e-36
2.526469231709485186e+01 1.163668185084638497e-36
2.645466910078780387e+01 1.114250470325154959e-36
2.770069425142524722e+01 1.066493663114098676e-36
2.900540766877681875e+01 1.020623499032821791e-36
3.037157359291275327e+01 9.767859775699794657e-37
3.180208646068014389e+01 9.348150483248266400e-37
3.329997703802155229e+01 8.939455337616447447e-37
3.486841884112800471e+01 8.541105634445242557e-37
3.651073486003115676e+01 8.161543138236413432e-37
3.823040459887885589e+01 7.806731200090856691e-37
4.003107144781063198e+01 7.474316315639134936e-37
4.191655040205130689e+01 7.154582994039476017e-37
4.389083614457690885e+01 6.845833393193992081e-37
4.595811150947733381e+01 6.549244319021669605e-37
4.812275634394640633e+01 6.264237396202302391e-37
5.038935678767560944e+01 5.988828972026686485e-37
5.276271498931033221e+01 5.723478484582094111e-37
5.524785928055524664e+01 5.468019041123474640e-37
5.785005482948388789e+01 5.222254860664311454e-37
6.057481479562330406e+01 4.986550931838871379e-37
6.342791201044749982e+01 4.762127215891889213e-37
6.641539120802637797e+01 4.550666147021366369e-37
6.954358183174359453e+01 4.351358617457256792e-37
7.281911144421511040e+01 4.160612225000825980e-37
7.624891976882049960e+01 3.976376967983492837e-37
7.984027339259566247e+01 3.799200799874110770e-37
8.360078116163758466e+01 3.630746334335752469e-37
8.753841030163826531e+01 3.470723827008302359e-37
9.166150329770272265e+01 3.318644945534171275e-37
9.597879556921230915e+01 3.173808724163332487e-37
1.004994339771811553e+02 3.034760655458126189e-37
1.052329962033163469e+02 2.898915502602534481e-37
1.101895110418392107e+02 2.766229703934380938e-37
1.153794796470593838e+02 2.640546934656124186e-37
1.208138977817173583e+02 2.523347934432698302e-37
1.265042791132335509e+02 2.413513324520442221e-37
1.324626796072187176e+02 2.309029304948527427e-37
1.387017230699286188e+02 2.209478202282132529e-37
1.452346278937781960e+02 2.113194601813222072e-37
1.520752350625795941e+02 2.019506477859800154e-37
1.592380374758381834e+02 1.929003451230252248e-37
1.667382106542331144e+02 1.842956503673731342e-37
1.745916448913399392e+02 1.761133805695770768e-37
1.828149789197097164e+02 1.682266925123548988e-37
1.914256351626346770e+02 1.605767029569848654e-37
2.004418566462852596e+02 1.532153660096241987e-37
2.098827456504232316e+02 1.462785060960898949e-37
2.197683041795785641e+02 1.397424800711713285e-37
2.301194763404331525e+02 1.334951342085141903e-37
2.409581927151981517e+02 1.274904556475015561e-37
2.523074168249920604e+02 1.217572075126509736e-37
2.641911937816632872e+02 1.163639647209759602e-37
2.766347012311319986e+02 1.112874939943814302e-37
2.896643026961833698e+02 1.064506643529082530e-37
3.033076034317255107e+02 1.018267509575260903e-37
3.175935089108548368e+02 9.738094572868767767e-38
3.325522860656345756e+02 9.303638539760345042e-38
3.482156274123391881e+02 8.880194051414514988e-38
3.646167181970222941e+02 8.480713306371308093e-38
3.817903067036668858e+02 8.106699009455315250e-38
3.997727778738769757e+02 7.751206096177595533e-38
4.186022303940830511e+02 7.405220622095339977e-38
4.383185574135891898e+02 7.068687661750548201e-38
4.589635310644669630e+02 6.743979799883727316e-38
4.805808909623711429e+02 6.432379590575706719e-38
5.032164368757779016e+02 6.136434472915964610e-38
5.269181257599797163e+02 5.859814146614822134e-38
5.517361733614196737e+02 5.600785885476169349e-38
5.777231606076262551e+02 5.352110005992264602e-38
6.049341450081615221e+02 5.111499106577360136e-38
6.334267773025900397e+02 4.879928389650275901e-38
6.632614236026167873e+02 4.659129460812563872e-38
6.945012932871650264e+02 4.448687460900719811e-38
7.272125729213627210e+02 4.249120022270186519e-38
7.614645664831654130e+02 4.059771536711971024e-38
7.973298421947034740e+02 3.878690262547596919e-38
8.348843862694506015e+02 3.703615036072443385e-38
8.742077639009349923e+02 3.534555231799136202e-38
9.153832878340863317e+02 3.372660839819384894e-38
9.584981948763557966e+02 3.218862644048101765e-38
1.003643830722581129e+03 3.073101045416582709e-38
1.050915843485167670e+03 2.934674467346954677e-38
1.100414386339625707e+03 2.803265997273699084e-38
1.152244329714787455e+03 2.679325053496108112e-38
1.206515483477254520e+03 2.562016707533094079e-38
1.263342829580833495e+03 2.449879245930740690e-38
1.322846765673851905e+03 2.341637745889255094e-38
1.385153360180448544e+03 2.237303339757618587e-38
1.450394619396329290e+03 2.137603182654879126e-38
1.518708767164792107e+03 2.042321689525786942e-38
1.590240537725649574e+03 1.951502205849499035e-38
1.665141482357401173e+03 1.865366651557465935e-38
1.743570290462402454e+03 1.783461529430706032e-38
1.825693125775271255e+03 1.704044509164693325e-38
1.911683978406804727e+03 1.627021431052922132e-38
2.001725033469354912e+03 1.553116398836780311e-38
2.096007057064542096e+03 1.482951759982688494e-38
2.194729800451200845e+03 1.416322101240260231e-38
2.298102423249734329e+03 1.353008669011462225e-38
2.406343936579594356e+03 1.292802398672682863e-38
2.519683667068715295e+03 1.235538045464892493e-38
2.638361742717918332e+03 1.181072841649617711e-38
2.762629601649797223e+03 1.129181070920137159e-38
2.892750524819785369e+03 1.079175548009090008e-38
3.029000193818210391e+03 1.030905834360914306e-38
3.171667274944954897e+03 9.846908960697888388e-39
3.321054030794316532e+03 9.408050221701083798e-39
3.477476960645759846e+03 8.990355492265661893e-39
3.641267471017244588e+03 8.587734269392764809e-39
3.812772577801984880e+03 8.199241947587172587e-39
3.992355641476005530e+03 7.825546382945058735e-39
4.180397136934377158e+03 7.467029397907386040e-39
4.377295459586917787e+03 7.124448989745454657e-39
4.583467769421396952e+03 6.803221048313540079e-39
4.799350874822448532e+03 6.503039914666365810e-39
5.025402158018591763e+03 6.218815163050598658e-39
5.262100544118326070e+03 5.946488102202495288e-39
5.509947515788038800e+03 5.685995797565541750e-39
5.769468175721735861e+03 5.438746532623846314e-39
6.041212359153525540e+03 5.203430381603256481e-39
6.325755798769737339e+03 4.978587108234740372e-39
6.623701344489045368e+03 4.763300636465232421e-39
6.935680240694495296e+03 4.556538167404511577e-39
7.262353463623878270e+03 4.354621487346635783e-39
7.604413121751487779e+03 4.157661928259323913e-39
7.962583922128551421e+03 3.969225902427991741e-39
8.337624705788864958e+03 3.791323668717379156e-39
8.730330055472464664e+03 3.623150847117787403e-39
9.141531979073957700e+03 3.463506389819126916e-39
9.572101672381639219e+03 3.311991698250364428e-39
1.002295136484259456e+04 3.167384632588373429e-39
1.049503625226377699e+04 3.028818811146149592e-39
1.098935652054423372e+04 2.896271137288417552e-39
1.150695946472591822e+04 2.769819718418006597e-39
1.204894170785239839e+04 2.649252199881056774e-39
1.261645152433699695e+04 2.534732623313159047e-39
1.321069127276210747e+04 2.426199266017432643e-39
1.383291994326467466e+04 2.322873999379905396e-39
1.448445582490415291e+04 2.222915669590460334e-39
1.516667929866477243e+04 2.125967168089265510e-39
1.588103576200931820e+04 2.032642978535170544e-39
1.662903869118020521e+04 1.943219802691717539e-39
1.741227284773660358e+04 1.857950383752497226e-39
1.823239763612016759e+04 1.777494779013798353e-39
1.909115061936396160e+04 1.701571558677405773e-39
1.999035120039210233e+04 1.629136636414870896e-39
2.093190447671040965e+04 1.559622908565475108e-39
2.191780527665447516e+04 1.492898623476086407e-39
2.295014238574618139e+04 1.428788405193516608e-39
2.403110297211387297e+04 1.367278977965522899e-39
2.516297722035082188e+04 1.308876973326153211e-39
2.634816318363097525e+04 1.253697279214496601e-39
2.758917186436048723e+04 1.201521566067158416e-39
2.888863253413040729e+04 1.151689263704707159e-39
3.024929830424123065e+04 1.104087239363296882e-39
3.167405195860071035e+04 1.058293974307228189e-39
3.316591206135434186e+04 1.014100328355609977e-39
3.472803935218655533e+04 9.717968650823893569e-40
3.636374344284417748e+04 9.321516289572289980e-40
3.807648982906765741e+04 8.949942199452360081e-40
3.986990723278771475e+04 8.593875291834284317e-40
4.174779529014228319e+04 8.249399894585738268e-40
4.371413260160123900e+04 7.919388260102983687e-40
4.577308516125637107e+04 7.606556661493215397e-40
4.792901518313284760e+04 7.309362164304697415e-40
5.018649034322424995e+04 7.025185717123146544e-40
5.255029345683113934e+04 6.752753488873506601e-40
5.502543261170487676e+04 6.491496655708732354e-40
5.761715177846814186e+04 6.240646238489588168e-40
6.033094192078848573e+04 5.999504274777131549e-40
6.317255262884729746e+04 5.771815463887230496e-40
6.614800430074777978e+04 5.558519960151926933e-40
6.926360089767324098e+04 5.360623753981628630e-40
7.252594329981830379e+04 5.171958758992570076e-40
7.594194329138824833e+04 4.988874894736615392e-40
7.951883820429934713e+04 4.808993416034626718e-40
8.326420625160083000e+04 4.643691295439795013e-40
8.718598258310939127e+04 4.487783141085713913e-40
9.129247609726790688e+04 4.337376589904986892e-40
9.559238704485082417e+04 4.194287516189729447e-40
1.000948254618109786e+05 4.060309978902724296e-40
1.048093304703187168e+05 3.926027404481536281e-40
1.097458904888903489e+05 3.800132016808434253e-40
1.149149643944182317e+05 3.684130651859644117e-40
1.203275036809440498e+05 3.574854191759056333e-40
1.259949756621155830e+05 3.475398908412447684e-40
1.319293877664903703e+05 3.374161037937675858e-40
1.381433129771578242e+05 3.277549261302284760e-40
1.446499164695745567e+05 3.188367801757372713e-40
1.514629835040562903e+05 3.105685138200402587e-40
1.585969486320122378e+05 3.026412024203920226e-40
1.660669262778094271e+05 2.953047743424167721e-40
1.738887427610497107e+05 2.887446160644092749e-40
1.820789698271117522e+05 2.823419447409305386e-40
1.906549597569947364e+05 2.767514178805602956e-40
1.996348821308453917e+05 2.714437648785903601e-40
2.090377623230672325e+05 2.666765790659003950e-40
2.188835218105578970e+05 2.610850904395027336e-40
2.291930203794868430e+05 2.571304715320301370e-40
2.399881003200219129e+05 2.536228972869076892e-40
2.512916327026491344e+05 2.505455565788837999e-40
2.631275658341253875e+05 2.479027703322722660e-40
2.755209759957198403e+05 2.459759320221859706e-40
2.884981205712544033e+05 2.445404556374263700e-40
3.020864936774862581e+05 2.435167277462310044e-40
3.163148844147125492e+05 2.429224655247500059e-40
3.312134378609916894e+05 2.430816235455200039e-40
3.468137189392225700e+05 2.440934442862947214e-40
3.631487792923878878e+05 2.459678455465551032e-40
3.802532273086405476e+05 2.487210697151677416e-40
3.981633014446094166e+05 2.523659548330298935e-40
4.169169470022488385e+05 2.562927336929040361e-40
4.365538965219206875e+05 2.595957586223558764e-40
4.571157539620087482e+05 2.621116571689992888e-40
4.786460828434342984e+05 2.635236897501564821e-40
5.011904985458127339e+05 2.632800017528760017e-40
5.247967649507850874e+05 2.603589996240089257e-40
5.495148956373030087e+05 2.528011857340538866e-40
5.753972598432350205e+05 2.369853473419964427e-40
6.024986934178160736e+05 2.082167606685512291e-40
6.308766149999999907e+05 1.490964212708566888e-40
