1.056583745000000130e-01 1.240617482639465514e-36
1.106415009981028819e-01 1.455489042555270329e-36
1.158596448321585481e-01 1.661966882354019260e-36
1.213238900371036294e-01 1.847223624911466251e-36
1.270458434000791836e-01 2.023975801696943609e-36
1.330376591147981735e-01 2.167821837297722135e-36
1.393120645986770101e-01 2.227418348303823598e-36
1.458823875275716553e-01 2.226161426958313627e-36
1.527625841455420574e-01 2.184825266688054022e-36
1.599672689097802192e-01 2.126529664662595427e-36
1.675117455336702643e-01 2.057737165920980966e-36
1.754120394939213678e-01 1.979240686393059418e-36
1.836849320708218991e-01 1.897788183361887691e-36
1.923479959939218553e-01 1.815647229331808742e-36
2.014196327688591026e-01 1.735419747797105336e-36
2.109191117646168068e-01 1.658878987850733973e-36
2.208666111442384727e-01 1.588126459739563176e-36
2.312832607259432405e-01 1.522038718913318380e-36
2.421911868656840827e-01 1.459634673133619831e-36
2.536135594564850049e-01 1.399149606197642755e-36
2.655746411443903332e-01 1.341623996592921421e-36
2.780998388655683273e-01 1.287066901362024311e-36
2.912157578140388559e-01 1.235654875378259303e-36
3.049502579546617964e-01 1.186638013404708760e-36
3.193325132014258050e-01 1.140893985595192741e-36
3.343930733867408467e-01 1.096985995943907335e-36
3.501639291533656384e-01 1.052703667446729075e-36
3.666785799068081886e-01 1.011014341825596048e-36
3.839721049725411395e-01 9.728991507621679454e-37
4.020812381091766752e-01 9.370189273405921473e-37
4.210444455358804960e-01 9.030231604290510069e-37
4.409020076397614507e-01 8.695371227696083249e-37
4.616961045367987126e-01 8.369440989759985374e-37
4.834709056680445705e-01 8.050260218721024774e-37
5.062726636214210929e-01 7.746539726815354751e-37
5.301498123783994210e-01 7.459883453432026323e-37
5.551530701942487545e-01 7.190899876222330693e-37
5.813355473303902787e-01 6.928506634752772840e-37
6.087528588676900387e-01 6.670027425195916229e-37
6.374632428403249618e-01 6.426112941769563806e-37
6.675276839411502516e-01 6.193037870357625177e-37
6.990100430613389593e-01 5.956077121020513131e-37
7.319771929394489618e-01 5.722049496988861432e-37
7.664991602080588606e-01 5.492283807695612298e-37
8.026492741396937802e-01 5.275360096761046149e-37
8.405043224080025466e-01 5.068867914638229295e-37
8.801447141950378139e-01 4.868103291105765697e-37
9.216546509911076601e-01 4.678791182119455568e-37
9.651223054499933340e-01 4.501507082260620094e-37
1.010640008679451807e+00 4.328632958497516273e-37
1.058304446364828566e+00 4.160648595042672175e-37
1.108216864142377300e+00 3.995087481636199438e-37
1.160483282658519855e+00 3.837448141582203215e-37
1.215214722771873479e+00 3.688426048572559252e-37
1.272527441376390955e+00 3.547599640324506861e-37
1.332543178346542678e+00 3.412543600628816784e-37
1.395389415129078658e+00 3.282271063693884170e-37
1.461199645530663505e+00 3.155848292445738097e-37
1.530113659276562288e+00 3.031362403554942097e-37
1.602277838942701704e+00 2.909145488780405204e-37
1.677845470891822233e+00 2.791800344312612086e-37
1.756977070874205848e+00 2.677301631559750619e-37
1.839840724984580067e+00 2.568278561816390884e-37
1.926612446699450087e+00 2.463663092461223592e-37
2.017476550753244613e+00 2.363164967316682034e-37
2.112626044647451629e+00 2.266823638395208242e-37
2.212263038624346922e+00 2.174564918161381654e-37
2.316599174976156306e+00 2.085925751538229033e-37
2.425856077601578065e+00 1.999930663287258794e-37
2.540265822764563364e+00 1.916699364327863411e-37
2.660071432055318486e+00 1.837706999754166661e-37
2.785527388600639309e+00 1.761912441603949886e-37
2.916900177620094237e+00 1.690327192866831180e-37
3.054468852476242002e+00 1.620981545222549973e-37
3.198525627421273221e+00 1.553536768783807189e-37
3.349376498299132088e+00 1.488377969649844005e-37
3.507341892521597337e+00 1.425712671706142938e-37
3.672757349698922535e+00 1.365446256461118588e-37
3.845974234370822309e+00 1.307448749796977429e-37
4.027360482351705961e+00 1.251594686196804792e-37
4.217301382275535637e+00 1.197437881135765498e-37
4.416200394000377116e+00 1.143897934626704156e-37
4.624480005611054878e+00 1.092178372118188687e-37
4.842582630840323255e+00 1.043163895710355728e-37
5.070971548814761753e+00 9.969791147721969961e-38
5.310131888121560451e+00 9.535637575142478566e-38
5.560571657286469183e+00 9.127832601677686220e-38
5.822822823851820928e+00 8.743422085220838837e-38
6.097442444346683033e+00 8.375157627050961547e-38
6.385013847549382504e+00 8.021174202922435537e-38
6.686147873555782439e+00 7.682754618734544033e-38
7.001484171285309088e+00 7.356962066382221325e-38
7.331692557180734759e+00 7.047247524809001980e-38
7.677474437987837241e+00 6.750011652682127164e-38
8.039564300637053407e+00 6.463388350381065931e-38
8.418731272391916320e+00 6.185737309613926435e-38
8.815780754578145917e+00 5.915969972793755938e-38
9.231556133363699956e+00 5.654817093837540357e-38
9.666940571223744172e+00 5.406810577562405279e-38
1.012285888289576619e+01 5.172751462139605928e-38
1.060027949980970163e+01 4.948579848866277708e-38
1.110021652716571161e+01 4.728053721127225833e-38
1.162373189802919171e+01 4.514365693630462274e-38
1.217193762901847975e+01 4.313413300338673665e-38
1.274599818237686222e+01 4.125413326048401397e-38
1.334713293944595591e+01 3.947827533779423935e-38
1.397661879079467617e+01 3.777977924155842051e-38
1.463579284850546536e+01 3.615310594561638748e-38
1.532605528637906289e+01 3.457721972911219741e-38
1.604887231409081139e+01 3.304826642461409729e-38
1.680577929161597694e+01 3.158272705132397353e-38
1.759838399053948166e+01 3.019464571960652929e-38
1.842837000917775114e+01 2.888629915707020681e-38
1.929750034876647291e+01 2.762450863467806357e-38
2.020762115831088934e+01 2.640003254929886318e-38
2.116066565605302330e+01 2.521214700161637457e-38
2.215865823588561057e+01 2.406040832172235392e-38
2.320371876743532624e+01 2.294726173697786927e-38
2.429806709894910810e+01 2.190251169765074497e-38
2.544402777254866521e+01 2.092972084683120442e-38
2.664403496186854170e+01 2.001052299070053482e-38
2.790063764256628431e+01 1.911499750117934349e-38
2.921650500668740946e+01 1.824757860286522791e-38
3.059443213238607839e+01 1.741674682840905167e-38
3.203734592104466117e+01 1.662542690561174232e-38
3.354831131440349878e+01 1.587757676332298049e-38
3.513053780490669453e+01 1.518065928675620176e-38
3.678738625309321009e+01 1.453004527463879450e-38
3.852237602651371162e+01 1.389803051605934085e-38
4.033919247533766850e+01 1.327473528598080659e-38
4.224169476052971106e+01 1.266836043509256271e-38
4.423392405122324789e+01 1.209581129408352847e-38
4.632011210870395956e+01 1.155718310476725819e-38
4.850469027523610777e+01 1.104118991511137231e-38
5.079229888682610294e+01 1.054281993181049368e-38
5.318779712991617714e+01 1.006294265145876645e-38
5.569627336294589526e+01 9.605025445879737753e-39
5.832305592470559219e+01 9.168380782967061184e-39
6.107372445244008929e+01 8.755423203499729988e-39
6.395412173374395337e+01 8.366747931325370243e-39
6.697036611742336731e+01 7.999184916655010236e-39
7.012886450968646557e+01 7.644786340421749406e-39
7.343632598326878735e+01 7.303607067885270331e-39
7.689977602840028226e+01 6.977172784059283999e-39
8.052657147588556086e+01 6.665679220560386511e-39
8.432441612399586006e+01 6.368128071032416091e-39
8.830137710236614623e+01 6.083887204644467581e-39
9.246590200765685097e+01 5.812354088752249389e-39
9.682683684737783381e+01 5.552491040666339474e-39
1.013934448299911679e+02 5.303582774304801413e-39
1.061754260412037070e+02 5.065055437320149676e-39
1.111829380482456173e+02 4.835491146427136154e-39
1.164266174759008265e+02 4.614941433893856311e-39
1.219176026001196931e+02 4.403869931249727548e-39
1.276675570072057866e+02 4.202488191421475391e-39
1.336886943688323015e+02 4.010491336001276869e-39
1.399938043855125329e+02 3.827442236318750664e-39
1.465962799536339674e+02 3.652918052297833740e-39
1.535101456137597324e+02 3.486959315248499046e-39
1.607500873406273172e+02 3.329368254640919296e-39
1.683314837381218183e+02 3.179413283861381718e-39
1.762704387054860433e+02 3.036277436813749681e-39
1.845838156441549245e+02 2.899812321968647830e-39
1.932892732778734910e+02 2.769470353179626531e-39
2.024053031621872378e+02 2.644765602951267924e-39
2.119512689629769682e+02 2.525417616182559346e-39
2.219474475874733628e+02 2.411052505940944532e-39
2.324150722551179626e+02 2.301457432832634965e-39
2.433763775997593086e+02 2.196500301842014079e-39
2.548546468989869140e+02 2.096126935988616998e-39
2.668742615309251960e+02 2.000405778416127021e-39
2.794607527635380961e+02 1.909546859446129709e-39
2.926408559864563586e+02 1.823525653100235420e-39
3.064425675005172707e+02 1.741412999568958541e-39
3.208952039856498573e+02 1.662221606194791491e-39
3.360294647734211821e+02 1.585836697928435519e-39
3.518774970565200420e+02 1.512965300961259700e-39
3.684729641736910821e+02 1.443605084160226295e-39
3.858511171151639587e+02 1.377879088716411924e-39
4.040488694004706076e+02 1.315964632950743782e-39
4.231048754876925955e+02 1.257361125788927425e-39
4.430596128806971024e+02 1.199981989217878223e-39
4.639554681087651034e+02 1.143616575379824041e-39
4.858368267612446516e+02 1.089348398562527861e-39
5.087501677684750803e+02 1.038615596351413086e-39
5.327441621292477976e+02 9.911754489944738906e-40
5.578697762945107570e+02 9.457564723716445582e-40
5.841803804269251259e+02 9.020007941314175454e-40
6.117318617662220959e+02 8.597678582931103282e-40
6.405827433411704988e+02 8.188675790860979842e-40
6.707943082803112702e+02 7.793792319975421962e-40
7.024307299855134943e+02 7.422457362469493300e-40
7.355592084448582000e+02 7.077991705349218075e-40
7.702501129743909587e+02 6.753563221085569915e-40
8.065771316919598348e+02 6.438754914092543694e-40
8.446174280406225989e+02 6.132884817844755924e-40
8.844518046941144576e+02 5.839387240999011096e-40
9.261648751925265515e+02 5.559024479737210289e-40
9.698452436727741315e+02 5.292216559557372281e-40
1.015585693075625841e+03 5.040324855799530656e-40
1.063483382229070912e+03 4.801878715621631904e-40
1.113640052226655826e+03 4.572366797313120424e-40
1.166162242539164254e+03 4.353160013421592728e-40
1.221161517318693768e+03 4.143017733271378463e-40
1.278754702375828401e+03 3.939797770638409497e-40
1.339064133333263953e+03 3.744244207464044664e-40
1.402217915483036677e+03 3.560959460748133647e-40
1.468350195899276287e+03 3.389506266910303235e-40
1.537601448384522428e+03 3.220409808298936731e-40
1.610118771854856732e+03 3.060746175311496494e-40
1.686056202797661399e+03 2.900221164622885008e-40
1.765575042465705792e+03 2.744983424751288794e-40
1.848844199502566426e+03 2.599519000066952779e-40
1.936040548727160740e+03 2.459363504624042115e-40
2.027349306839504152e+03 2.322613466196165408e-40
2.122964425845734695e+03 2.197781996517179134e-40
2.223089005038097184e+03 2.075482608156896077e-40
2.327935722404986791e+03 1.961461525930718496e-40
2.437727286387418189e+03 1.851401665254565391e-40
2.552696908941530637e+03 1.747152511570152216e-40
2.673088800911927592e+03 1.648134011392513007e-40
2.799158690768184897e+03 1.545530326091391111e-40
2.931174367806277587e+03 1.444643208741598224e-40
3.069416250968840359e+03 1.350560386094860060e-40
3.214177984492483574e+03 1.261573774377592038e-40
3.365767061647397895e+03 1.175734049786257036e-40
3.524505477894156229e+03 1.096391218677634086e-40
3.690730414845112591e+03 1.019149239972394571e-40
3.864794956483208352e+03 9.445423304465220955e-41
4.047068839159547679e+03 8.740815381961190347e-41
4.237939236962821269e+03 8.045482342224181068e-41
4.437811584128820869e+03 7.305113619173264696e-41
4.647110436236943315e+03 6.609566881243140921e-41
4.866280372022984920e+03 5.964973287066163437e-41
5.095786937723810297e+03 5.363695037105321268e-41
5.336117635959734798e+03 4.785549867768664151e-41
5.587782961255316877e+03 4.182795244955665059e-41
5.851317484397908629e+03 3.610771030830529163e-41
6.127280987937476311e+03 3.070268146761561061e-41
6.416259655239547101e+03 2.559054017797058858e-41
6.718867315617025270e+03 2.080878110448724098e-41
7.035746748185697470e+03 1.641758497196072029e-41
7.367571047212984922e+03 1.254264231776943814e-41
7.715045051860125568e+03 9.111594870041157543e-42
8.078906843354764533e+03 6.210446667536071683e-42
8.459929312774123900e+03 3.965916785985672457e-42
8.858921802768958514e+03 2.281882714256061974e-42
9.276731826715513307e+03 1.171472694136250294e-42
9.714246868947211624e+03 5.295194647151647621e-43
1.017239626989001772e+04 2.210434970468282894e-43
1.065215320010562937e+04 9.140660621799320713e-44
1.115453672743594507e+04 2.584483419741784598e-44
1.168061398163927697e+04 6.003722590423015856e-45
1.223150242111661646e+04 5.098983135184178702e-46
1.280837220654262092e+04 0.000000000000000000e+00
1.341244868644328926e+04 0.000000000000000000e+00
1.404501500000000851e+04 0.000000000000000000e+00
