1.056583745000000130e-01 1.522881611349029323e-37
1.106355262377857057e-01 1.696349705528373577e-37
1.158471320786008257e-01 1.891480609696425384e-37
1.213042362359480347e-01 2.107732159263196007e-37
1.270184031729239271e-01 2.343421016397822085e-37
1.330017421091374552e-01 2.595610217658974793e-37
1.392669326820533682e-01 2.860091336829878551e-37
1.458272518171406795e-01 3.131481768559875004e-37
1.526966018637685163e-01 3.403446272290844744e-37
1.598895400564739611e-01 3.669037166240622454e-37
1.674213093640344874e-01 3.779324032985434351e-37
1.753078707917191670e-01 3.928526462904968654e-37
1.835659372051724192e-01 4.068004503880336607e-37
1.922130087476083271e-01 4.195189896655034474e-37
2.012674099253699278e-01 4.308595526367137733e-37
2.107483284404440271e-01 4.408460308296842297e-37
2.206758558522232683e-01 4.516822273671453189e-37
2.310710301546846368e-01 4.645807358709827534e-37
2.419558803592117002e-01 4.796009865053544452e-37
2.533534731775388682e-01 4.968360824899472110e-37
2.652879619037460390e-01 5.164153136449058962e-37
2.777846375988927696e-01 5.381697494730249003e-37
2.908699826867589544e-01 5.626400641415039193e-37
3.045717270742717142e-01 5.900953066174581576e-37
3.189189069155450307e-01 6.208617668898893901e-37
3.339419261440627062e-01 6.551366818951099945e-37
3.496726209034017874e-01 6.897619780360661593e-37
3.661443270130338434e-01 7.232131327590969368e-37
3.833919506121769571e-01 7.550809133294360765e-37
4.014520421314009546e-01 7.849729120372471253e-37
4.203628737487463685e-01 8.125254482135532135e-37
4.401645204944964473e-01 8.371293517177570783e-37
4.608989451764774481e-01 8.587882002260147065e-37
4.826100873058568608e-01 8.772910595593859085e-37
5.053439562118872130e-01 8.924880347819223085e-37
5.291487285429199439e-01 9.046604908214865802e-37
5.540748503603106778e-01 9.171379570352120734e-37
5.801751440415670036e-01 9.307455478328671731e-37
6.075049202192854825e-01 9.454684603853137806e-37
6.361220949930918023e-01 9.612983577176857653e-37
6.660873126629770491e-01 9.782334323366720572e-37
6.974640742441194918e-01 9.960362451112688320e-37
7.303188720355355823e-01 1.014954575604398643e-36
7.647213305277336115e-01 1.035012100555226053e-36
8.007443539479727201e-01 1.056235672016587755e-36
8.384642807558022604e-01 1.078730178067139180e-36
8.779610454162786182e-01 1.102978334655188155e-36
9.193183477936853754e-01 1.129169342547722233e-36
9.626238305247264426e-01 1.157411245885749985e-36
1.007969264747075488e+00 1.187830009969448914e-36
1.055450744576868605e+00 1.220571485798375205e-36
1.105168890747270094e+00 1.255594861932794129e-36
1.157229063839649630e+00 1.293296669315352651e-36
1.211741587559249655e+00 1.333902532390256746e-36
1.268821982528488324e+00 1.377664476806570532e-36
1.328591211093351099e+00 1.423684776284551269e-36
1.391175933661651376e+00 1.467623306397419677e-36
1.456708777116381359e+00 1.508706574381291886e-36
1.525328615872962645e+00 1.546547872183344218e-36
1.597180866176002967e+00 1.580796887315800123e-36
1.672417794259218660e+00 1.611147560313424969e-36
1.751198839021562481e+00 1.637161243333297813e-36
1.833690949903360012e+00 1.658819130565554557e-36
1.920068940678463454e+00 1.675989273146197321e-36
2.010515859912169301e+00 1.688598033940236297e-36
2.105223378869955031e+00 1.698495643113189267e-36
2.204392197699073908e+00 1.710284488288730444e-36
2.308232470743774023e+00 1.724169607919544506e-36
2.416964251895449500e+00 1.740143715112257781e-36
2.530817960921489362e+00 1.758216606935907839e-36
2.650034871761052457e+00 1.778415357561602407e-36
2.774867623822539375e+00 1.800621713234117174e-36
2.905580757366285294e+00 1.825058087266875491e-36
3.042451274107031534e+00 1.851812427300888325e-36
3.185769224224181517e+00 1.880987653479417910e-36
3.335838321023806952e+00 1.911036612239635627e-36
3.492976584554974284e+00 1.939158214106117114e-36
3.657517015544309302e+00 1.965192297786205481e-36
3.829808301076977894e+00 1.989032450140989389e-36
4.010215553519532072e+00 2.010582266554148364e-36
4.199121084250510449e+00 2.029756140616395809e-36
4.396925213838461133e+00 2.046331980464258490e-36
4.604047120384258562e+00 2.060392361583361409e-36
4.820925727825524199e+00 2.071893592528705282e-36
5.048020636085565727e+00 2.080799150281944880e-36
5.285813095037992682e+00 2.088638994802581466e-36
5.534807024350985927e+00 2.097085437968995765e-36
5.795530081372433528e+00 2.106112020959344831e-36
6.068534779318947692e+00 2.115716100707992461e-36
6.354399658138375706e+00 2.125899845114042839e-36
6.653730510527064546e+00 2.136670289969272729e-36
6.967161665699979523e+00 2.147895349767347073e-36
7.295357333634210129e+00 2.159733025506385771e-36
7.639013012634507938e+00 2.172212139893301519e-36
7.998856963203721193e+00 2.185344466774674212e-36
8.375651751341491646e+00 2.196887644850452032e-36
8.770195864541690867e+00 2.205163614858564897e-36
9.183325403913174867e+00 2.210084172508568608e-36
9.615915856009690899e+00 2.211612701337399908e-36
1.006888394812377108e+01 2.209733012826593719e-36
1.054318959097621544e+01 2.204449507421412490e-36
1.103983791291809169e+01 2.196568632296595770e-36
1.155988138995599357e+01 2.187885261401880930e-36
1.210442207611443877e+01 2.179239004272626424e-36
1.267461393886190812e+01 2.168659243202025212e-36
1.327166530454962512e+01 2.155670339024361616e-36
1.389684141904539949e+01 2.142139258989294585e-36
1.455146712898885752e+01 2.130732135478067623e-36
1.523692968935011294e+01 2.120965845909399051e-36
1.595468170324151913e+01 2.109038840208649428e-36
1.670624420021241718e+01 2.094042281992423244e-36
1.749320985955028362e+01 2.077094000585550206e-36
1.831724638541895089e+01 2.060147891206407681e-36
1.918010004098637467e+01 2.042959207650239984e-36
2.008359934903127453e+01 2.023672793872460624e-36
2.102965896687086911e+01 2.001885943299299308e-36
2.202028374382124554e+01 1.978021334944606330e-36
2.305757296978879367e+01 1.952752390538575514e-36
2.414372482399609865e+01 1.926649359998919144e-36
2.528104103326990071e+01 1.901724346649020097e-36
2.647193174976271379e+01 1.878424820471273064e-36
2.771892065844478026e+01 1.854892624992959668e-36
2.902465032518995969e+01 1.828715126599953252e-36
3.039188779678897134e+01 1.799988342853576715e-36
3.182353046475729741e+01 1.771036511816565976e-36
3.332261220536407365e+01 1.742433584988790075e-36
3.489230980889371381e+01 1.713066157579868410e-36
3.653594971176475781e+01 1.681187908475598535e-36
3.825701504577253331e+01 1.646710679943831610e-36
4.005915301939392492e+01 1.612297505467332345e-36
4.194618264679652953e+01 1.578589341842033339e-36
4.392210284093106765e+01 1.544218083037189612e-36
4.599110088785769790e+01 1.507624425218517216e-36
4.815756132026458403e+01 1.469576945687264411e-36
5.042607520898313567e+01 1.432694757974454808e-36
5.280144989219012075e+01 1.397546892138968097e-36
5.528871916291431887e+01 1.363511088362812752e-36
5.789315393643664720e+01 1.329807938088988032e-36
6.062027342018973286e+01 1.296638909126964130e-36
6.347585680982764700e+01 1.262887987771356914e-36
6.646595553625155617e+01 1.228348437768763817e-36
6.959690608954481661e+01 1.193857002662028849e-36
7.287534344699332678e+01 1.160686201213196091e-36
7.630821513364730890e+01 1.128393693588035834e-36
7.990279594522091600e+01 1.096184408037206340e-36
8.366670336453005064e+01 1.063912892061018697e-36
8.760791370413801360e+01 1.031566152860984938e-36
9.173477900941801977e+01 9.991006101847570853e-37
9.605604475785249008e+01 9.666859434358348319e-37
1.005808683920772069e+02 9.350441129822992950e-37
1.053188387259443175e+02 9.043381042546523348e-37
1.102799962647289647e+02 8.742372138374571302e-37
1.154748544825410903e+02 8.444905104491954841e-37
1.209144221020328160e+02 8.153651484321843641e-37
1.266102264236153587e+02 7.864875440077822859e-37
1.325743377536239223e+02 7.578012221185707470e-37
1.388193949831976965e+02 7.300346450485142467e-37
1.453586323720805069e+02 7.041547425184854958e-37
1.522059075941014044e+02 6.798004620209404916e-37
1.593757311037677482e+02 6.557520638952227646e-37
1.668832968862035102e+02 6.317491638297831195e-37
1.747445146555966460e+02 6.080938449918831103e-37
1.829760435703881853e+02 5.852291609049961985e-37
1.915953275366535138e+02 5.630862894652817584e-37
2.006206321744858485e+02 5.417000302037189533e-37
2.100710835257217184e+02 5.210623008944970001e-37
2.199667085850356045e+02 5.009142904324196186e-37
2.303284777402955967e+02 4.809017976143364982e-37
2.411783492121177233e+02 4.611772384378337933e-37
2.525393155867932933e+02 4.424828720022993523e-37
2.644354525412002772e+02 4.249416759069478697e-37
2.768919698629538857e+02 4.082099267403949747e-37
2.899352648739168785e+02 3.918583698547443130e-37
3.035929783702812301e+02 3.758758033876548011e-37
3.178940531977685851e+02 3.604121915370967559e-37
3.328687955860779653e+02 3.454955136871710440e-37
3.485489393725591754e+02 3.311496972239284838e-37
3.649677132512118192e+02 3.174346281503332298e-37
3.821599111895204715e+02 3.043730463996442210e-37
4.001619661623513480e+02 2.917267705552983206e-37
4.190120273591634259e+02 2.794321438270817728e-37
4.387500410281487575e+02 2.675129760896263036e-37
4.594178351286229827e+02 2.560089115407568807e-37
4.810592079710584130e+02 2.448895008494997367e-37
5.037200210326010392e+02 2.343580508663644861e-37
5.274482961447632761e+02 2.244370889643856433e-37
5.522943172592467818e+02 2.149655863843470564e-37
5.783107370075558720e+02 2.057324385128281402e-37
6.055526882802141699e+02 1.967827310691598944e-37
6.340779010620431109e+02 1.882955377972448362e-37
6.639468247710905189e+02 1.802927341282607441e-37
6.952227563604670877e+02 1.726864544765484741e-37
7.279719744545583353e+02 1.653692740082640659e-37
7.622638798038668710e+02 1.583260210372704891e-37
7.981711423561322363e+02 1.515324577365782593e-37
8.357698552553944182e+02 1.449781258725832769e-37
8.751396960953487678e+02 1.387184428921734270e-37
9.163640957687150603e+02 1.328351880972077130e-37
9.595304152704378566e+02 1.272703347684624486e-37
1.004730130829392465e+03 1.218024156928665550e-37
1.052059027760919207e+03 1.163840167893480150e-37
1.101617403450992015e+03 1.111407690341945024e-37
1.153510279902173806e+03 1.062598376838508244e-37
1.207847626291774532e+03 1.017159756009045207e-37
1.264744592013867532e+03 9.733895466452423586e-38
1.324321750698972437e+03 9.308317250083676591e-38
1.386705355728585573e+03 8.896244996919555000e-38
1.452027607785956661e+03 8.499854343147360042e-38
1.520426935010178340e+03 8.119539160323628939e-38
1.592048286347188878e+03 7.758732126722949873e-38
1.667043438719439564e+03 7.417435450544270090e-38
1.745571318665070521e+03 7.092060194774842669e-38
1.827798339128298721e+03 6.777614427224617424e-38
1.913898752114625950e+03 6.472951472649869010e-38
2.004055017958309008e+03 6.185555084539094169e-38
2.098458191984510904e+03 5.916497151177297023e-38
2.197308329385655725e+03 5.659619394136366246e-38
2.300814909169850125e+03 5.406409599625723520e-38
2.409197278079928765e+03 5.159160550380322778e-38
2.522685115423705156e+03 4.924998635121679868e-38
2.641518919800636013e+03 4.705069878164577245e-38
2.765950518756185375e+03 4.498070838116167162e-38
2.896243602444094449e+03 4.302604135226494569e-38
3.032674282427298294e+03 4.117196088655083576e-38
3.175531676801857884e+03 3.936958934608640181e-38
3.325118522883684818e+03 3.760687918603600916e-38
3.481751818756642933e+03 3.590088192030242799e-38
3.645763495041353963e+03 3.427687726087927008e-38
3.817501118308510740e+03 3.273056392620706574e-38
3.997328627627117839e+03 3.126210711488202945e-38
4.185627105808753186e+03 2.986846113487085795e-38
4.382795586981994347e+03 2.853394530626650873e-38
4.589251902208644424e+03 2.723728841727415626e-38
4.805433564933481648e+03 2.598233347762652473e-38
5.031798698144223636e+03 2.479523029467462094e-38
5.268827005206204376e+03 2.367948306227807713e-38
5.517020786429432519e+03 2.263020446076159810e-38
5.776906003521963612e+03 2.164269442865900936e-38
6.049033394185679754e+03 2.071107428032200050e-38
6.333979639216112446e+03 1.981750499111493090e-38
6.632348584579969611e+03 1.895630151249746653e-38
6.944772521059722749e+03 1.812610186186619920e-38
7.271913524177460204e+03 1.732595896925949499e-38
7.614464857237069737e+03 1.655629049479174897e-38
7.973152440458468845e+03 1.581134757781846876e-38
8.348736389316751229e+03 1.508946410689179634e-38
8.742012625346707864e+03 1.439972092253059483e-38
9.153814562825766188e+03 1.375588462147586855e-38
9.585014874910231811e+03 1.315001817446915231e-38
1.003652734296698873e+04 1.256396783190938894e-38
1.050930879302027279e+04 1.199295035132446383e-38
1.100436112341653825e+04 1.144048796602736406e-38
1.152273342800499449e+04 1.091284537130731798e-38
1.206552421933252117e+04 1.041201636016595849e-38
1.263388375656492281e+04 9.939705865318748945e-39
1.322901648306705283e+04 9.494963798287237193e-39
1.385218357880818985e+04 9.071585898052330282e-39
1.450470563300081085e+04 8.660411847746161710e-39
1.518796544263718351e+04 8.261579268269431022e-39
1.590341094285403960e+04 7.884774431886902372e-39
1.665255827533495176e+04 7.531567807981524924e-39
1.743699500125357008e+04 7.197881517506581840e-39
1.825838346556547913e+04 6.878196612273105988e-39
1.911846431977925386e+04 6.572400943835791685e-39
2.001906021067081019e+04 6.284873532838776178e-39
2.096207964275926497e+04 6.015937981179540875e-39
2.194952102272824413e+04 5.761179268506239868e-39
2.298347689436469591e+04 5.513907143537305980e-39
2.406613837298835278e+04 5.273570806788489443e-39
2.519979978877052417e+04 5.040640024758222764e-39
2.638686354878064958e+04 4.815214144354275068e-39
2.762984522806562381e+04 4.598420532230799115e-39
2.893137890054904710e+04 4.392145208376192990e-39
3.029422272104911826e+04 4.195206961351707447e-39
3.172126477024261112e+04 4.004163757894069444e-39
3.321552917496309965e+04 3.818109442361003265e-39
3.478018251680147659e+04 3.638338811926330278e-39
3.641854054259153054e+04 3.467226912636092140e-39
3.813407519099911588e+04 3.305682228884306305e-39
3.993042195010750584e+04 3.153610714527544804e-39
4.181138756158858450e+04 3.010498319109353524e-39
4.378095808778854553e+04 2.875658373786500190e-39
4.584330735882105364e+04 2.748180164161634634e-39
4.800280581757128675e+04 2.626680200690842063e-39
5.026402978135192825e+04 2.510314798682169010e-39
5.263177113984096650e+04 2.398739412909589458e-39
5.511104750984979182e+04 2.291855350850738846e-39
5.770711286844420101e+04 2.189715094647281059e-39
6.042546868694836303e+04 2.092479220494539616e-39
6.327187558942978649e+04 1.999755843076127123e-39
6.625236556036799448e+04 1.911267002186752659e-39
6.937325472738056851e+04 1.826616790120713091e-39
7.264115674609110283e+04 1.745248067862904282e-39
7.606299681550821697e+04 1.667051738530967257e-39
7.964602635361156717e+04 1.592910359993961984e-39
8.339783836424980836e+04 1.522910183677246160e-39
8.732638352791014768e+04 1.456314800367364684e-39
9.143998705046375107e+04 1.392000367075417160e-39
9.574736630558666366e+04 1.329813911797678674e-39
1.002576493082488450e+05 1.270092132890027936e-39
1.049803940584139054e+05 1.212875706626950405e-39
1.099256087959477882e+05 1.158314857164642104e-39
1.151037732096535037e+05 1.106770121184127448e-39
1.205258606453837419e+05 1.058102223198488117e-39
1.262033613602870901e+05 1.011357029887159388e-39
1.321483068724742334e+05 9.662131911463894133e-40
1.383732954576976190e+05 9.228893993290713601e-40
1.448915188470838766e+05 8.817748729100506628e-40
1.517167901824871660e+05 8.426229609148860338e-40
1.588635732887146005e+05 8.052834145778605747e-40
1.663470133246461919e+05 7.696588419432305389e-40
1.741829688782141893e+05 7.355454927531018152e-40
1.823880455732456758e+05 7.026723968770949411e-40
1.909796312593971961e+05 6.712145697713721617e-40
1.999759328597436834e+05 6.413319010097613252e-40
2.093960149541186402e+05 6.130025961550656499e-40
2.192598401799578860e+05 5.861947903974119149e-40
2.295883115362753742e+05 5.609184561347790829e-40
2.404033166804064822e+05 5.369874054405799207e-40
2.517277743114043842e+05 5.137918169803961649e-40
2.635856827383687487e+05 4.911509746347461431e-40
2.760021707366459887e+05 4.693294844795783735e-40
2.890035507996579981e+05 4.487690293807757329e-40
3.026173748992207111e+05 4.292669281980418029e-40
3.168724928725133650e+05 4.102195136077061560e-40
3.317991135594223742e+05 3.914664052703745397e-40
3.474288688198354794e+05 3.732914811240156631e-40
3.637948805665288237e+05 3.561935196396537718e-40
3.809318309557219036e+05 3.401821298829884500e-40
3.988760358840223635e+05 3.252560689609390438e-40
4.176655219475362683e+05 3.113589249628172007e-40
4.373401070262069697e+05 2.982073529411234131e-40
4.579414846641803742e+05 2.853278020521985648e-40
4.795133124249835964e+05 2.727863055630901721e-40
5.021013044087845483e+05 2.610177203031626207e-40
5.257533281277618371e+05 2.501149283620858174e-40
5.505195059449094115e+05 2.398604565239791028e-40
5.764523212912080344e+05 2.298869623555090024e-40
6.036067298862901516e+05 2.201341278941558119e-40
6.320402761982545489e+05 2.106974278825258080e-40
6.618132153894661460e+05 2.016048444602460630e-40
6.929886410067243269e+05 1.928905558660744727e-40
7.256326186864343472e+05 1.846216818832033633e-40
7.598143261580847902e+05 1.767883934128308457e-40
7.956061998427616199e+05 1.692587816378348485e-40
8.330840883573192405e+05 1.619845816098277066e-40
8.723274132495580707e+05 1.550294383747049635e-40
9.134193373049773509e+05 1.485199963370332851e-40
9.564469407818284817e+05 1.424109057129670641e-40
1.001501405947881052e+06 1.364960687802168374e-40
1.048678210310023045e+06 1.307097505853611502e-40
1.098077328946117545e+06 1.251145168449019900e-40
1.149803446367954137e+06 1.198195552870580790e-40
1.203966178364196559e+06 1.148299299835888180e-40
1.260680304293520981e+06 1.101110430273879947e-40
1.320066010320131900e+06 1.056401403414149810e-40
1.382249144107192289e+06 1.013863497711540252e-40
1.447361481507818680e+06 9.730112005808829743e-41
1.515541005818888778e+06 9.337160365221944216e-41
1.586932200189352967e+06 8.966178480020700836e-41
1.661686353802805534e+06 8.618313989459667817e-41
1.739961882483063964e+06 8.290642905114906357e-41
1.821924664402273484e+06 7.977658893303349140e-41
1.907748391602848656e+06 7.678944547103555501e-41
1.997614938078293344e+06 7.392138268963936607e-41
2.091714745192805072e+06 7.116117753111419812e-41
2.190247225256546400e+06 6.851792315316702528e-41
2.293421184111702722e+06 6.600966501916096989e-41
2.401455263624977320e+06 6.360303192529478719e-41
2.514578405024104286e+06 6.121964979588925701e-41
2.633030334060400724e+06 5.889296857526061523e-41
2.757062069025345612e+06 5.684415559104632713e-41
2.886936452697913162e+06 5.476457157755040808e-41
3.022928709349769633e+06 5.290163587278850484e-41
3.165327027988893446e+06 5.108783483081606180e-41
3.314433173077417072e+06 4.935962870581486363e-41
3.470563124018099625e+06 4.774362027281806552e-41
3.634047744764382485e+06 4.617636105118498441e-41
3.805233484973273240e+06 4.472311913597933970e-41
3.984483114186664578e+06 4.338769452178442941e-41
4.172176490597186610e+06 4.211983534525799141e-41
4.368711366027471609e+06 4.086949012113143620e-41
4.574504228828974999e+06 3.969082895444022813e-41
4.789991186486302875e+06 3.861031709435167042e-41
5.015628889797734097e+06 3.764120266315785991e-41
5.251895500590099953e+06 3.663816958276519579e-41
5.499291705019028857e+06 3.576241631634246590e-41
5.758341774601791054e+06 3.487531077174607497e-41
6.029594677231129259e+06 3.405865666437917572e-41
6.313625240524766035e+06 3.334049464827448492e-41
6.611035369975552894e+06 3.270889625624943085e-41
6.922455324484103359e+06 3.216163346576168293e-41
7.248545051976542920e+06 3.165706382008778425e-41
7.589995587938212790e+06 3.117737185826058147e-41
7.947530519826565869e+06 3.075763650642011040e-41
8.321907520467065275e+06 3.040220277780223758e-41
8.713919953681088984e+06 2.988196552317070686e-41
9.124398555548945442e+06 2.966063195637657770e-41
9.554213194870306179e+06 2.950224635991725962e-41
1.000427471655333042e+07 2.940715885163547016e-41
1.047553687183831260e+07 2.939914257794477455e-41
1.096899833944689482e+07 2.949932078422097903e-41
1.148570484193949029e+07 2.969919748390602811e-41
1.202675136176602729e+07 3.000595309764660157e-41
1.259328446170626767e+07 3.042895524904463514e-41
1.318650471461680904e+07 3.097607821407160074e-41
1.380766924763426371e+07 3.165163405348220535e-41
1.445809440622531064e+07 3.247161289507133533e-41
1.513915854373024218e+07 3.345711888236318727e-41
1.585230494231065176e+07 3.463796463361462938e-41
1.659904487149186432e+07 3.636826435143995699e-41
1.738096079078068957e+07 3.901356842252592797e-41
1.819970970314656198e+07 4.280602464362814182e-41
1.905702666647165269e+07 4.811722665339400526e-41
1.995472847041204944e+07 5.553867028847887369e-41
2.089471748646070436e+07 6.603387979394438553e-41
2.187898569937251508e+07 8.129161605784088758e-41
2.290961892849353328e+07 1.046974330591057155e-40
2.398880124794103205e+07 1.457259652483699751e-40
2.511881961499998719e+07 1.224173371667116347e-40
