1.056583745000000130e-01 8.037729094710779994e-36
1.106342765618582163e-01 9.386722927412093465e-36
1.158445150068604379e-01 1.073641817773128294e-35
1.213001257315702436e-01 1.201312487570350053e-35
1.270126643598394056e-01 1.325873436106347889e-35
1.329942307189757589e-01 1.435445394823558776e-35
1.392574944685974203e-01 1.505489258246639385e-35
1.458157219364589752e-01 1.543554422487348705e-35
1.526828042180908007e-01 1.558406942254959202e-35
1.598732865997697927e-01 1.567266377765562736e-35
1.674023993671429344e-01 1.570908812388191411e-35
1.752860900647599252e-01 1.562861519018645254e-35
1.835410572748442104e-01 1.550942632275231937e-35
1.921847859868502095e-01 1.537706306348142483e-35
2.012355846327232578e-01 1.521283473164730066e-35
2.107126238663072915e-01 1.501886858352705209e-35
2.206359771690397098e-01 1.480584719051495648e-35
2.310266633679412818e-01 1.460621985049775267e-35
2.419066911559588084e-01 1.442513108645628671e-35
2.532991057089598597e-01 1.419743836872278228e-35
2.652280374981201283e-01 1.394355378623313553e-35
2.777187534010938652e-01 1.369976108461408515e-35
2.907977102202260467e-01 1.344710078694573662e-35
3.044926107211652355e-01 1.317051591706913673e-35
3.188324623105727729e-01 1.289893722451106173e-35
3.338476384772145478e-01 1.263998291003536733e-35
3.495699431265754664e-01 1.239949302844199374e-35
3.660326779452640067e-01 1.214673060952166685e-35
3.832707129378932209e-01 1.187091741003615750e-35
4.013205602858432863e-01 1.160788331234063067e-35
4.202204516843469073e-01 1.135248528104078043e-35
4.400104193217075355e-01 1.107417460808470564e-35
4.607323806721727588e-01 1.079672205695980541e-35
4.824302272820645832e-01 1.052507394061243926e-35
5.051499177372262839e-01 1.024431908832448468e-35
5.289395750087014791e-01 9.957496887401889164e-36
5.538495883828350452e-01 9.674924228253336652e-36
5.799327201916958385e-01 9.399765252697437684e-36
6.072442175698889999e-01 9.131973715794814312e-36
6.358419294744714900e-01 8.865190307591277629e-36
6.657864292158329755e-01 8.600418798890684522e-36
6.971411427590769039e-01 8.335624982480539547e-36
7.299724830676588283e-01 8.073319016821710005e-36
7.643499907738380283e-01 7.811801376559919087e-36
8.003464814738994182e-01 7.550492241764025083e-36
8.380381999601320686e-01 7.293292376681345836e-36
8.775049817162489108e-01 7.047665767747007910e-36
9.188304220183116655e-01 6.812714517677286784e-36
9.621020529993371539e-01 6.586735991698696292e-36
1.007411529052628207e+00 6.364724490632342492e-36
1.054854820966538043e+00 6.147527948924342617e-36
1.104532419201862847e+00 5.935551536704893787e-36
1.156549546742432488e+00 5.731502377888950785e-36
1.211016381969741929e+00 5.535276601636844687e-36
1.268048292033693514e+00 5.345511694873704586e-36
1.327766077213762275e+00 5.158481015633288179e-36
1.390296226788165779e+00 4.973096759346567461e-36
1.455771186953002783e+00 4.790451213595154938e-36
1.524329641358841636e+00 4.612208454441964488e-36
1.596116804858967786e+00 4.438123859214245073e-36
1.671284731091490672e+00 4.266509322995115771e-36
1.749992634546793990e+00 4.095651390384482182e-36
1.832407227802514527e+00 3.929004367589303046e-36
1.918703074640347728e+00 3.770644941902329047e-36
2.009062959792627723e+00 3.620946929441461222e-36
2.103678276101843547e+00 3.477468953481091085e-36
2.202749429913144041e+00 3.339298253012031406e-36
2.306486265558498783e+00 3.206161792356514365e-36
2.415108509831622285e+00 3.077580844679429859e-36
2.528846237395115271e+00 2.953460632369827750e-36
2.647940358105600911e+00 2.834670199154413838e-36
2.772643127289082798e+00 2.720613822150319145e-36
2.903218680047324085e+00 2.611408122011010106e-36
3.039943590727004707e+00 2.506309132049375955e-36
3.183107458736645246e+00 2.405031122027446477e-36
3.333013521952144842e+00 2.307542850843845376e-36
3.489979299010194769e+00 2.213770778699641159e-36
3.654337261850019836e+00 2.123554027674348825e-36
3.826435539927966367e+00 2.036635594065057402e-36
4.006638657596552910e+00 1.952740229189948411e-36
4.195328306209834324e+00 1.871464920349644012e-36
4.392904152590489275e+00 1.792348203276156064e-36
4.599784685571057352e+00 1.716124183247614702e-36
4.816408102402411906e+00 1.643342750672081046e-36
5.043233236906965899e+00 1.573820132651981618e-36
5.280740531342554611e+00 1.506947506108500586e-36
5.529433054035544970e+00 1.442541197260824207e-36
5.789837564938581593e+00 1.380635884763240560e-36
6.062505631370003201e+00 1.321327679702227427e-36
6.348014796298155460e+00 1.264647539223810749e-36
6.646969801645189690e+00 1.210198319583512538e-36
6.960003869201430327e+00 1.157656081067538288e-36
7.287780041863451963e+00 1.107463419449659624e-36
7.630992588036756175e+00 1.059886592882440420e-36
7.990368472177740600e+00 1.014545582948542754e-36
8.366668894589748717e+00 9.703602889820682814e-37
8.760690903734651869e+00 9.271716936334610884e-37
9.173269084475030866e+00 8.856586022215175674e-37
9.605277325822900281e+00 8.464807174186459622e-37
1.005763067193917770e+01 8.095149977860921297e-37
1.053128726030464257e+01 7.744760938847193534e-37
1.102725035116755237e+01 7.411293912258557917e-37
1.154657045256662684e+01 7.094328267950808467e-37
1.209034754543035817e+01 6.792394491677383889e-37
1.265973341346573378e+01 6.503599596187901970e-37
1.325593408277131147e+01 6.224334401534024295e-37
1.388021237634205285e+01 5.953974572743152932e-37
1.453389058887664298e+01 5.693565770051950086e-37
1.521835328755286554e+01 5.443858788195287152e-37
1.593505024470339393e+01 5.204507291407399204e-37
1.668549950860375475e+01 4.975346045591785913e-37
1.747129061887675761e+01 4.755490770799766090e-37
1.829408797332397185e+01 4.543859650404098817e-37
1.915563435331563369e+01 4.339636794508790943e-37
2.005775461520613945e+01 4.143773323244013074e-37
2.100235955559399770e+01 3.958059835343008860e-37
2.199144995861330543e+01 3.782186546619464830e-37
2.302712083382931141e+01 3.615397243029719831e-37
2.411156585371469063e+01 3.456801437267300569e-37
2.524708200010523740e+01 3.305392836202109124e-37
2.643607442947700292e+01 3.160215620196746350e-37
2.768106156735003509e+01 3.020718049121567438e-37
2.898468044260919640e+01 2.886848514089207226e-37
3.034969227304086914e+01 2.758333272748861293e-37
3.177898831391632584e+01 2.635019147523841928e-37
3.327559598200972601e+01 2.517110218841040351e-37
3.484268526802219412e+01 2.404409892014473558e-37
3.648357545099418786e+01 2.296180856327599218e-37
3.820174212892809607e+01 2.192173655555842868e-37
4.000082458051274870e+01 2.092876347323986919e-37
4.188463347354282007e+01 1.999131304688672227e-37
4.385715893636051277e+01 1.910554974394048895e-37
4.592257900941567073e+01 1.826307513059360755e-37
4.808526849484589150e+01 1.745581322234785298e-37
5.034980822282087587e+01 1.667944318224790813e-37
5.272099475427844339e+01 1.593442019109106281e-37
5.520385054060355401e+01 1.521988109180632952e-37
5.780363456176982595e+01 1.453969850401747327e-37
6.052585346547640199e+01 1.389690292618676136e-37
6.337627323087409792e+01 1.328835369449144693e-37
6.636093138158599913e+01 1.270148230362085934e-37
6.948614977389121350e+01 1.213469335664288760e-37
7.275854798715820948e+01 1.159164276183247886e-37
7.618505734489122005e+01 1.107164306441643466e-37
7.977293559608683893e+01 1.057335599787879320e-37
8.352978228799813110e+01 1.009913981926880084e-37
8.746355486286789471e+01 9.647711496464832848e-38
9.158258551272511738e+01 9.212497624861012874e-38
9.589559882794581824e+01 8.790749088016937072e-38
1.004117302769593891e+02 8.384373436384251831e-38
1.051405455562430262e+02 7.997936037214895839e-38
1.100920608515896078e+02 7.630465951502336998e-38
1.152767640535648042e+02 7.281808773660608314e-38
1.207056369720903035e+02 6.952674782744251752e-38
1.263901785972061873e+02 6.642905877959514462e-38
1.323424294552814899e+02 6.350630242682262964e-38
1.385749971122622242e+02 6.074587212027154750e-38
1.451010828779759834e+02 5.811406739145658625e-38
1.519345097680553920e+02 5.558656588040377849e-38
1.590897517827078218e+02 5.316059213560242764e-38
1.665819645643467197e+02 5.085011077640738559e-38
1.744270174990208488e+02 4.864738313897356005e-38
1.826415273296368582e+02 4.652288865168264637e-38
1.912428933521708529e+02 4.446326248088045229e-38
2.002493342694196485e+02 4.246955225479748925e-38
2.096799267803515647e+02 4.054857109236636869e-38
2.195546459867939291e+02 3.870063468117557825e-38
2.298944077030435267e+02 3.694647271357607796e-38
2.407211127580152663e+02 3.529165046676844036e-38
2.520576933837697311e+02 3.371458396327112664e-38
2.639281617886714457e+02 3.218143138979895309e-38
2.763576610180647322e+02 3.069502618140108833e-38
2.893725182101948690e+02 2.928590568753468644e-38
3.030003003601768228e+02 2.795963440720160274e-38
3.172698727101268332e+02 2.670505562870399340e-38
3.322114598891328114e+02 2.550750805516228058e-38
3.478567099325665595e+02 2.436486958354268287e-38
3.642387613163371043e+02 2.328034576865418348e-38
3.813923131480723328e+02 2.225092708087521752e-38
3.993536986639016391e+02 2.127223941310765374e-38
4.181609621865144391e+02 2.034067536595634323e-38
4.378539397075010697e+02 1.945288282761588298e-38
4.584743432646587280e+02 1.859727932266779650e-38
4.800658492929831027e+02 1.776990205527388079e-38
5.026741911364842963e+02 1.697368891065905215e-38
5.263472559167771578e+02 1.621259729545238131e-38
5.511351859636255313e+02 1.548478142754826176e-38
5.770904850222818823e+02 1.478636525373318024e-38
6.042681294625824648e+02 1.411608143645122410e-38
6.327256847253512433e+02 1.347412108532606410e-38
6.625234272527599160e+02 1.286055714632760031e-38
6.937244721609075668e+02 1.227573583176889971e-38
7.263949069250448929e+02 1.172603196457850805e-38
7.606039313606009955e+02 1.121058581929879329e-38
7.964240041965186947e+02 1.071870893587671606e-38
8.339309965513446059e+02 1.024073756063770042e-38
8.732043526371635380e+02 9.777677721016977185e-39
9.143272580317645861e+02 9.334952801670730067e-39
9.573868158754584101e+02 8.913795761072950049e-39
1.002474231365752303e+03 8.517146500177341945e-39
1.049685004940662566e+03 8.146700152120199388e-39
1.099119134559851091e+03 7.798628787813778709e-39
1.150881327512046255e+03 7.458976133367046322e-39
1.205081222197357647e+03 7.125123843347183020e-39
1.261833620354292862e+03 6.805473551547265368e-39
1.321258730223298926e+03 6.506182079740436587e-39
1.383482421161929778e+03 6.224201461621911997e-39
1.448636490250929455e+03 5.950844748505123763e-39
1.516858941455897366e+03 5.684791050352443288e-39
1.588294277935909577e+03 5.429295687696870788e-39
1.663093808118145262e+03 5.186420350353596072e-39
1.741415966186920969e+03 4.955841145946107855e-39
1.823426647665861537e+03 4.736442346131628118e-39
1.909299560804118755e+03 4.527872027071488286e-39
1.999216594510803134e+03 4.329233455016922911e-39
2.093368203617071231e+03 4.139746729122379978e-39
2.191953812281781211e+03 3.959475700109880976e-39
2.295182236395301516e+03 3.789919747184246759e-39
2.403272125876039809e+03 3.630922563894174600e-39
2.516452427796672055e+03 3.476714526568675448e-39
2.634962871320874456e+03 3.324046414007144351e-39
2.759054475477870710e+03 3.175629934243074157e-39
2.888990080850156119e+03 3.037964376428503338e-39
3.025044906300745879e+03 2.910578035528818183e-39
3.167507131918983305e+03 2.787919838687278512e-39
3.316678509419842158e+03 2.667180631856476403e-39
3.472875001289425200e+03 2.549519887511123938e-39
3.636427450030649197e+03 2.437974528856208951e-39
3.807682278926440176e+03 2.331974686282129148e-39
3.987002225804966656e+03 2.231155594554436830e-39
4.174767111360874878e+03 2.135260499821434863e-39
4.371374643660161382e+03 2.043891460473958154e-39
4.577241260532483466e+03 1.954921178636777653e-39
4.792803011635379335e+03 1.868604582214739504e-39
5.018516482058656038e+03 1.787121112442909126e-39
5.254859759425132324e+03 1.711154250444400380e-39
5.502333446536415977e+03 1.639617703358514374e-39
5.761461721708313235e+03 1.570403192169287078e-39
6.032793449042110296e+03 1.503450959678409612e-39
6.316903340983071757e+03 1.440189475025446064e-39
6.614393175628951212e+03 1.381018331049450959e-39
6.925893071366532240e+03 1.325688410917232865e-39
7.252062821536434967e+03 1.272555181371124673e-39
7.593593291952744039e+03 1.221230899077568129e-39
7.951207884238007864e+03 1.171991030635430935e-39
8.325664068072657756e+03 1.124889409299268201e-39
8.717754985604826288e+03 1.079782631711864231e-39
9.128311131418377045e+03 1.036564315155609855e-39
9.558202111618049457e+03 9.955667934797879123e-40
1.000833848575710726e+04 9.563120814632560194e-40
1.047967369550950389e+04 9.182136337297275560e-40
1.097320608417109361e+04 8.808258950822910201e-40
1.148998101126807705e+04 8.470726926563479220e-40
1.203109306675099833e+04 8.128321057201212057e-40
1.259768838946491815e+04 7.809263567102933093e-40
1.319096709480582103e+04 7.507756859173214615e-40
1.381218581670608728e+04 7.207548543812750848e-40
1.446266036933246869e+04 6.924704197959846616e-40
1.514376853413501158e+04 6.674052882439428319e-40
1.585695297814997866e+04 6.417776055550158709e-40
1.660372430973773953e+04 6.168103004300823010e-40
1.738566427822884361e+04 5.941858515277782416e-40
1.820442912425447867e+04 5.735394747246504607e-40
1.906175308785881862e+04 5.539497412418899868e-40
1.995945208182267743e+04 5.347175464837442751e-40
2.089942753798023841e+04 5.153386789376098965e-40
2.188367043467452822e+04 4.990441765446189864e-40
2.291426551388355801e+04 4.823386198904865903e-40
2.399339569694819511e+04 4.660362951123929467e-40
2.512334670825612920e+04 4.507350888874736193e-40
2.630651191667401508e+04 4.363467512877159562e-40
2.754539740498406536e+04 4.229790418835461409e-40
2.884262727806110342e+04 4.097203986730447821e-40
3.020094922103511271e+04 3.971864627026422160e-40
3.162324031921039568e+04 3.856766746172578515e-40
3.311251315207041625e+04 3.744145408780523241e-40
3.467192217427424475e+04 3.629958307068388464e-40
3.630477039716226864e+04 3.523632484293694676e-40
3.801451638492137863e+04 3.421260835666504361e-40
3.980478158023041760e+04 3.322967489035068072e-40
4.167935797490019468e+04 3.226633707247508986e-40
4.364221614175792638e+04 3.135365075631921049e-40
4.569751364478585310e+04 3.046144565321688382e-40
4.784960384533004981e+04 2.956813624221088207e-40
5.010304512303096271e+04 2.868345119889880344e-40
5.246261053100588470e+04 2.783560910603298556e-40
5.493329790573643550e+04 2.704285449619146598e-40
5.752034045307203633e+04 2.630042597246496990e-40
6.022921783277499344e+04 2.560435998265742993e-40
6.306566776508211478e+04 2.495081754977268324e-40
6.603569818387058331e+04 2.395764551686659667e-40
6.914559996216607396e+04 2.226105837946389966e-40
7.240196023695124313e+04 2.001596064906693558e-40
7.581167636149386817e+04 1.741700157439599703e-40
7.938197051475185435e+04 1.463920018795319278e-40
8.312040499879469280e+04 1.175928852200383522e-40
8.703489825664811360e+04 8.667153043384195181e-41
9.113374164448450028e+04 5.156385143674611521e-41
9.542561699368982227e+04 2.549552324521206244e-41
9.991961500000007800e+04 1.645582055733815038e-41
