1.056583745000000130e-01 2.422160365513979327e-38
1.106274496567979659e-01 2.898487674373095152e-38
1.158302186218789775e-01 3.358026626367380200e-38
1.212776719305654061e-01 3.774857783069934092e-38
1.269813169990825497e-01 4.187119791060221959e-38
1.329532024332809037e-01 4.544398500689639312e-38
1.392059434805884566e-01 4.725262722737510124e-38
1.457527486789592930e-01 4.774494577675395480e-38
1.526074477591124745e-01 4.735180709651668273e-38
1.597845208590033261e-01 4.657870424965138036e-38
1.672991291122406243e-01 4.556931869073858620e-38
1.751671466750658879e-01 4.438828130688993834e-38
1.834051942595500417e-01 4.315392003827780500e-38
1.920306742438444014e-01 4.190988693278200069e-38
2.010618074336537331e-01 4.061694951604900067e-38
2.105176715525878817e-01 3.931927224073333372e-38
2.204182415427017316e-01 3.810603082658182253e-38
2.307844317603539031e-01 3.694796766274057180e-38
2.416381401565218523e-01 3.582933503605605925e-38
2.530022945349012509e-01 3.476414338098490230e-38
2.649009009855073926e-01 3.375445233225854596e-38
2.773590945960903165e-01 3.277273954724210549e-38
2.904031925484906740e-01 3.181528848112184403e-38
3.040607497120972891e-01 3.087128094073473766e-38
3.183606168518453572e-01 2.997123379635032320e-38
3.333330015737149821e-01 2.909322502621551029e-38
3.490095321364753422e-01 2.818415153200284107e-38
3.654233242644721047e-01 2.730621161944333984e-38
3.826090511025952434e-01 2.648913826861415747e-38
4.006030164612042199e-01 2.568370162180885233e-38
4.194432315057361471e-01 2.488564035473141624e-38
4.391694950529970720e-01 2.407327251098274749e-38
4.598234776437603588e-01 2.330818285563402563e-38
4.814488095692676106e-01 2.260099582395984365e-38
5.040911730375848832e-01 2.187643489582662457e-38
5.277983986745096168e-01 2.114725191901193930e-38
5.526205665628792785e-01 2.046822485427521711e-38
5.786101120337232562e-01 1.981930051768310954e-38
6.058219364327334100e-01 1.918818340017416154e-38
6.343135230960424975e-01 1.858754386253726054e-38
6.641450587803012784e-01 1.802713646501410333e-38
6.953795608035676645e-01 1.749014739465764725e-38
7.280830101655875186e-01 1.693598340292877111e-38
7.623244909286717164e-01 1.633540023299638898e-38
7.981763361536073909e-01 1.579045428878523559e-38
8.357142806988824280e-01 1.530059567864136732e-38
8.750176212060001291e-01 1.482087404265241927e-38
9.161693836088485865e-01 1.435680966188146849e-38
9.592564985209712791e-01 1.391241827771131263e-38
1.004369984871242183e+00 1.348048692775466124e-38
1.051605142175855212e+00 1.306023617765922047e-38
1.101061751852800308e+00 1.262246814990986105e-38
1.152844288004084339e+00 1.219605402465443567e-38
1.207062138110963856e+00 1.178777049242258602e-38
1.263829834108393557e+00 1.139745076464726962e-38
1.323267294326826882e+00 1.102427318619591720e-38
1.385500076812447245e+00 1.066736755540578558e-38
1.450659644560958750e+00 1.032474490289027688e-38
1.518883643225230839e+00 9.992041465632898757e-39
1.590316191883428321e+00 9.669324974479335344e-39
1.665108187481859847e+00 9.358230585329904714e-39
1.743417623595671317e+00 9.035116897126085564e-39
1.825409924180732224e+00 8.721298388055895351e-39
1.911258293021755428e+00 8.420484137204022534e-39
2.001144079614832538e+00 8.131645229445889934e-39
2.095257162257300187e+00 7.851800038831029700e-39
2.193796349154177872e+00 7.579534590844504152e-39
2.296969798388493356e+00 7.315113575629891006e-39
2.404995457642671752e+00 7.059419419443752103e-39
2.518101524599854368e+00 6.812795573759359990e-39
2.636526928997725783e+00 6.575862953959861791e-39
2.760521837353156815e+00 6.332601939239686490e-39
2.890348181423874507e+00 6.096928370829698893e-39
3.026280211523482144e+00 5.871733668176530705e-39
3.168605075858684561e+00 5.656124843776961671e-39
3.317623427112547319e+00 5.448320162147853477e-39
3.473650057555134119e+00 5.247441962419642324e-39
3.637014564023165253e+00 5.053735006092568573e-39
3.808062044173446736e+00 4.868215274317361885e-39
3.987153825480827862e+00 4.690732707588373674e-39
4.174668228520681978e+00 4.520548038036714821e-39
4.371001366148269618e+00 4.347812970185853324e-39
4.576567980263246405e+00 4.180356418593168599e-39
4.791802317926875610e+00 4.019813510407829486e-39
5.017159048682723999e+00 3.865845593680086907e-39
5.253114225018635786e+00 3.717397788554952449e-39
5.500166287998860426e+00 3.573936492622432174e-39
5.758837120190705150e+00 3.435739057212325610e-39
6.029673148109962355e+00 3.303709483148526988e-39
6.313246496513923667e+00 3.177349403942890139e-39
6.610156196980395471e+00 3.054721803023642356e-39
6.921029453325722613e+00 2.930124866675034189e-39
7.246522966535009935e+00 2.808309621559794548e-39
7.587324322003289545e+00 2.691798265171061035e-39
7.944153442018146549e+00 2.580673951275118672e-39
8.317764106552107961e+00 2.474341676988077310e-39
8.708945545577307712e+00 2.372420946808605482e-39
9.118524106266169937e+00 2.274784065652603349e-39
9.547364998599888963e+00 2.181381622244649050e-39
9.996374123072314433e+00 2.091951959945534397e-39
1.046649998435003681e+01 2.006647437581515794e-39
1.095873569493121380e+01 1.922978024455186835e-39
1.147412107303578921e+01 1.842280467325528314e-39
1.201374483915868829e+01 1.763895913922047487e-39
1.257874691592613559e+01 1.687872238460261186e-39
1.317032083611339388e+01 1.615436677452497760e-39
1.378971626391064120e+01 1.546921852107687441e-39
1.443824163476319633e+01 1.481921178718328578e-39
1.511726691936235767e+01 1.419805378314505628e-39
1.582822651762578303e+01 1.360285934318811502e-39
1.657262228878071753e+01 1.302809136487154530e-39
1.735202672395093515e+01 1.245986606882293654e-39
1.816808626794931669e+01 1.191110398991962989e-39
1.902252479729304113e+01 1.139374256256820836e-39
1.991714726178875949e+01 1.090618809573489900e-39
2.085384349738000509e+01 1.043631192272113319e-39
2.183459221831156682e+01 9.979499108593972097e-40
2.286146519704384517e+01 9.538402588590207885e-40
2.393663164074711602e+01 9.118799694674451022e-40
2.506236277362063802e+01 8.719859342931471728e-40
2.624103663471676384e+01 8.339446276691243346e-40
2.747514310140478955e+01 7.970411637323926154e-40
2.876728914908659007e+01 7.615883843491318437e-40
3.012020435827475140e+01 7.275790031374320982e-40
3.153674668066661724e+01 6.949452308581368970e-40
3.301990847639473259e+01 6.636087955990126650e-40
3.457282283520681432e+01 6.335162753018665005e-40
3.619877019492889758e+01 6.046949602857626399e-40
3.790118527119204828e+01 5.772517457680647768e-40
3.968366431306180431e+01 5.511396760981004519e-40
4.154997269989718944e+01 5.261682633078921640e-40
4.350405289548728405e+01 5.019170457514130823e-40
4.555003277626799019e+01 4.786353764246285900e-40
4.769223435121162424e+01 4.564987820469425580e-40
4.993518289181017877e+01 4.354231333602781383e-40
5.228361649143796086e+01 4.153036398063637793e-40
5.474249607428782127e+01 3.960801882080348195e-40
5.731701587502402617e+01 3.777163501620666190e-40
6.001261441128935559e+01 3.601817309963298667e-40
6.283498597224534876e+01 3.434537942904080564e-40
6.579009264741411300e+01 3.274902572104715294e-40
6.888417692123283587e+01 3.120367503700212103e-40
7.212377485992506365e+01 2.972334229189651611e-40
7.551572991854600048e+01 2.831756494930330989e-40
7.906720739736816483e+01 2.698207263175975878e-40
8.278570957814571329e+01 2.570993145963802890e-40
8.667909157223130023e+01 2.449700654068190794e-40
9.075557791402512464e+01 2.333827810766016651e-40
9.502377993480692453e+01 2.222637670099283979e-40
9.949271395365350656e+01 2.115808305316792822e-40
1.041718203238684168e+02 2.013759327377716698e-40
1.090709833751583204e+02 1.914756404671831060e-40
1.142005522936829038e+02 1.819587177462667395e-40
1.195713629840853258e+02 1.728573722763520504e-40
1.251947609596872013e+02 1.641680813203089730e-40
1.310826253092001252e+02 1.558621743015808743e-40
1.372473937905834873e+02 1.479213634709649029e-40
1.437020891050570981e+02 1.403466815430634938e-40
1.504603464067715208e+02 1.331501401470675094e-40
1.575364421062479039e+02 1.263173245666013397e-40
1.649453240284327933e+02 1.198553402087845367e-40
1.727026429890767361e+02 1.135960018892591607e-40
1.808247858561370549e+02 1.075850832284244528e-40
1.893289101660471658e+02 1.018240487005841079e-40
1.982329803679764098e+02 9.630127384229407362e-41
2.075558057726443906e+02 9.108118161883089045e-41
2.173170802858543595e+02 8.616883588391420339e-41
2.275374240106795014e+02 8.152833065354689505e-41
2.382384268061868795e+02 7.711523252283182296e-41
2.494426938947104020e+02 7.292287798771680189e-41
2.611738936140185388e+02 6.892026368051152636e-41
2.734568074152487611e+02 6.494667992797909690e-41
2.863173822122273009e+02 6.110065441066365133e-41
2.997827851927567622e+02 5.748114017300397774e-41
3.138814612076619142e+02 5.407351899648811449e-41
3.286431928588186793e+02 5.085052427587519934e-41
3.440991634131025876e+02 4.779895622206442367e-41
3.602820226751575774e+02 4.490123742545333833e-41
3.772259559581368080e+02 4.213386192053458539e-41
3.949667562981132960e+02 3.949311204130607408e-41
4.135419000647062262e+02 3.700193762694352611e-41
4.329906261276511259e+02 3.451376385784231477e-41
4.533540187465418398e+02 3.209321379425536737e-41
4.746750943588487530e+02 2.980332262624356724e-41
4.969988924495459059e+02 2.763781267763356610e-41
5.203725706943037039e+02 2.560014610111532117e-41
5.448455045772321910e+02 2.368762992258201869e-41
5.704693916936079177e+02 2.189932649181551870e-41
5.972983609579262065e+02 2.023666475142057691e-41
6.253890869479627099e+02 1.869391739298772887e-41
6.548009096263974698e+02 1.724545630196681109e-41
6.855959596929042164e+02 1.574097277249137665e-41
7.178392898315014463e+02 1.426424196352278939e-41
7.515990121304211016e+02 1.289157885420623192e-41
7.869464419647797513e+02 1.165391994298527541e-41
8.239562486460069977e+02 1.051914684080649718e-41
8.627066131562548890e+02 9.473417578842015638e-42
9.032793933010036653e+02 8.519010580398538416e-42
9.457602966287329309e+02 7.657738568761057654e-42
9.902390614829450897e+02 6.856141642959714419e-42
1.036809646568993230e+03 6.122309896111741852e-42
1.085570429436178983e+03 5.336340412335353015e-42
1.136624414294387407e+03 4.568230394289727914e-42
1.190079449604251522e+03 3.897235569527505511e-42
1.246048455900521049e+03 3.308361955373697965e-42
1.304649664329880807e+03 2.806099151289530189e-42
1.366006866407092502e+03 2.372826314038833992e-42
1.430249675517117339e+03 1.995899476820714626e-42
1.497513800715543766e+03 1.677923821623827662e-42
1.567941333405797650e+03 1.405311557876109053e-42
1.641681047498631187e+03 1.131053760497553457e-42
1.718888713688037114e+03 8.920868527894536625e-43
1.799727428507445666e+03 6.889875192022276949e-43
1.884367958861279249e+03 5.190338078174538477e-43
1.972989102759757543e+03 3.823134123519566881e-43
2.065778067018869024e+03 2.712783795062317672e-43
2.162930862723498649e+03 1.851899638098951177e-43
2.264652719288981643e+03 1.215010787393799298e-43
2.371158517995864713e+03 7.426573410766756423e-44
2.482673245913653318e+03 4.199697243866000383e-44
2.599432471172377063e+03 2.157749574754405804e-44
2.721682840586084239e+03 9.462633634621797471e-45
2.849682600679300776e+03 4.666659218027037166e-45
2.983702143217266894e+03 2.187461182774341812e-45
3.124024576392178005e+03 7.169508584199430402e-46
3.270946322872162000e+03 9.847534767021622495e-47
3.424777745976290134e+03 0.000000000000000000e+00
3.585843805298306506e+03 0.000000000000000000e+00
3.754484743164201518e+03 0.000000000000000000e+00
3.931056803373528510e+03 0.000000000000000000e+00
4.115932983742982287e+03 0.000000000000000000e+00
4.309503824041712505e+03 0.000000000000000000e+00
4.512178230983026879e+03 0.000000000000000000e+00
4.724384342015169750e+03 0.000000000000000000e+00
4.946570429735761536e+03 0.000000000000000000e+00
5.179205848840678300e+03 0.000000000000000000e+00
5.422782027607438977e+03 0.000000000000000000e+00
5.677813506007797514e+03 0.000000000000000000e+00
5.944839022642408963e+03 0.000000000000000000e+00
6.224422652793509769e+03 0.000000000000000000e+00
6.517154999999998836e+03 0.000000000000000000e+00
