1.056583745000000130e-01 4.998129578183801883e-36
1.106332432444061542e-01 5.791008375191469674e-36
1.158423510554379837e-01 6.559668488082229891e-36
1.212967269557999467e-01 7.256935046077590656e-36
1.270079192639039789e-01 7.914376194231519536e-36
1.329880200446334204e-01 8.453589766194878751e-36
1.392496907113585092e-01 8.714447069444486365e-36
1.458061888334090117e-01 8.754375311969947634e-36
1.526713962057626994e-01 8.635265360318761457e-36
1.598598482403801035e-01 8.455727670296525838e-36
1.673867647414150062e-01 8.243872241935868151e-36
1.752680821294591018e-01 8.001827756816938899e-36
1.835204871830486140e-01 7.739528310719492894e-36
1.921614523688714993e-01 7.459338774791952634e-36
2.012092728354790694e-01 7.188453795438980369e-36
2.106831051488269047e-01 6.928972732581945142e-36
2.206030078516584003e-01 6.677310107231131981e-36
2.309899839326049753e-01 6.431874696220990640e-36
2.418660252949220990e-01 6.192583490978798050e-36
2.532541593190117402e-01 5.963802897088759881e-36
2.651784976173167108e-01 5.743147164710939655e-36
2.776642870848138323e-01 5.517348197288356546e-36
2.907379633531919083e-01 5.308148014872061437e-36
3.044272067618919997e-01 5.118752720126917461e-36
3.187610009645143183e-01 4.929542068023918080e-36
3.337696942946769552e-01 4.741551706048906060e-36
3.494850640212533999e-01 4.562147922474977680e-36
3.659403836290343603e-01 4.392553458540163094e-36
3.831704932672634900e-01 4.232554003549570807e-36
4.012118735152057081e-01 4.078951993358646770e-36
4.201027226209282928e-01 3.930024695143509068e-36
4.398830373768284896e-01 3.779751195331268872e-36
4.605946978031434935e-01 3.634836903242677501e-36
4.822815558187383278e-01 3.497012713664980197e-36
5.049895280869109992e-01 3.368487062950754662e-36
5.287666932327933500e-01 3.247312820436661072e-36
5.536633936381814003e-01 3.129599815135989836e-36
5.797323420293231111e-01 3.013977388587473214e-36
6.070287330833332717e-01 2.900584147404550437e-36
6.356103602895395444e-01 2.794582673751309501e-36
6.655377383131826363e-01 2.693920929872752722e-36
6.968742311205464723e-01 2.591393922995102022e-36
7.296861861367921476e-01 2.490081687850943040e-36
7.640430747205442241e-01 2.391308593269154276e-36
8.000176392526456848e-01 2.298814951664387441e-36
8.376860471505125361e-01 2.210453654819042008e-36
8.771280521341706660e-01 2.121203889148963773e-36
9.184271630854197177e-01 2.035025514679298055e-36
9.616708208576413286e-01 1.953547855747979298e-36
1.006950583410604727e+00 1.872946442904916522e-36
1.054362319662244030e+00 1.795023212267190342e-36
1.104006412467847920e+00 1.723360538570803707e-36
1.155987971156414051e+00 1.657221920108481832e-36
1.210417054074167220e+00 1.592340863564079548e-36
1.267408901606420502e+00 1.527780375083366632e-36
1.327084180171148819e+00 1.465743029870551246e-36
1.389569237700869708e+00 1.407233907252127180e-36
1.454996371153753909e+00 1.351603140850591330e-36
1.523504106620355181e+00 1.297324334241931464e-36
1.595237492619020259e+00 1.244404719770962049e-36
1.670348407200951124e+00 1.192363451611258648e-36
1.748995879515155671e+00 1.140374188763094720e-36
1.831346426514107062e+00 1.089695723384879211e-36
1.917574405513016389e+00 1.042377964254520936e-36
2.007862383349168667e+00 9.985309108455490902e-37
2.102401522922933363e+00 9.569791062400350987e-37
2.201391987938853045e+00 9.169620901752574827e-37
2.305043366703752206e+00 8.785234895507442107e-37
2.413575115879159405e+00 8.419741678638774172e-37
2.527217025127570516e+00 8.071751378336565426e-37
2.646209703636345001e+00 7.740193354090213413e-37
2.770805089549314371e+00 7.421107408732180622e-37
2.901266983384718223e+00 7.116275623226951293e-37
3.037871606568828486e+00 6.822451732445244662e-37
3.180908186267848325e+00 6.538543060364047163e-37
3.330679567756303250e+00 6.263804779193612081e-37
3.487502855618477948e+00 5.997649899825476461e-37
3.651710085140483564e+00 5.740069114426081911e-37
3.823648925314464098e+00 5.491533018548669201e-37
4.003683414943386865e+00 5.252364847172300912e-37
4.192194733404934759e+00 5.023440518645926933e-37
4.389582007706417599e+00 4.803643979669335598e-37
4.596263157539421940e+00 4.594231757685634445e-37
4.812675780123430336e+00 4.394359700213513611e-37
5.039278076711820376e+00 4.203324254816686801e-37
5.276549822721927185e+00 4.021226723021100671e-37
5.524993383543138847e+00 3.848268027373240741e-37
5.785134778173807391e+00 3.683761475797584364e-37
6.057524792938929536e+00 3.525668343244307741e-37
6.342740147646635407e+00 3.373441542730829111e-37
6.641384716652542153e+00 3.227345016234425888e-37
6.954090807417276920e+00 3.086841732905603351e-37
7.281520499264204638e+00 2.952478437730261098e-37
7.624367045171855928e+00 2.822970503423868035e-37
7.983356339569013471e+00 2.697648838753751679e-37
8.359248455240152254e+00 2.577213661825090470e-37
8.752839252595254749e+00 2.462788295363297758e-37
9.164962064711271950e+00 2.353977552702416520e-37
9.596489461712822688e+00 2.249498350069981438e-37
1.004833509822787008e+01 2.149422991404682496e-37
1.052145564782986220e+01 2.054223900171856743e-37
1.101685282856203507e+01 1.964383584515140566e-37
1.153557552383249529e+01 1.879909932662493996e-37
1.207872200317049405e+01 1.798915498344421670e-37
1.264744224754585744e+01 1.720390064849876934e-37
1.324294038417484387e+01 1.644418278801688633e-37
1.386647723596755455e+01 1.571219529268679631e-37
1.451937299101472512e+01 1.500761117241979412e-37
1.520300999776589101e+01 1.433571195417990681e-37
1.591883569181704772e+01 1.369792921171720037e-37
1.666836566050455204e+01 1.309149097440218523e-37
1.745318685179380935e+01 1.251025588664393191e-37
1.827496093425680712e+01 1.195503044742965290e-37
1.913542781525238112e+01 1.142597829755148044e-37
2.003640932475817849e+01 1.092240215423463514e-37
2.097981307265387585e+01 1.044175861646775843e-37
2.196763648762252785e+01 9.979349185561302662e-38
2.300197104622156630e+01 9.534544746426298072e-38
2.408500670107713404e+01 9.113807441317215500e-38
2.521903651757787301e+01 8.719433343851837779e-38
2.640646152888480813e+01 8.346448924981213628e-38
2.764979581953691579e+01 7.981799796003784316e-38
2.895167184841549357e+01 7.625859834987563966e-38
3.031484602233755510e+01 7.284666603830215617e-38
3.174220453207889037e+01 6.961097897992352322e-38
3.323676946318320091e+01 6.653193528508474127e-38
3.480170519449546873e+01 6.356395935517901984e-38
3.644032509796684138e+01 6.070079881390042715e-38
3.815609855391636529e+01 5.796494516182212955e-38
3.995265829660252876e+01 5.536582788926574135e-38
4.183380810565724062e+01 5.289029247199273222e-38
4.380353085966685001e+01 5.050364695243476062e-38
4.586599696895179079e+01 4.820285840225690051e-38
4.802557320539924035e+01 4.600850453454319386e-38
5.028683194804371936e+01 4.393549960313083352e-38
5.265456086397102808e+01 4.197339914142295601e-38
5.513377304504239618e+01 4.009989657614529719e-38
5.772971762190093159e+01 3.830867503447906485e-38
6.044789087773298064e+01 3.658768296909400791e-38
6.329404788531505943e+01 3.492653700868006490e-38
6.627421469198498016e+01 3.332745047748441209e-38
6.939470107833584223e+01 3.180735942151193854e-38
7.266211391764673522e+01 3.036701564986282406e-38
7.608337116433455094e+01 2.900074213874542728e-38
7.966571650104516777e+01 2.770224738503566584e-38
8.341673467539507669e+01 2.646699510135116989e-38
8.734436755883531589e+01 2.528489241693044364e-38
9.145693096163847713e+01 2.415236902777539748e-38
9.576313223961068388e+01 2.307302582723758661e-38
1.002720887298060717e+02 2.205070438758151867e-38
1.049933470542773790e+02 2.108117420387300451e-38
1.099369033327331948e+02 2.015256362377082004e-38
1.151132243468976952e+02 1.926163003034441794e-38
1.205332697013829915e+02 1.840572694099572134e-38
1.262085150279944372e+02 1.758427246967889667e-38
1.321509762825983501e+02 1.679678200101112308e-38
1.383732351859951279e+02 1.604964058229177948e-38
1.448884658626620876e+02 1.534270514622389215e-38
1.517104627337677982e+02 1.466805101759490540e-38
1.588536697235139172e+02 1.401227280523583194e-38
1.663332108406425505e+02 1.337619518621493777e-38
1.741649221998574149e+02 1.277298447886452906e-38
1.823653855509569155e+02 1.220484734528483043e-38
1.909519633866686661e+02 1.166703355146117400e-38
1.999428357035177442e+02 1.115218418712550639e-38
2.093570384935612481e+02 1.065916595331213229e-38
2.192145040484856509e+02 1.018692769298457783e-38
2.295361031614010017e+02 9.734532324858189746e-39
2.403436893156857934e+02 9.301132602207051715e-39
2.516601449544374987e+02 8.889008934793445599e-39
2.635094299284983776e+02 8.496881452096365005e-39
2.759166322256297690e+02 8.116408595879300391e-39
2.889080210882427195e+02 7.744333361046962673e-39
3.025111026321494023e+02 7.385025541635629599e-39
3.167546780840934844e+02 7.046922465459014877e-39
3.316689047613644448e+02 6.728936665526082192e-39
3.472853599226041865e+02 6.424985130383098512e-39
3.636371076249957355e+02 6.132238890412456710e-39
3.807587687293868726e+02 5.852175287570578914e-39
3.986865942015683686e+02 5.588202784733801881e-39
4.174585418649040207e+02 5.339515508777820007e-39
4.371143567668176502e+02 5.103486361108215702e-39
4.576956553292939702e+02 4.878091258336974429e-39
4.792460134615609491e+02 4.662451073078370305e-39
5.018110588215117218e+02 4.456041892752696019e-39
5.254385674212061303e+02 4.258497871475720667e-39
5.501785647809923603e+02 4.070789086949218844e-39
5.760834318464153512e+02 3.893202476866526706e-39
6.032080158921689872e+02 3.724146278318622859e-39
6.316097466478998967e+02 3.560310299463571019e-39
6.613487578917357723e+02 3.401361439711308410e-39
6.924880147689785872e+02 3.249160596366231539e-39
7.250934471055319364e+02 3.104352679812926309e-39
7.592340889983240686e+02 2.966924721504144763e-39
7.949822249782640711e+02 2.835655303428662942e-39
8.324135430552123580e+02 2.710137376097020316e-39
8.716072949689875031e+02 2.590864347384713386e-39
9.126464639857093744e+02 2.478090356186105553e-39
9.556179405947432315e+02 2.370887383643478029e-39
1.000612706478242103e+03 2.267905047741397203e-39
1.047726027142798102e+03 2.168850732379511079e-39
1.097057653621052395e+03 2.074612502064568585e-39
1.148712033670320579e+03 1.985333737503987866e-39
1.202798532915391888e+03 1.900397449788511634e-39
1.259431666403720556e+03 1.818307815563384949e-39
1.318731341063273703e+03 1.738786149673832621e-39
1.380823109576374009e+03 1.662321107885428282e-39
1.445838436207063296e+03 1.589408558379396548e-39
1.513914975144803293e+03 1.519733740341707609e-39
1.585196861953844518e+03 1.452189156709147153e-39
1.659835018745333628e+03 1.386565621683335390e-39
1.737987473718289266e+03 1.324175852012125356e-39
1.819819695745995205e+03 1.265890456114402661e-39
1.905504944716216869e+03 1.211264414346875286e-39
1.995224638367003308e+03 1.158890461218178757e-39
2.089168736394756252e+03 1.108397879269813650e-39
2.187536142647828456e+03 1.059952440995682272e-39
2.290535126257191678e+03 1.013831832055755485e-39
2.398383762595821736e+03 9.700530587835670728e-40
2.511310395000422432e+03 9.286665244553759049e-40
2.629554118233073496e+03 8.895740429056607549e-40
2.753365284706415423e+03 8.526650898357712668e-40
2.883006034544175236e+03 8.169752290800722341e-40
3.018750850599320074e+03 7.821661484223993544e-40
3.160887139604939421e+03 7.483482556808118562e-40
3.309715840688315893e+03 7.158261978065948047e-40
3.465552062536553876e+03 6.856185499048105951e-40
3.628725750562819030e+03 6.567750946453432341e-40
3.799582385485749001e+03 6.290685792713899357e-40
3.978483714801099723e+03 6.022196831897932871e-40
4.165808518694357190e+03 5.773413603325685200e-40
4.361953412015921458e+03 5.534244536115137286e-40
4.567333684016923144e+03 5.302173987738937641e-40
4.782384177623458527e+03 5.079714611086494069e-40
5.007560210111080778e+03 4.872271138550251315e-40
5.243338537128722237e+03 4.675874787480834769e-40
5.490218362113176227e+03 4.476217010912764916e-40
5.748722393231329988e+03 4.282090327040627600e-40
6.019397950087963181e+03 4.098090167093184091e-40
6.302818122542300443e+03 3.921241169790356101e-40
6.599582984086827310e+03 3.754564259885289545e-40
6.910320862357405531e+03 3.592934308097008859e-40
7.235689669464688450e+03 3.446402587445843985e-40
7.576378294963486042e+03 3.297680780520602659e-40
7.933108064409361759e+03 3.156780562530301154e-40
8.306634266590584957e+03 3.018756770315633119e-40
8.697747752669007241e+03 2.892914128021115897e-40
9.107276610615632308e+03 2.772538998979484385e-40
9.536087918486100534e+03 2.652519273405633363e-40
9.985089580248230050e+03 2.539554481161969202e-40
1.045523224804852180e+04 2.425246285439362935e-40
1.094751133498756826e+04 2.312226948993724932e-40
1.146296912266592699e+04 2.193265365260913553e-40
1.200269696796268909e+04 2.084790515158351209e-40
1.256783761371903529e+04 1.973661155038572768e-40
1.315958760821911892e+04 1.865876081545161831e-40
1.377919983859091553e+04 1.758516920793432279e-40
1.442798618349093158e+04 1.648831136439712242e-40
1.510732029068915108e+04 1.537789783120168141e-40
1.581864048543511672e+04 1.421684795704376022e-40
1.656345281576288107e+04 1.303853459443624224e-40
1.734333424118254334e+04 1.179433050781561654e-40
1.815993597150963615e+04 1.050051858075778182e-40
1.901498696290151929e+04 9.150848343012539779e-41
1.991029757850283204e+04 7.775623395531490395e-41
2.084776342145046146e+04 6.384488764995250696e-41
2.182936934835356442e+04 5.028627927720813451e-41
2.285719367174613581e+04 3.740820413457707947e-41
2.393341256040988083e+04 2.542474122507840820e-41
2.506030464688392021e+04 1.519452773608435015e-41
2.624025585191668870e+04 8.512239367629986131e-42
2.747576443607459441e+04 4.834539571298822759e-42
2.876944628920298055e+04 2.767391957051425862e-42
3.012404046893860504e+04 1.171199880124417728e-42
3.154241500000001543e+04 3.137872381223018383e-43
