1.056583745000000130e-01 7.965855251184871172e-36
1.106427969130998751e-01 9.361106615971274837e-36
1.158623589155582112e-01 1.074790284354562514e-35
1.213281531921238526e-01 1.204104185890917036e-35
1.270517957237514706e-01 1.328775274646809585e-35
1.330454504740434529e-01 1.438538071592783932e-35
1.393218552402722687e-01 1.513035693670148908e-35
1.458943487239219849e-01 1.559603947605909568e-35
1.527768988782793602e-01 1.584905946144129364e-35
1.599841325933200054e-01 1.597450378519061162e-35
1.675313667809752438e-01 1.600066145948494020e-35
1.754346409268438545e-01 1.593014692110744114e-35
1.837107511775262492e-01 1.580388637967368113e-35
1.923772860360260240e-01 1.564090436969031184e-35
2.014526637410776200e-01 1.550044592111965016e-35
2.109561714098398266e-01 1.535817374417990443e-35
2.209080060271417234e-01 1.516229844134480814e-35
2.313293173683916293e-01 1.495639630933268038e-35
2.422422529473703956e-01 1.475843562240526866e-35
2.536700050844305498e-01 1.455618815942586880e-35
2.656368601951344943e-01 1.435489931430599333e-35
2.781682504040772774e-01 1.414834733058146261e-35
2.912908075935867203e-01 1.393610918478027690e-35
3.050324200021652943e-01 1.371153672407558310e-35
3.194222914929564228e-01 1.348730067589527145e-35
3.344910036181956148e-01 1.326805111287590392e-35
3.502705806115441467e-01 1.305829724127100039e-35
3.667945574464299141e-01 1.282054436528657878e-35
3.840980511050327562e-01 1.254490437353117553e-35
4.022178352093766507e-01 1.226886223340149443e-35
4.211924181731352412e-01 1.199789615680856763e-35
4.410621250402412263e-01 1.172146951721831795e-35
4.618691831842223761e-01 1.145402501728548863e-35
4.836578120503949307e-01 1.119406725277322627e-35
5.064743171316351544e-01 1.092817695800592940e-35
5.303671883774480067e-01 1.065350063695285187e-35
5.553872032454727492e-01 1.036954884305505598e-35
5.815875346144319114e-01 1.009018681209171064e-35
6.090238637878631067e-01 9.819241109894895859e-36
6.377544988287884298e-01 9.547469605471827408e-36
6.678404984768094854e-01 9.279420042911362901e-36
6.993458019109788371e-01 9.017664605088922724e-36
7.323373646342195009e-01 8.756308779380831302e-36
7.668853007680779266e-01 8.491736431954106586e-36
8.030630320602174521e-01 8.231385208489988680e-36
8.409474439213225905e-01 7.969650653889796240e-36
8.806190488230285496e-01 7.698254884548641755e-36
9.221621574041301006e-01 7.439935796367076445e-36
9.656650576487074700e-01 7.200846526755902461e-36
1.011220202516960098e+00 6.967469072236195589e-36
1.058924406427506959e+00 6.735106297772244109e-36
1.108879051008715422e+00 6.497099219954792721e-36
1.161190300556329769e+00 6.260887167311952314e-36
1.215969327655286092e+00 6.033517355012139242e-36
1.273332549445215678e+00 5.814679815249196879e-36
1.333401875031748895e+00 5.603527803378763563e-36
1.396304964569413665e+00 5.399823864754823212e-36
1.462175500566751385e+00 5.202353318058864976e-36
1.531153471990213566e+00 5.009043527205942482e-36
1.603385471770634840e+00 4.819917436100135199e-36
1.679025008344541714e+00 4.637445264782247448e-36
1.758232831892382553e+00 4.460752313134466769e-36
1.841177275967021298e+00 4.290205385932047654e-36
1.928034615238506388e+00 4.124377107990961059e-36
2.018989440115423584e+00 3.963528253007737478e-36
2.114235049038958092e+00 3.807689037132567607e-36
2.213973859283393963e+00 3.656865306827791258e-36
2.318417837136085513e+00 3.512008994760803293e-36
2.427788948371111921e+00 3.374219114053328969e-36
2.542319629973990303e+00 3.242792701194801161e-36
2.662253284119938446e+00 3.114662534953455129e-36
2.787844795455523439e+00 2.988638175597427082e-36
2.919361072783000388e+00 2.867061555233352940e-36
3.057081616298562121e+00 2.751589259402224415e-36
3.201299111589995139e+00 2.641528391381361366e-36
3.352320051656092481e+00 2.534584309030175285e-36
3.510465388269792264e+00 2.430408946449623711e-36
3.676071214069273729e+00 2.330042866083211400e-36
3.849489476826647660e+00 2.234392561140393568e-36
4.031088727412193151e+00 2.142928476823799944e-36
4.221254903043709206e+00 2.053868110105495714e-36
4.420392147485595835e+00 1.966653283382696290e-36
4.628923669940711250e+00 1.882460344712978948e-36
4.847292644460389432e+00 1.801903433196321836e-36
5.075963151783995819e+00 1.725020230437060124e-36
5.315421165609687471e+00 1.652308512312154689e-36
5.566175585392384662e+00 1.583621063139877884e-36
5.828759317863860367e+00 1.517418814416157126e-36
6.103730409573447702e+00 1.452602034043042231e-36
6.391673232856206255e+00 1.389668515343153703e-36
6.693199727749037820e+00 1.330375896548296381e-36
7.008950702494030516e+00 1.274523451996647564e-36
7.339597195392926210e+00 1.221189643492261928e-36
7.685841900906937418e+00 1.169629255382702890e-36
8.048420663032626265e+00 1.119559674045022857e-36
8.428104039127685354e+00 1.070671457486409239e-36
8.825698937509978137e+00 1.022995855795895778e-36
9.242050332310173033e+00 9.774955158069534948e-37
9.678043059222360966e+00 9.346472427352387114e-37
1.013460369596898225e+01 8.942948215008840482e-37
1.061270253147655218e+01 8.556891970647782518e-37
1.111335562794694987e+01 8.186056714966026026e-37
1.163762698020674868e+01 7.829143742463206844e-37
1.218663077692367303e+01 7.484759936826325304e-37
1.276153376849554633e+01 7.153987373752344232e-37
1.336355774664429674e+01 6.843194247238289167e-37
1.399398214098445870e+01 6.551405043911776687e-37
1.465414673808453117e+01 6.270639830062949140e-37
1.534545452879981653e+01 5.997316881933720037e-37
1.606937468992774498e+01 5.733320024877409450e-37
1.682744570652261373e+01 5.481800470041124041e-37
1.762127864150509282e+01 5.241833841059807326e-37
1.845256055951523777e+01 5.012523907559626070e-37
1.932305811228547299e+01 4.793025553923965935e-37
2.023462129315295499e+01 4.582076036526722976e-37
2.118918736869086672e+01 4.377900066799356551e-37
2.218878499581389363e+01 4.180531947401899287e-37
2.323553853310768247e+01 3.992748226147554724e-37
2.433167255554494801e+01 3.815128252625924009e-37
2.547951658218257265e+01 3.646462736415554295e-37
2.668151002688752627e+01 3.485311532180557247e-37
2.794020738261265180e+01 3.331065876810502255e-37
2.925828365024019817e+01 3.183340984832132633e-37
3.063854002353024697e+01 3.041765908884725674e-37
3.208390984225618325e+01 2.906535295423597064e-37
3.359746482617862284e+01 2.777801919080315932e-37
3.518242160310628464e+01 2.655199500880845066e-37
3.684214854491772684e+01 2.537801444303355457e-37
3.858017292607119231e+01 2.425207850276489146e-37
4.040018841981683551e+01 2.317231441535763133e-37
4.230606294804169920e+01 2.213822464963240567e-37
4.430184690143035908e+01 2.114705328377164724e-37
4.639178174741088156e+01 2.019869334604695011e-37
4.858030904417933016e+01 1.929146738557173415e-37
5.087207987996033154e+01 1.842885255572196308e-37
5.327196475756350225e+01 1.761684180467379850e-37
5.578506394524276857e+01 1.684994996682107568e-37
5.841671831585660613e+01 1.610421617686528696e-37
6.117252069736399278e+01 1.537478002492643997e-37
6.405832775877925656e+01 1.467152421115190838e-37
6.708027245684529305e+01 1.400488080650726027e-37
7.024477706987762815e+01 1.337204224743559489e-37
7.355856684647790189e+01 1.276917345586995168e-37
7.702868429812478723e+01 1.219427835328083489e-37
8.066250416601579332e+01 1.164490450801886636e-37
8.446774909396842190e+01 1.111869863407479146e-37
8.845250604068895939e+01 1.061563066587284925e-37
9.262524346628757144e+01 1.014033890170620916e-37
9.699482932956618697e+01 9.692134317918885741e-38
1.015705499343260954e+02 9.263760544838798655e-38
1.063621296647479966e+02 8.848792923841639890e-38
1.113797516517870605e+02 8.447833706650692188e-38
1.166340794145018549e+02 8.065846885075227983e-38
1.221362795223117388e+02 7.702696310507807341e-38
1.278980453263431514e+02 7.356410169832695237e-38
1.339316218102997311e+02 7.025442664035098903e-38
1.402498316136700964e+02 6.709206170837269731e-38
1.468661022825763496e+02 6.407456178077358375e-38
1.537944948061798129e+02 6.119573405324310680e-38
1.610497334992876688e+02 5.844325101160078293e-38
1.686472372946694236e+02 5.580575112775709472e-38
1.766031525115832039e+02 5.328509162621996854e-38
1.849343871701557305e+02 5.090662783297214042e-38
1.936586469245381750e+02 4.866476964271767484e-38
2.027944726912051294e+02 4.652268695549451041e-38
2.123612800523652879e+02 4.445486006520533689e-38
2.223794005182219280e+02 4.246625220562521791e-38
2.328701247357778357e+02 4.057949532616094864e-38
2.438557477360103576e+02 3.879138064296456465e-38
2.553596163155764316e+02 3.708736695525774265e-38
2.674061786537463377e+02 3.546008883136229432e-38
2.800210362700077553e+02 3.390334836392230439e-38
2.932309984327673646e+02 3.239281028893383825e-38
3.070641391347753029e+02 3.092720817576561366e-38
3.215498567563592474e+02 2.952732779092118979e-38
3.367189365432668069e+02 2.820213953388186278e-38
3.526036160318899988e+02 2.694139506117622645e-38
3.692376535609211032e+02 2.572391730074858333e-38
3.866564000150361267e+02 2.454790800091652336e-38
4.048968739530812968e+02 2.341875341223504660e-38
4.239978402804197799e+02 2.233704136751285864e-38
4.439998926326417745e+02 2.130697418077491335e-38
4.649455396457149163e+02 2.034801306353577916e-38
4.868792952959201443e+02 1.945479112176185591e-38
5.098477735015664507e+02 1.859392926498259944e-38
5.338997871875264991e+02 1.775246830563315015e-38
5.590864520231356209e+02 1.693957490751859991e-38
5.854612950539132044e+02 1.617457092413150073e-38
6.130803684579731225e+02 1.545487487822804107e-38
6.420023686688836051e+02 1.477155891983191006e-38
6.722887611181296279e+02 1.412003008192418183e-38
7.040039108622928552e+02 1.349494346888226168e-38
7.372152193725519282e+02 1.288994474775895038e-38
7.719932677772130774e+02 1.230522565930499361e-38
8.084119668616948502e+02 1.174951900401470820e-38
8.465487141447376871e+02 1.122348750673731241e-38
8.864845583646762179e+02 1.072509684684399286e-38
9.283043717253270870e+02 1.025228703405187521e-38
9.720970302675644916e+02 9.802912351798704364e-39
1.017955602749895206e+03 9.367085122467278017e-39
1.065977548439464726e+03 8.943534211719067954e-39
1.116264924233826832e+03 8.537053852209215686e-39
1.168924601553662342e+03 8.152304976179090186e-39
1.224068493467387952e+03 7.788086644670957115e-39
1.281813792530341061e+03 7.442899738723443229e-39
1.342283219844016230e+03 7.115595408667729770e-39
1.405605285864617599e+03 6.802291371516562906e-39
1.471914563515252667e+03 6.498141994739379957e-39
1.541351974182152389e+03 6.204480915119724984e-39
1.614065087202732457e+03 5.932687191888143609e-39
1.690208433481974680e+03 5.682885476116524152e-39
1.769943833903623272e+03 5.445760021068845050e-39
1.853440743234148613e+03 5.210012039023422296e-39
1.940876610250338672e+03 4.977033943336214708e-39
2.032437254855870833e+03 4.753590121088673626e-39
2.128317262988333823e+03 4.541123549271858706e-39
2.228720400155908465e+03 4.339826046732652141e-39
2.333860044482635203e+03 4.149891473592392451e-39
2.443959640182525163e+03 3.969829926736092489e-39
2.559253172426269430e+03 3.794006467907199306e-39
2.679985664609730975e+03 3.621977289330694705e-39
2.806413699081027517e+03 3.458108468454322161e-39
2.938805962432855267e+03 3.305582703572544013e-39
3.077443816518915355e+03 3.163192132126008782e-39
3.222621896408007160e+03 3.028156026216554885e-39
3.374648736546481359e+03 2.899485236537033927e-39
3.533847426459901726e+03 2.776039876814751448e-39
3.700556297387327504e+03 2.656911688197059139e-39
3.875129641307504698e+03 2.542213825076347285e-39
4.057938463885036526e+03 2.432932714127832418e-39
4.249371272936709829e+03 2.329175101883988015e-39
4.449834904093638215e+03 2.229461512169831905e-39
4.659755385413919612e+03 2.132185216992626012e-39
4.879578842783303116e+03 2.037916179453084794e-39
5.109772448028073086e+03 1.948843677005577761e-39
5.350825411754971356e+03 1.864915202243493449e-39
5.603250023028315809e+03 1.784717641712985265e-39
5.867582738093744410e+03 1.707343206121620452e-39
6.144385320462381060e+03 1.633246361816374142e-39
6.434246034778354442e+03 1.564248725514962645e-39
6.737780897006889063e+03 1.500125132014709395e-39
7.055634983599878069e+03 1.439767368415620464e-39
7.388483802421194923e+03 1.381964789243990776e-39
7.737034728345327494e+03 1.326435701819827877e-39
8.102028506580073554e+03 1.272537237789546150e-39
8.484240826908473537e+03 1.220366935119036704e-39
8.884483972195359456e+03 1.170336921019113895e-39
9.303608544662043641e+03 1.122584766566188576e-39
9.742505273597820633e+03 1.076984290769560446e-39
1.020210690835006608e+04 1.033362734480006527e-39
1.068339020061594601e+04 9.915990744974381194e-40
1.118737798024852054e+04 9.518348184926519171e-40
1.171514132898874232e+04 9.135866781773474031e-40
1.226780185674316454e+04 8.770749558879131014e-40
1.284653408524455153e+04 8.425020882963354847e-40
1.345256794416166667e+04 8.089252336219968072e-40
1.408719138496264713e+04 7.785029696376488002e-40
1.475175311808713013e+04 7.497180666848635521e-40
1.544766547924416955e+04 7.212032218056343679e-40
1.617640743092746197e+04 6.933398214552051150e-40
1.693952770552671427e+04 6.663480729843535974e-40
1.773864809671492185e+04 6.432891603169135216e-40
1.857546690610667065e+04 6.204940343720945700e-40
1.945176255251180919e+04 5.980508232999228372e-40
2.036939735145561644e+04 5.775839585302846040e-40
2.133032147299728604e+04 5.577567415412085159e-40
2.233657708625805390e+04 5.388245278911899605e-40
2.339030269946705084e+04 5.205138738418010900e-40
2.449373770474829143e+04 5.027398252564231356e-40
2.564922713730753821e+04 4.862355867668113395e-40
2.685922665913328456e+04 4.704627706408196324e-40
2.812630777780323115e+04 4.552060598758970251e-40
2.945316331148767495e+04 4.408198929203571067e-40
3.084261311176328672e+04 4.274638584498563582e-40
3.229761005640056828e+04 4.146375091193848601e-40
3.382124632486013434e+04 4.030159312082516700e-40
3.541675996983491495e+04 3.902421611001023113e-40
3.708754179880412994e+04 3.787168231671865566e-40
3.883714258022386639e+04 3.656508726699904757e-40
4.066928058966886601e+04 3.547544885744594750e-40
4.258784951196271140e+04 3.442989656066317894e-40
4.459692671609055105e+04 3.345979518598773860e-40
4.670078192047906487e+04 3.252265440392891105e-40
4.890388626706094510e+04 3.162822267796051343e-40
5.121092182340699947e+04 3.075753827744155477e-40
5.362679153312031849e+04 2.990532850096358796e-40
5.615662963563930680e+04 2.909845786006494319e-40
5.880581257759371510e+04 2.834381155366445430e-40
6.157997043890276109e+04 2.764180313374970043e-40
6.448499889789817826e+04 2.698840629427749570e-40
6.752707176090055145e+04 2.638015259840902280e-40
7.071265408287766331e+04 2.581267984859643172e-40
7.404851590706723800e+04 2.498257656898861369e-40
7.754174665276614542e+04 2.344808637104505098e-40
8.119977018186144414e+04 2.133186067885303895e-40
8.503036057612337754e+04 1.881336586002196692e-40
8.904165865879069315e+04 1.607289773885333015e-40
9.324218929555974319e+04 1.321372511462895605e-40
9.764087951174598129e+04 1.014223518565090428e-40
1.022470774641204043e+05 6.501312414918346444e-41
1.070705723077413713e+05 3.199425686702513773e-41
1.121216149999999034e+05 2.140097996075809352e-41
