1.056583745000000130e-01 6.894830603452424309e-36
1.106345906207188978e-01 8.127214614119737479e-36
1.158451727062492081e-01 9.367645662108030811e-36
1.213011587429102395e-01 1.054757393874198372e-35
1.270141065755342469e-01 1.173265758294870295e-35
1.329961183913593858e-01 1.282343594647142563e-35
1.392598663570459028e-01 1.358988116500706412e-35
1.458186194631244936e-01 1.412505979743971185e-35
1.526862716327437586e-01 1.451326843966895589e-35
1.598773711542617326e-01 1.485584451661434128e-35
1.674071515000306598e-01 1.514953993293037526e-35
1.752915635966608432e-01 1.533631735410191196e-35
1.835473096151245265e-01 1.547078439240572938e-35
1.921918783522799934e-01 1.557311374418728529e-35
2.012435822787667639e-01 1.564053821156689315e-35
2.107215963317542184e-01 1.568394144848550726e-35
2.206459985347210273e-01 1.572616355184919615e-35
2.310378125303129693e-01 1.575560076834226072e-35
2.419190521163806507e-01 1.576511078610321167e-35
2.533127678795411564e-01 1.575852830014325018e-35
2.652430960250503067e-01 1.574055015549398942e-35
2.777353095064268862e-01 1.570272216645860057e-35
2.908158715631404267e-01 1.563265027639892296e-35
3.045124917797746855e-01 1.552608133166070823e-35
3.188541847854226563e-01 1.545260065576827227e-35
3.338713317176603690e-01 1.539113292513171473e-35
3.495957445813023257e-01 1.528244796359704900e-35
3.660607336382766808e-01 1.515774687314060697e-35
3.833011779713756950e-01 1.502841192459306022e-35
4.013535993713631123e-01 1.485767321685549180e-35
4.202562397039600328e-01 1.466195943440765722e-35
4.400491419205991295e-01 1.447019241365106277e-35
4.607742348845628721e-01 1.426961910541000913e-35
4.824754221921953024e-01 1.404939102587749630e-35
5.051986751773474005e-01 1.382890457566016373e-35
5.289921302960738370e-01 1.359970102152928881e-35
5.539061910978774206e-01 1.334137470798691472e-35
5.799936349995177265e-01 1.308537277553338360e-35
6.073097250875679753e-01 1.284547417863785643e-35
6.359123271865628757e-01 1.260307173785593517e-35
6.658620324407321656e-01 1.235611411426309738e-35
6.972222856689911374e-01 1.209882973226775705e-35
7.300595197650966428e-01 1.182986307950949707e-35
7.644432964276778320e-01 1.154719103286482658e-35
8.004464535182584939e-01 1.126700682403393658e-35
8.381452593594347356e-01 1.099126284344487734e-35
8.776195743000695382e-01 1.071887133985232285e-35
9.189530198897556401e-01 1.044355299748593559e-35
9.622331560209309576e-01 1.016064738988682013e-35
1.007551666413891489e+00 9.863675386437711679e-36
1.055004552837635945e+00 9.562667742587357341e-36
1.104692338477973212e+00 9.273116255597869321e-36
1.156720280883699825e+00 8.995483921280751207e-36
1.211198594941957474e+00 8.720145668822964508e-36
1.268242686355101290e+00 8.444985083960803918e-36
1.327973396113692583e+00 8.169511422979423071e-36
1.390517256483481123e+00 7.894454685314565526e-36
1.456006759048664501e+00 7.623462291230343008e-36
1.524580635379249038e+00 7.363132817713027306e-36
1.596384150917054434e+00 7.114267903191395503e-36
1.671569412702939905e+00 6.873898384246898253e-36
1.750295691597121950e+00 6.638611539773990510e-36
1.832729759675183923e+00 6.410228846517308827e-36
1.919046243514493266e+00 6.188323830088290517e-36
2.009427994119427741e+00 5.972833568304151024e-36
2.104066474269062237e+00 5.762107244327241493e-36
2.203162164107844490e+00 5.555820735013665832e-36
2.306924985838471276e+00 5.354568782136202021e-36
2.415574748416624118e+00 5.158832203488348674e-36
2.529341613189584503e+00 4.967791079215466693e-36
2.648466581465138248e+00 4.780930521367998527e-36
2.773202005043625906e+00 4.597168786632138448e-36
2.903812120794630136e+00 4.418235609938752633e-36
3.040573610410743921e+00 4.245395041005649809e-36
3.183776186524181373e+00 4.078946313088951607e-36
3.333723206427865460e+00 3.918204610171232866e-36
3.490732314701068262e+00 3.762940973766436708e-36
3.655136116100925481e+00 3.613438508341703759e-36
3.827282880145295163e+00 3.469977124761037541e-36
4.007537278879496512e+00 3.331966931326304617e-36
4.196281159389809723e+00 3.198966417588845695e-36
4.393914352700240222e+00 3.070268179658658096e-36
4.600855520766053530e+00 2.946065056312557921e-36
4.817543043358353039e+00 2.826132479130320897e-36
5.044435946718482278e+00 2.710714568800460807e-36
5.282014875949449184e+00 2.598947719574657872e-36
5.530783113204287282e+00 2.490624249175101064e-36
5.791267643828282630e+00 2.386757035735143004e-36
6.064020272713522175e+00 2.288553600711553418e-36
6.349618793230634495e+00 2.195384578852143093e-36
6.648668211214001644e+00 2.105437924218476136e-36
6.961802026593247206e+00 2.018040894211106077e-36
7.289683575386021630e+00 1.933712926025266675e-36
7.633007434894908627e+00 1.852740680352306372e-36
7.992500895085241197e+00 1.774973051094866625e-36
8.368925499260686962e+00 1.701045549515548034e-36
8.763078657300384933e+00 1.630923758796905753e-36
9.175795334875106235e+00 1.563430403131051457e-36
9.607949822220762215e+00 1.497349757852991092e-36
1.006045758621625374e+01 1.432991306568765532e-36
1.053427720968904957e+01 1.371567734353572195e-36
1.103041242205667771e+01 1.313030581206577904e-36
1.154991422560577519e+01 1.256937407957209391e-36
1.209388312191299164e+01 1.202771847787061322e-36
1.266347144312413420e+01 1.150539335369578167e-36
1.325988579303008663e+01 1.100224605919290193e-36
1.388438960311064818e+01 1.051788130226041005e-36
1.453830580896085856e+01 1.005478498052204505e-36
1.522301965276972346e+01 9.614806288672628985e-37
1.593998161778777067e+01 9.195875713105996561e-37
1.669071050099993769e+01 8.793159901692548568e-37
1.747679663051281906e+01 8.404880884563552652e-37
1.829990523447193596e+01 8.035097928400468368e-37
1.916177996864557898e+01 7.685862544830261559e-37
2.006424661014820643e+01 7.354070059018936102e-37
2.100921692512781291e+01 7.033771753017427070e-37
2.199869271861071240e+01 6.724057046393192009e-37
2.303477007508273644e+01 6.425094429806355456e-37
2.411964379879007225e+01 6.137165270820364130e-37
2.525561206316591978e+01 5.861054833782872087e-37
2.644508127923215923e+01 5.598936063455326444e-37
2.769057119328942562e+01 5.349989862216106121e-37
2.899472022469403143e+01 5.110188723814132053e-37
3.036029105502944958e+01 4.877159224724810832e-37
3.179017648051225464e+01 4.653503134936885991e-37
3.328740554003016427e+01 4.445930452974952238e-37
3.485514993179349119e+01 4.253934543251293061e-37
3.649673073219340580e+01 4.071644476340942991e-37
3.821562543109941856e+01 3.895007004124615640e-37
4.001547529850004281e+01 3.723961490923855006e-37
4.190009309809172322e+01 3.560919707644239995e-37
4.387347116415637771e+01 3.405562195990878119e-37
4.593978985883754262e+01 3.258341585330577396e-37
4.810342642773046862e+01 3.119026392282999556e-37
5.036896427254641395e+01 2.985453214829207140e-37
5.274120266049320094e+01 2.852479790203063593e-37
5.522516689094089770e+01 2.720229281767976703e-37
5.782611894090916138e+01 2.594788365389583832e-37
6.054956861192756890e+01 2.479073012911395317e-37
6.340128520188179806e+01 2.371083808076013421e-37
6.638730972657197071e+01 2.265569410779907424e-37
6.951396771687186060e+01 2.162226397721897770e-37
7.278788261859909881e+01 2.063712986997961663e-37
7.621598982348199058e+01 1.971112478719927672e-37
7.980555136094588420e+01 1.883937463587881620e-37
8.356417128184202170e+01 1.801372761646088155e-37
8.749981176670689820e+01 1.723089167842380675e-37
9.162080999267669768e+01 1.647724337685599173e-37
9.593589579478580731e+01 1.574694974755197556e-37
1.004542101590638481e+02 1.504494374559518290e-37
1.051853245866061144e+02 1.438306925124977250e-37
1.101392613696381773e+02 1.375881756853980923e-37
1.153265148225262067e+02 1.316135523425469828e-37
1.207580735127100837e+02 1.258427688492132751e-37
1.264454435386506219e+02 1.202542024841089573e-37
1.324006729041040842e+02 1.148411330938190022e-37
1.386363770403571607e+02 1.096040052882896879e-37
1.451657655304886418e+02 1.045787924245758711e-37
1.520026700922686587e+02 9.978473577524300075e-38
1.591615738789766112e+02 9.523280552557213625e-38
1.666576421602045173e+02 9.093417159359969033e-38
1.745067544476418391e+02 8.686988218084218953e-38
1.827255381338955260e+02 8.297913374261679131e-38
1.913314037156050063e+02 7.923405472291828713e-38
2.003425816754683240e+02 7.564514815890278220e-38
2.097781611013083420e+02 7.224293536887898230e-38
2.196581301239918105e+02 6.901836569171996554e-38
2.300034182598600125e+02 6.596674259342589706e-38
2.408359407473714668e+02 6.307590937949997612e-38
2.521786449718772189e+02 6.030611203709703031e-38
2.640555590768743741e+02 5.759929531973886980e-38
2.764918428647134192e+02 5.496026586512708163e-38
2.895138410945901342e+02 5.244766417573011922e-38
3.031491392907225872e+02 5.007817659124802989e-38
3.174266221789392830e+02 4.783242956284639900e-38
3.323765348754683373e+02 4.567796604505381212e-38
3.480305469575491202e+02 4.361236738797115781e-38
3.644218195515900334e+02 4.164827633138569105e-38
3.815850755809956354e+02 3.978417826822336285e-38
3.995566733224683276e+02 3.801606538305786948e-38
4.183746834266088399e+02 3.634178651578424820e-38
4.380789695659734093e+02 3.475327691519325448e-38
4.587112728814300340e+02 3.321963953991073948e-38
4.803153004057044200e+02 3.172906140067703117e-38
5.029368176514271909e+02 3.029291183133749620e-38
5.266237455598256929e+02 2.892979833459617504e-38
5.514262620154253227e+02 2.763506294142296747e-38
5.773969081418135829e+02 2.639725607338881396e-38
6.045906996036395640e+02 2.521366328385876143e-38
6.330652431506292714e+02 2.407800394875400463e-38
6.628808586504964069e+02 2.298196186692451143e-38
6.941007068692721305e+02 2.192623167054184594e-38
7.267909232697262496e+02 2.092058705550390363e-38
7.610207581113265860e+02 1.996782136216653391e-38
7.968627231485160110e+02 1.906608522103608160e-38
8.343927452380719387e+02 1.821201268896087823e-38
8.736903271809462694e+02 1.740152327899004709e-38
9.148387161393053475e+02 1.662250437387948200e-38
9.579250799855535661e+02 1.586902734664625649e-38
1.003040691956898172e+03 1.514969648833263854e-38
1.050281124006635082e+03 1.447465872061233815e-38
1.099746449261743464e+03 1.383917111042343127e-38
1.151541454015670752e+03 1.322788760516050018e-38
1.205775859705384391e+03 1.263906625514399432e-38
1.262564555342943322e+03 1.207510350635269739e-38
1.322027840893923894e+03 1.153752522311074358e-38
1.384291682118315748e+03 1.102532484026574724e-38
1.449487977413719364e+03 1.053886186522608929e-38
1.517754837226087147e+03 1.007722853550605837e-38
1.589236876619979739e+03 9.634291995068677266e-39
1.664085521628019933e+03 9.204811687611854398e-39
1.742459330028606246e+03 8.790534263874579577e-39
1.824524327231317557e+03 8.399103058841610881e-39
1.910454357981620433e+03 8.028696025387341463e-39
2.000431454629893551e+03 7.674903609595413554e-39
2.094646222744863280e+03 7.334771903907224898e-39
2.193298244888419049e+03 7.008006684405580125e-39
2.296596503407036380e+03 6.694913173166429754e-39
2.404759823135572333e+03 6.396827648286719458e-39
2.518017334951112844e+03 6.113490394424339259e-39
2.636608961158962302e+03 5.844043180180022007e-39
2.760785923738973906e+03 5.588088649025355923e-39
2.890811276528811504e+03 5.344986784593479793e-39
3.026960462471652590e+03 5.113536295548370663e-39
3.169521897108624216e+03 4.892943211515322249e-39
3.318797579552167917e+03 4.682636642652702991e-39
3.475103732234561903e+03 4.481435634518902296e-39
3.638771470786753525e+03 4.286119691018311031e-39
3.810147505466723942e+03 4.095700011233972004e-39
3.989594875623074586e+03 3.913309755851439335e-39
4.177493718749923573e+03 3.740708535593694554e-39
4.374242075762037530e+03 3.577082145380939526e-39
4.580256734196265825e+03 3.419915706548975074e-39
4.795974111125427953e+03 3.269463003025520331e-39
5.021851177654897583e+03 3.125111740647573149e-39
5.258366426960553326e+03 2.986334834857487376e-39
5.506020887918471999e+03 2.853811386565336769e-39
5.765339186473928748e+03 2.730113983251857764e-39
6.036870656997775768e+03 2.614626217659453214e-39
6.321190505984723131e+03 2.504832432757347212e-39
6.618901030558588900e+03 2.399390846387658133e-39
6.930632894365631728e+03 2.298354953584912915e-39
7.257046463559121548e+03 2.201100617915007439e-39
7.598833205704846478e+03 2.107377603845436779e-39
7.956717154571418178e+03 2.017873084759873545e-39
8.331456443907914945e+03 1.932794402805576427e-39
8.723844913458340670e+03 1.851589299340834268e-39
9.134713790614912796e+03 1.773198147344599763e-39
9.564933451272381717e+03 1.697811982652904504e-39
1.001541526361396609e+04 1.625501409470441878e-39
1.048711351873420426e+04 1.556198885938724313e-39
1.098102745218897871e+04 1.490367116100516821e-39
1.149820336075494197e+04 1.428295829743706500e-39
1.203973681888221290e+04 1.369538308111754627e-39
1.260677499953617917e+04 1.314000095759726947e-39
1.320051910434413185e+04 1.261544158156134157e-39
1.382222690819546006e+04 1.211613477639963239e-39
1.447321542368504561e+04 1.163124161563986834e-39
1.515486369104483492e+04 1.115815126853445109e-39
1.586861569947343378e+04 1.070943542146312001e-39
1.661598344605191596e+04 1.028879171423818623e-39
1.739855013872655036e+04 9.890564461084777728e-40
1.821797355014260029e+04 9.496153552897215245e-40
1.907598952943491167e+04 9.112873211822963686e-40
1.997441567941358880e+04 8.751764463218173320e-40
2.091515520693523649e+04 8.412085804665154932e-40
2.190020095461603705e+04 8.081317725810431736e-40
2.293163962242689377e+04 7.774071313953752691e-40
2.401165618811462991e+04 7.477043917829025772e-40
2.514253853581208750e+04 7.194090228342069873e-40
2.632668230264337035e+04 6.919646328778574514e-40
2.756659595359075320e+04 6.661786347407439877e-40
2.886490609537320779e+04 6.430338332560714456e-40
3.022436304059467147e+04 6.214961792059661609e-40
3.164784663394735253e+04 6.004708381254222061e-40
3.313837235281396715e+04 5.797257304770899686e-40
3.469909769519050315e+04 5.602433375120789331e-40
3.633332886846301699e+04 5.411949124427999021e-40
3.804452779320730770e+04 5.236876651517422592e-40
3.983631943684735597e+04 5.065320332303828800e-40
4.171249949270984507e+04 4.904267450171310584e-40
4.367704242073961359e+04 4.758551968819831194e-40
4.573410986691172002e+04 4.612686017897872036e-40
4.788805947917325102e+04 4.472721655287892487e-40
5.014345413859232212e+04 4.347811428019165574e-40
5.250507162526863976e+04 4.227224248562461475e-40
5.497791473948060593e+04 4.103719556792777001e-40
5.756722189951188921e+04 3.990515075594357819e-40
6.027847823860448261e+04 3.885972004201718680e-40
6.311742722454929026e+04 3.785692394630248734e-40
6.609008282652533671e+04 3.690357954574973943e-40
6.920274225496461440e+04 3.586029377574626329e-40
7.246199930142916855e+04 3.507384207368820935e-40
7.587475830675799807e+04 3.435092375485080880e-40
7.944824878707714379e+04 3.368905317131255270e-40
8.319004074865180883e+04 3.307009867121404560e-40
8.710806072402716381e+04 3.247801871661060541e-40
9.121060856342698389e+04 3.189677198467875102e-40
9.550637501697859261e+04 3.132686472810335919e-40
1.000044601450147020e+05 3.079191401919967397e-40
1.047143925954462320e+05 3.032929271753571684e-40
1.096461497890490427e+05 2.992606905554115853e-40
1.148101790554185864e+05 2.957564848173451732e-40
1.202174197643713851e+05 2.927152713504290087e-40
1.258793264996742655e+05 2.900544429680634434e-40
1.318078933241894119e+05 2.851665452535259683e-40
1.380156791878441582e+05 2.751951717723062701e-40
1.445158345322413661e+05 2.603768534277770777e-40
1.513221291482776578e+05 2.412554387139477278e-40
1.584489813457736163e+05 2.186438177559245567e-40
1.659114884969157574e+05 1.935780014400362237e-40
1.737254590182096581e+05 1.669495101695515158e-40
1.819074458586912660e+05 1.368475745023052954e-40
1.904747815653449215e+05 8.824689357910002135e-41
1.994456149999998743e+05 6.006283282321975779e-41
