1.056583745000000130e-01 8.007010677580661165e-37
1.106352701823449802e-01 9.284919644490656807e-37
1.158465958448042649e-01 1.067214547369268881e-36
1.213033939964204277e-01 1.213108010147022639e-36
1.270172272887788445e-01 1.361261427416093998e-36
1.330002030166228533e-01 1.505894157167018905e-36
1.392649987725374794e-01 1.640785858068054106e-36
1.458248893100624333e-01 1.759816209053302913e-36
1.526937746721563349e-01 1.860901323522828678e-36
1.598862096446137804e-01 1.955305184843342556e-36
1.674174345968468536e-01 2.043463386753415353e-36
1.753034077753790887e-01 2.122361351793349063e-36
1.835608391184823662e-01 2.193094479857618893e-36
1.922072256636056520e-01 2.258503054457862689e-36
2.012608886226236737e-01 2.330310461634455784e-36
2.107410122034653333e-01 2.409221138665523745e-36
2.206676842603824129e-01 2.495556768847052644e-36
2.310619388589951195e-01 2.590087940280141124e-36
2.419458008463057641e-01 2.691616927141940072e-36
2.533423325201247245e-01 2.794692884090597573e-36
2.652756824967952287e-01 2.898588884519281206e-36
2.777711368807674885e-01 3.001234083888807223e-36
2.908551728444473405e-01 3.103947899192312326e-36
3.045555147318499412e-01 3.206398860122391153e-36
3.189011928049429456e-01 3.308209690330732729e-36
3.339226047571548506e-01 3.409139240370431342e-36
3.496515801243962884e-01 3.509232620047536726e-36
3.661214477300748782e-01 3.608646881152028645e-36
3.833671063070171470e-01 3.707322752403035842e-36
4.014250984459409310e-01 3.804817350116461202e-36
4.203336880271720255e-01 3.900577378460125567e-36
4.401329412996759505e-01 3.992745690247170286e-36
4.608648117792104593e-01 4.082418682890624610e-36
4.825732291454901679e-01 4.172869317191082737e-36
5.053041923267329594e-01 4.269586435468168676e-36
5.291058669688288862e-01 4.372785215272126812e-36
5.540286874956632523e-01 4.482909939410594392e-36
5.801254639768537169e-01 4.600546618170718490e-36
6.074514940293488374e-01 4.718125394435346121e-36
6.360646799900003812e-01 4.824717299543321580e-36
6.660256516073933541e-01 4.919435792197288059e-36
6.973978945129080120e-01 5.000391611314203232e-36
7.302478847432398723e-01 5.068195509529884283e-36
7.646452295994223824e-01 5.130824816459924417e-36
8.006628151408226035e-01 5.196921564322148717e-36
8.383769606266452401e-01 5.266416533346616816e-36
8.778675802321953547e-01 5.339387593479238015e-36
9.192183523825679936e-01 5.415966947287361801e-36
9.625168970625738174e-01 5.493128212201942739e-36
1.007854961478611200e+00 5.568189427380838862e-36
1.055328614465889325e+00 5.641011108293800124e-36
1.105038450052943544e+00 5.710437483196946449e-36
1.157089800614783393e+00 5.777334255866895804e-36
1.211592960066333324e+00 5.840967126744681822e-36
1.268663417569100949e+00 5.900756910746164614e-36
1.328422102246278547e+00 5.956557677417709293e-36
1.390995639424831065e+00 6.008268906905286586e-36
1.456516618947510278e+00 6.055821249983590709e-36
1.525123876123358091e+00 6.099845638292597900e-36
1.596962785911995919e+00 6.140667657518528768e-36
1.672185570965072587e+00 6.178207583136488006e-36
1.750951624177595534e+00 6.211444112844679285e-36
1.833427846432598596e+00 6.241188164467370403e-36
1.919789000254830569e+00 6.265672261303307889e-36
2.010218080122812001e+00 6.284014555113592035e-36
2.104906700223956761e+00 6.296144268344141757e-36
2.204055500474368046e+00 6.301998846623199348e-36
2.307874571663651952e+00 6.301641042829205221e-36
2.416583900625613790e+00 6.297055530393010365e-36
2.530413836378107462e+00 6.288992281804638667e-36
2.649605578219794477e+00 6.277454307203265900e-36
2.774411686818021749e+00 6.261559000708108669e-36
2.905096619370830968e+00 6.242026649540479565e-36
3.041937289977038272e+00 6.216345299754953441e-36
3.185223656401791281e+00 6.183796000945271979e-36
3.335259334480950688e+00 6.144497746521948547e-36
3.492362241466131501e+00 6.098615447851078270e-36
3.656865269673680974e+00 6.046346104934655370e-36
3.829116991864962127e+00 5.987900379045111490e-36
4.009482399852631218e+00 5.923439778015987746e-36
4.198343677897987014e+00 5.853152294897657661e-36
4.396101012538135677e+00 5.776424508011664045e-36
4.603173440559007012e+00 5.694807448315761039e-36
4.819999736910964394e+00 5.611919782312718698e-36
5.047039344448519316e+00 5.528510063922809300e-36
5.284773347464164495e+00 5.444618231552512164e-36
5.533705491079207839e+00 5.360333327049911215e-36
5.794363248651665188e+00 5.275457983557375149e-36
6.067298939462929752e+00 5.188313315728393156e-36
6.353090899051608176e+00 5.098765639737198881e-36
6.652344704674321818e+00 5.006985013910346836e-36
6.965694458490228946e+00 4.912442361285802776e-36
7.293804131188198703e+00 4.815948952770997676e-36
7.637368968903738953e+00 4.717389172882449923e-36
7.997116966406887961e+00 4.616924369818986224e-36
8.373810409682583611e+00 4.514765146780967953e-36
8.768247491172271424e+00 4.411234957413391378e-36
9.181264001099249228e+00 4.306748288149657086e-36
9.613735098461626549e+00 4.201784357588801969e-36
1.006657716544556003e+01 4.096527532336693686e-36
1.054074974918805907e+01 3.991128283978419998e-36
1.103725759500404102e+01 3.884174363173140317e-36
1.155715277538565111e+01 3.774841308627339938e-36
1.210153691928535835e+01 3.664030390733622288e-36
1.267156354640642846e+01 3.557910421219764411e-36
1.326844051144690972e+01 3.457653566067099062e-36
1.389343256347653899e+01 3.360689537256275999e-36
1.454786402586968741e+01 3.263610400508562365e-36
1.523312160247279046e+01 3.166533983380875520e-36
1.595065731595266634e+01 3.068630392124555949e-36
1.670199158455178789e+01 2.969910745665869482e-36
1.748871644376981749e+01 2.872250802020115546e-36
1.831249891979829414e+01 2.778928558736848465e-36
1.917508456185631971e+01 2.689803239969306742e-36
2.007830114091227358e+01 2.601221890131718185e-36
2.102406252262867525e+01 2.512453772294815688e-36
2.201437272273704338e+01 2.424510857026746462e-36
2.305133015343576730e+01 2.338646825894347293e-36
2.413713206980864712e+01 2.254826110809667359e-36
2.527407922568621501e+01 2.173538706418891233e-36
2.646458074881498845e+01 2.094850139169259215e-36
2.771115924566521116e+01 2.018428773851184886e-36
2.901645614669340389e+01 1.944174996689875404e-36
3.038323730338655437e+01 1.871876830410331230e-36
3.181439884894760439e+01 1.801481496171988251e-36
3.331297333504031855e+01 1.732972249883146876e-36
3.488213615759762121e+01 1.666374705477372117e-36
3.652521228530876840e+01 1.601786814156083673e-36
3.824568330504310865e+01 1.539454328058535657e-36
4.004719479913867275e+01 1.479638686069556537e-36
4.193356407018833920e+01 1.422312730439682479e-36
4.390878822969174422e+01 1.367078264608745165e-36
4.597705266771178856e+01 1.313598015355894192e-36
4.814273992148345371e+01 1.261734424769550254e-36
5.041043896176619654e+01 1.210884471184604836e-36
5.278495491661774963e+01 1.160948929077264578e-36
5.527131925319279304e+01 1.112621363708734300e-36
5.787480043914196415e+01 1.066827063826914239e-36
6.060091510620173239e+01 1.023371087342158191e-36
6.345543973962973894e+01 9.816010842360179122e-37
6.644442291825575353e+01 9.413227138723973930e-37
6.957419813108343476e+01 9.021730234509018713e-37
7.285139719760138632e+01 8.637427234482856526e-37
7.628296432023910256e+01 8.261646825271150442e-37
7.987617079874561909e+01 7.905614581391781888e-37
8.363863043766926353e+01 7.570932317043010970e-37
8.757831567958528751e+01 7.253422900922719035e-37
9.170357449825824858e+01 6.948027684557637486e-37
9.602314808753369846e+01 6.654934868015792414e-37
1.005461893834417708e+02 6.373827383761881697e-37
1.052822824587587149e+02 6.104256245304524546e-37
1.102414628311239113e+02 5.847136332349701061e-37
1.154342387277436188e+02 5.604411172204179288e-37
1.208716133517389011e+02 5.374754294568440167e-37
1.265651081973209671e+02 5.153465996172054172e-37
1.325267874631966265e+02 4.939250282307682365e-37
1.387692836159330625e+02 4.732321083079432584e-37
1.453058241574520650e+02 4.532779497535455989e-37
1.521502596533700000e+02 4.339367896184509983e-37
1.593170930815761892e+02 4.151033006596009571e-37
1.668215105632349946e+02 3.967601601526665702e-37
1.746794135413317974e+02 3.789678558226879668e-37
1.829074524749461830e+02 3.618554473463803332e-37
1.915230621206471540e+02 3.454991234759840452e-37
2.005444984757724285e+02 3.299061136405091867e-37
2.099908774618706104e+02 3.150478639277553870e-37
2.198822154302758065e+02 3.009104802483079277e-37
2.302394715756407209e+02 2.875015447526323970e-37
2.410845923473044365e+02 2.748198093863632523e-37
2.524405579525977998e+02 2.628540347139677104e-37
2.643314310506223137e+02 2.515670355930518054e-37
2.767824077396865050e+02 2.408505800353141375e-37
2.898198709464356284e+02 2.305607492325004901e-37
3.034714463298057581e+02 2.206166427616829234e-37
3.177660608182560509e+02 2.110852892446957202e-37
3.327340039043208435e+02 2.019721098476286178e-37
3.484069918263598993e+02 1.932091157719229612e-37
3.648182347735000803e+02 1.847041441820732134e-37
3.820025072561792285e+02 1.764621148260444666e-37
3.999962217913976588e+02 1.685568673333382012e-37
4.188375060588167571e+02 1.609967871599755910e-37
4.385662836911876639e+02 1.537493729234703202e-37
4.592243588703086630e+02 1.467879499200886820e-37
4.808555049077606327e+02 1.401367093062344578e-37
5.035055569981158214e+02 1.338180923851237445e-37
5.272225093411659600e+02 1.278232579398894545e-37
5.520566168389591439e+02 1.221298084745644973e-37
5.780605015831428091e+02 1.167113323953674969e-37
6.052892643582442815e+02 1.115373955508916939e-37
6.338006013971674975e+02 1.065361604584237744e-37
6.636549266363015249e+02 1.016886103696754519e-37
6.949154997292862390e+02 9.704873506026901298e-38
7.276485600906986519e+02 9.270097597943120261e-38
7.619234672536889548e+02 8.861380388085574365e-38
7.978128478389659222e+02 8.467511938232151041e-38
8.353927494465674499e+02 8.085456442405851407e-38
8.747428017964912215e+02 7.717785096961313097e-38
9.159463854596425563e+02 7.368829509398853473e-38
9.590908085366189653e+02 7.038958852598967012e-38
1.004267491658717972e+03 6.725624668264076341e-38
1.051572161703170650e+03 6.427488204815335369e-38
1.101105054633060718e+03 6.142833636515760428e-38
1.152971127891754804e+03 5.869447882742854360e-38
1.207280282801883686e+03 5.606515268180727557e-38
1.264147597440128038e+03 5.357185736128864270e-38
1.323693570481254937e+03 5.121698326351696451e-38
1.386044376528114981e+03 4.898400747288311566e-38
1.451332133468586790e+03 4.685198373813712847e-38
1.519695182426039537e+03 4.481390463116402367e-38
1.591278380896470935e+03 4.285283515592386487e-38
1.666233409693479189e+03 4.096276107018914364e-38
1.744719094351466083e+03 3.915035307865341355e-38
1.826901741668099703e+03 3.742711141644550902e-38
1.912955492099179082e+03 3.578240618850600058e-38
2.003062688752545910e+03 3.418988752661222709e-38
2.097414263762995233e+03 3.264257851097593860e-38
2.196210142866841124e+03 3.114348024735636062e-38
2.299659669033423597e+03 2.969795445171515744e-38
2.407982046051204179e+03 2.831072413254117229e-38
2.521406803008415409e+03 2.700569923805359324e-38
2.640174280652394373e+03 2.578485183532849178e-38
2.764536140658268778e+03 2.462329985744086864e-38
2.894755898886035538e+03 2.348583543352047130e-38
3.031109483756004011e+03 2.238001050361084787e-38
3.173885820925759162e+03 2.134420437758296330e-38
3.323387445507544726e+03 2.038441600819450691e-38
3.479931143123355469e+03 1.948428605062726760e-38
3.643848621155998444e+03 1.862052747785017679e-38
3.815487211618603851e+03 1.778884693059037786e-38
3.995210607131822144e+03 1.699606801687924134e-38
4.183399631568246150e+03 1.624270283736616720e-38
4.380453046997003185e+03 1.552592769156397819e-38
4.586788398638375838e+03 1.484277489774534325e-38
4.802842899618925003e+03 1.419145678323670664e-38
5.029074357401713314e+03 1.356404373924792868e-38
5.265962143854878377e+03 1.295795263653823435e-38
5.514008211013933760e+03 1.237674108510333269e-38
5.773738154690193369e+03 1.182656584674131737e-38
6.045702328179047072e+03 1.130509677779908101e-38
6.330477008427947112e+03 1.080422972698096065e-38
6.628665617135242428e+03 1.032130019578733336e-38
6.940899999367094097e+03 9.859018128323773163e-39
7.267841762402058521e+03 9.422120144232262591e-39
7.610183677640074166e+03 9.008228151551751733e-39
7.968651148546503464e+03 8.612381630561018600e-39
8.344003747741700863e+03 8.232710967167669081e-39
8.737036826493109402e+03 7.866982381975019390e-39
9.148583200020395452e+03 7.512191798688095901e-39
9.579514912184446075e+03 7.170349984171925119e-39
1.003074508329984928e+04 6.846425862374941806e-39
1.050322984498599908e+04 6.540962616845062627e-39
1.099797036615678371e+04 6.250857611478112386e-39
1.151601497444179950e+04 5.971468063526402391e-39
1.205846137753422227e+04 5.701744104147406724e-39
1.262645898917241902e+04 5.443382401910841989e-39
1.322121136468353870e+04 5.196560290761469585e-39
1.384397875125036626e+04 4.961302844511911039e-39
1.449608075830494090e+04 4.737919324659588533e-39
1.517889915370749804e+04 4.525181478059736980e-39
1.589388079163565817e+04 4.321988048363326854e-39
1.664254067838788251e+04 4.127753493703135501e-39
1.742646518259762524e+04 3.941967259229812486e-39
1.824731539665998207e+04 3.764204977657558370e-39
1.910683065649415948e+04 3.595041351585568561e-39
2.000683222709946131e+04 3.433864032742607781e-39
2.094922716171443608e+04 3.280187971190450435e-39
2.193601234275658135e+04 3.134451373810654273e-39
2.296927871310498085e+04 2.997606453734636624e-39
2.405121570669209541e+04 2.868325954455486059e-39
2.518411588779211888e+04 2.743382807413058046e-39
2.637037980883728596e+04 2.621826385436001167e-39
2.761252109705481780e+04 2.504672750742651931e-39
2.891317178070310911e+04 2.393703994625463237e-39
3.027508786619314924e+04 2.288727377836711984e-39
3.170115517791263483e+04 2.188024348429123712e-39
3.319439547312749346e+04 2.090984263928288837e-39
3.475797284491699247e+04 1.997615708104800302e-39
3.639520042671111150e+04 1.907975842692746092e-39
3.810954741263582400e+04 1.821847199859298323e-39
3.990464640854238678e+04 1.740038851990268595e-39
4.178430112929695315e+04 1.662623320988701860e-39
4.375249445864059089e+04 1.588839486883420940e-39
4.581339688869862584e+04 1.517506885370027371e-39
4.797137535702081368e+04 1.448813926045424193e-39
5.023100249987931602e+04 1.383912457920423946e-39
5.259706634143037081e+04 1.322963872342906670e-39
5.507458043927104154e+04 1.265405172088548956e-39
5.766879450788866961e+04 1.210446038289585992e-39
6.038520554251365684e+04 1.157952614570791823e-39
6.322956946694685030e+04 1.107288829209802751e-39
6.620791333004103217e+04 1.058239826948472179e-39
6.932654807668246212e+04 1.011373567405323344e-39
7.259208192033178057e+04 9.676773867071598018e-40
7.601143434546051139e+04 9.268071556659695141e-40
7.959185076955353725e+04 8.877495050102128484e-40
8.334091789574542781e+04 8.501494027626364930e-40
8.726657978862269374e+04 8.139059447562274215e-40
9.137715470725360501e+04 7.788735365309177883e-40
9.568135273111684364e+04 7.450843073608336894e-40
1.001882942162749823e+05 7.131132615404068628e-40
1.049075291209013958e+05 6.830558123788023112e-40
1.098490572411099274e+05 6.544542711580586971e-40
1.150233493999671336e+05 6.264896330869594125e-40
1.204413696345823992e+05 5.991788742576017145e-40
1.261145984282931313e+05 5.731252623651933081e-40
1.320550570371698414e+05 5.484666603808802632e-40
1.382753329623887548e+05 5.251738355296295525e-40
1.447886066224461538e+05 5.032773666927649659e-40
1.516086792817313981e+05 4.826747115502645085e-40
1.587500022946391546e+05 4.627433113895368807e-40
1.662277077271834423e+05 4.432822124851387797e-40
1.740576404210043838e+05 4.245864545170254261e-40
1.822563915677055484e+05 4.071477573082061258e-40
1.908413338646655902e+05 3.908527220593854764e-40
1.998306583268170943e+05 3.752131076018580293e-40
2.092434128323944169e+05 3.600594733055745638e-40
2.190995424843291694e+05 3.454283148191288755e-40
2.294199318728108483e+05 3.314006537848309113e-40
2.402264493285727513e+05 3.179769685115674371e-40
2.515419932606672519e+05 3.053276840138180175e-40
2.633905406769202673e+05 2.934730102311460415e-40
2.757971979898763821e+05 2.822507407912882756e-40
2.887882542158890865e+05 2.713208914885858823e-40
3.023912366800855962e+05 2.607035056048702198e-40
3.166349693452335196e+05 2.505937010743028533e-40
3.315496338881158736e+05 2.410339451911362609e-40
3.471668336528238724e+05 2.319875244998696455e-40
3.635196606164842960e+05 2.234008886301771290e-40
3.806427655093169888e+05 2.151652860113657908e-40
3.985724312376033631e+05 2.070321553668117288e-40
4.173466497651482350e+05 1.990527898845205820e-40
4.370052026161323301e+05 1.918194499152295579e-40
4.575897451699507656e+05 1.849623968328401278e-40
4.791438949266430573e+05 1.783116516961765856e-40
5.017133239299482084e+05 1.723653614014034530e-40
5.253458555438234471e+05 1.664602114571669414e-40
5.500915657874897588e+05 1.608211176741343924e-40
5.760028894437339623e+05 1.554338403438135418e-40
6.031347311652887147e+05 1.504086950593375621e-40
6.315445818147405516e+05 1.455625689226310650e-40
6.612926402844660915e+05 1.412904523316288593e-40
6.924419410547356820e+05 1.371368293557351869e-40
7.250584877602683846e+05 1.331197090884176420e-40
7.592113930482587311e+05 1.294944818308702768e-40
7.949730250242362963e+05 1.259466669942891787e-40
8.324191605960442685e+05 1.227457334304564637e-40
8.716291460408961866e+05 1.197372870364411295e-40
9.126860651357190218e+05 1.167917714611101087e-40
9.556769152070535347e+05 1.141026331646565436e-40
1.000692791473546531e+06 1.116215567932320541e-40
1.047829080071647535e+06 1.093753799232992480e-40
1.097185660173531622e+06 1.073766435062019688e-40
1.148867115625493927e+06 1.055940516215439359e-40
1.202982956555307610e+06 1.038185960486939309e-40
1.259647851418087725e+06 1.022470306345373388e-40
1.318981869972365443e+06 1.007782106187901134e-40
1.381110737701225094e+06 9.899599581629410579e-41
1.446166102217600681e+06 9.800892913399778002e-41
1.514285812218254665e+06 9.725368366025919242e-41
1.585614209577474976e+06 9.672566198587220813e-41
1.660302435199487023e+06 9.644594680705137108e-41
1.738508749277612660e+06 9.649036727358045266e-41
1.820398866638813866e+06 9.681047962699699558e-41
1.906146307884187670e+06 9.741652938115841929e-41
1.995932767069458030e+06 9.833336917689588756e-41
2.089948496704583988e+06 9.963118073420510699e-41
2.188392710888216738e+06 1.013012937032015732e-40
2.291474007431301754e+06 1.034462271575507135e-40
2.399410809864228126e+06 1.060585044584925620e-40
2.512431830264132470e+06 1.092255993157324836e-40
2.630776553883060813e+06 1.134564169989505378e-40
2.754695746603884269e+06 1.193684237877855989e-40
2.884451986299271695e+06 1.272959733119610890e-40
3.020320219219553284e+06 1.377212810844903762e-40
3.162588342588544823e+06 1.513584973308164496e-40
3.311557814641737845e+06 1.692537836326578947e-40
3.467544293399522547e+06 1.929742197080811068e-40
3.630878305528964847e+06 2.247276803208379927e-40
3.801905946711410303e+06 2.646301641691169713e-40
3.980989615000002086e+06 1.871819797384274259e-40
