1.056583745000000130e-01 6.448038506844263496e-36
1.106426890056797785e-01 7.575223342913937895e-36
1.158621329197864064e-01 8.711620781324888384e-36
1.213277982066500588e-01 9.801057299755493795e-36
1.270513000814928462e-01 1.092841576801359405e-35
1.330448016941989942e-01 1.201357510315197529e-35
1.393210399775135222e-01 1.284457619054267045e-35
1.458933527146010212e-01 1.347324012599248764e-35
1.527757068834855736e-01 1.394369320608910070e-35
1.599827283386077714e-01 1.429213245776723060e-35
1.675297328925756946e-01 1.454159582063759139e-35
1.754327588641622915e-01 1.471194317550353333e-35
1.837086011617177772e-01 1.487831149812873926e-35
1.923748469744289424e-01 1.506353755208933305e-35
2.014499131472723137e-01 1.522792426366687704e-35
2.109530853190899335e-01 1.535919358685396869e-35
2.209045589069581206e-01 1.545020638737891593e-35
2.313254820239491749e-01 1.553769440080463979e-35
2.422380004214882976e-01 1.563494259737835408e-35
2.536653045518172389e-01 1.571643872374450910e-35
2.656316788505747040e-01 1.578110437670289298e-35
2.781625533442287357e-01 1.581886975390708093e-35
2.912845576920294333e-01 1.582622115870429362e-35
3.050255777773318577e-01 1.579815035790201841e-35
3.194148149685485105e-01 1.575979630860870396e-35
3.344828481756725869e-01 1.569028641463354079e-35
3.502616988342456827e-01 1.555212845162096648e-35
3.667848989548718741e-01 1.540236108138003076e-35
3.840875623828906016e-01 1.525945114319283460e-35
4.022064594196439469e-01 1.507876902659907860e-35
4.211800949639181169e-01 1.488306258356619023e-35
4.410487903396191345e-01 1.470618936545052192e-35
4.618547689835768022e-01 1.453456515248133268e-35
4.836422461755737201e-01 1.435199987796735152e-35
5.064575230012876572e-01 1.413883418826749912e-35
5.303490847478291581e-01 1.391133044724819335e-35
5.553677039409778970e-01 1.369857688353015712e-35
5.815665482430836253e-01 1.346781827007758133e-35
6.090012934409299028e-01 1.321311546444085945e-35
6.377302417636713239e-01 1.298039389674862311e-35
6.678144457822873248e-01 1.275211209056229939e-35
6.993178381538512900e-01 1.248624160880434717e-35
7.323073674863402882e-01 1.220967091337945486e-35
7.668531406127130357e-01 1.193039047059948748e-35
8.030285715766072308e-01 1.164430675331276245e-35
8.409105376462687742e-01 1.135579901238237155e-35
8.805795426882615518e-01 1.107270579490541211e-35
9.221198882481486114e-01 1.079528279197761159e-35
9.656198527017094690e-01 1.052240012654636339e-35
1.011171878857416662e+00 1.024980716561687631e-35
1.058872770408842756e+00 9.975324155125975591e-36
1.108823897654493740e+00 9.692772319712895494e-36
1.161131412922236761e+00 9.412384263252371180e-36
1.215906476156138449e+00 9.143052200945934201e-36
1.273265491145101569e+00 8.880299600280557876e-36
1.333330352895326865e+00 8.620814235484897912e-36
1.396228706672284492e+00 8.364433627244951666e-36
1.462094219262705774e+00 8.107940584884308619e-36
1.531066863033045067e+00 7.845474018872257366e-36
1.603293213388087279e+00 7.580572849982553751e-36
1.678926760261819640e+00 7.324957692469060932e-36
1.758128234302544834e+00 7.079106519239008339e-36
1.841065948445395728e+00 6.840873137368901723e-36
1.927916155598161430e+00 6.604074617930279461e-36
2.018863423200524920e+00 6.369864532091241010e-36
2.114101025452721494e+00 6.142290031184501468e-36
2.213831354047134159e+00 5.922379036960983475e-36
2.318266348275686894e+00 5.709726813625377535e-36
2.427627945427078160e+00 5.503539092470426710e-36
2.542148552430981034e+00 5.303109760780379531e-36
2.662071539751542204e+00 5.108546164438231593e-36
2.787651758579731798e+00 4.918830004255779792e-36
2.919156082423676413e+00 4.735481319491009274e-36
3.056863974247883142e+00 4.559003595853409795e-36
3.201068080366643809e+00 4.389107790962331269e-36
3.352074852353656098e+00 4.221852644397880566e-36
3.510205198289564343e+00 4.056810907247216640e-36
3.675795164731335607e+00 3.897040988328020434e-36
3.849196650852798385e+00 3.745355668460929300e-36
4.030778156273927770e+00 3.600562657838429352e-36
4.220925564168163113e+00 3.459679635312535254e-36
4.420042961311896335e+00 3.321789785022751502e-36
4.628553496818902602e+00 3.186959310718450008e-36
4.846900281384560749e+00 3.054799718651340706e-36
5.075547328950946735e+00 2.926002335784481039e-36
5.314980542793870555e+00 2.802780059079626408e-36
5.565708748127498495e+00 2.685252102850834420e-36
5.828264773420889000e+00 2.573410469937626260e-36
6.103206582724459928e+00 2.467178556955718263e-36
6.391118461412633067e+00 2.366150922199079428e-36
6.692612257862595726e+00 2.268408617234660217e-36
7.008328683707804707e+00 2.173438073327148243e-36
7.338938675429536040e+00 2.081662138078712965e-36
7.685144820179921510e+00 1.993137142035140025e-36
8.047682848866637428e+00 1.907994826598750340e-36
8.427323199672109411e+00 1.828056254632854640e-36
8.824872655330043614e+00 1.753195257474015028e-36
9.241176057638570640e+00 1.680014049961880017e-36
9.677118102853624393e+00 1.606524344083729276e-36
1.013362522177801850e+01 1.534130140841770998e-36
1.061166754854152749e+01 1.466759860928133355e-36
1.111226098225601788e+01 1.404246298724630854e-36
1.163646934592679116e+01 1.344820980833838454e-36
1.218540664720810618e+01 1.287413269975955100e-36
1.276023944580738601e+01 1.232016989936351167e-36
1.336218933256893671e+01 1.178723584162315809e-36
1.399253552550571911e+01 1.127497973843059147e-36
1.465261758829589844e+01 1.078686334171943314e-36
1.534383827702153624e+01 1.032391855538091698e-36
1.606766652119883432e+01 9.882857422426510128e-37
1.682564054543519916e+01 9.453079588686829188e-37
1.761937113834684610e+01 9.033856575227765455e-37
1.845054507568407942e+01 8.638651286938557602e-37
1.932092870493847414e+01 8.271773079159094252e-37
2.023237169904994559e+01 7.924644500074424791e-37
2.118681098719060074e+01 7.583087201614156528e-37
2.218627487097909423e+01 7.247267310949380657e-37
2.323288733487251534e+01 6.924606194497177961e-37
2.432887255989630759e+01 6.617584553845551907e-37
2.547655965030412872e+01 6.325318227120426792e-37
2.667838758321280679e+01 6.045618068018388330e-37
2.793691039173049617e+01 5.777502383581264176e-37
2.925480259259319737e+01 5.519523725033185430e-37
3.063486486984372803e+01 5.270896737960164792e-37
3.208003002663213721e+01 5.034164302138911399e-37
3.359336921778525920e+01 4.813638271273247564e-37
3.517809847639094301e+01 4.607900263431190528e-37
3.683758554826621179e+01 4.409409716801728594e-37
3.857535704883421346e+01 4.215747153243204238e-37
4.039510595761834111e+01 4.028502065389691996e-37
4.230069946628080402e+01 3.851790086633983026e-37
4.429618719688361494e+01 3.684584085396736471e-37
4.638580980783654439e+01 3.521919392002425298e-37
4.857400800582132661e+01 3.362447127955132173e-37
5.086543198284284273e+01 3.207759895891754782e-37
5.326495129846278331e+01 3.059567817649470585e-37
5.577766522821619333e+01 2.917907307375010313e-37
5.840891360020346212e+01 2.785157646722698576e-37
6.116428814288572369e+01 2.661413575020047809e-37
6.404964436820004892e+01 2.544437971311470172e-37
6.707111401524680616e+01 2.431176492555421024e-37
7.023511808099451059e+01 2.321659162132477592e-37
7.354838046569294363e+01 2.217581094161274204e-37
7.701794226199346838e+01 2.119054404617322776e-37
8.065117671814212486e+01 2.025419315899060783e-37
8.445580490704517729e+01 1.936211788817453097e-37
8.843991213450441080e+01 1.851071909167558907e-37
9.261196512149278703e+01 1.768665276031044190e-37
9.698082999698415563e+01 1.688715083188345373e-37
1.015557911395751631e+02 1.611984968191446806e-37
1.063465709079385846e+02 1.539256663383988240e-37
1.113633503020390378e+02 1.470227653837552425e-37
1.166167905990175626e+02 1.404425923713581914e-37
1.221180560097257199e+02 1.341636979634864143e-37
1.278788374040551048e+02 1.281686614984693372e-37
1.339113771554830237e+02 1.224374068126645129e-37
1.402284951576308174e+02 1.169603975116553324e-37
1.468436160681254137e+02 1.117375472351879228e-37
1.537707978376577955e+02 1.067586134779559320e-37
1.610247615848684006e+02 1.020153487624526451e-37
1.686209228805457485e+02 9.749900576496270991e-38
1.765754245076231825e+02 9.318952906133129306e-38
1.849051707665901461e+02 8.904053236855610495e-38
1.936278633992229175e+02 8.504188947341655259e-38
2.027620392069771924e+02 8.119862167927727749e-38
2.123271094439846820e+02 7.751353205923705345e-38
2.223434010683717474e+02 7.398585419171816525e-38
2.328321999395606383e+02 7.063253145204892536e-38
2.438157960533557116e+02 6.744733932050527492e-38
2.553175309109423381e+02 6.440557438978972214e-38
2.673618471224674522e+02 6.149210983601333758e-38
2.799743403506104187e+02 5.870551655294775167e-38
2.931818137045346475e+02 5.605796166753103606e-38
3.070123346998108786e+02 5.354394971038708962e-38
3.214952949053634370e+02 5.115523725315221343e-38
3.366614724041909312e+02 4.888105278305458364e-38
3.525430972006025172e+02 4.671266017146377862e-38
3.691739197129650165e+02 4.463401269134851884e-38
3.865892824975209692e+02 4.264074649616651589e-38
4.048261953556940398e+02 4.073769347859256354e-38
4.239234139844982678e+02 3.892567387405010046e-38
4.439215223371893444e+02 3.719716395808672576e-38
4.648630188691910234e+02 3.553876162408784711e-38
4.867924068525711618e+02 3.394727126691406622e-38
5.097562889510041941e+02 3.242883263492439471e-38
5.338034662561969981e+02 3.098736132236234050e-38
5.589850419962523347e+02 2.961484730598625147e-38
5.853545301363516273e+02 2.829630724502657856e-38
6.129679691025552302e+02 2.702917736025973457e-38
6.418840408703914591e+02 2.580944357222121662e-38
6.721641956713212949e+02 2.463189903391600413e-38
7.038727825820835733e+02 2.350129385368401887e-38
7.370771862744480813e+02 2.243047844455568897e-38
7.718479702159843328e+02 2.141631946935035099e-38
8.082590266261603347e+02 2.044550791035171724e-38
8.463877335064591989e+02 1.951277597040056684e-38
8.863151190782072035e+02 1.862276731881175802e-38
9.281260339775734565e+02 1.778729665033276770e-38
9.719093315736710110e+02 1.700291151988966203e-38
1.017758056792968659e+03 1.626002477846072016e-38
1.065769643851272576e+03 1.555514374649757894e-38
1.116046123313494718e+03 1.488160241377761809e-38
1.168694338921232202e+03 1.422764665102377478e-38
1.223826174648944971e+03 1.359374756974900001e-38
1.281558792471238803e+03 1.299169140411766233e-38
1.342014881346577340e+03 1.242080960284547866e-38
1.405322917946494954e+03 1.187465963610933088e-38
1.471617439684427836e+03 1.134341124805170956e-38
1.541039330624367949e+03 1.082712992475560407e-38
1.613736120876938458e+03 1.032926741013331004e-38
1.689862300119136307e+03 9.853604971507652962e-39
1.769579645904022755e+03 9.402823741172358443e-39
1.853057567458031144e+03 8.981024240329158265e-39
1.940473465696562698e+03 8.585892526449265439e-39
2.032013110222875412e+03 8.211049459252304093e-39
2.127871034111485642e+03 7.852599153447860529e-39
2.228250947315030317e+03 7.506638816130362823e-39
2.333366169573128900e+03 7.168123791164927941e-39
2.443440083743233117e+03 6.838802188152603290e-39
2.558706610516851470e+03 6.532057168204374987e-39
2.679410705529952338e+03 6.249875645225611758e-39
2.805808879924037228e+03 5.983919889909206808e-39
2.938169745464045718e+03 5.723898609792611838e-39
3.076774585371608282e+03 5.470194937598219144e-39
3.221917952086704645e+03 5.225193422676761090e-39
3.373908293228056209e+03 4.989522321956826193e-39
3.533068607082494509e+03 4.766964397069514891e-39
3.699737129016295512e+03 4.561590773101486072e-39
3.874268050267205581e+03 4.370689556137347460e-39
4.057032270644629534e+03 4.183319188338651559e-39
4.248418186737677388e+03 3.997028656095488813e-39
4.448832517305958390e+03 3.817134455372317628e-39
4.658701167607290699e+03 3.648293265668114446e-39
4.878470134499093547e+03 3.489251249697858317e-39
5.108606454236903119e+03 3.336505542934098865e-39
5.349599194984226415e+03 3.189887619151253681e-39
5.601960496142931333e+03 3.049041011663601552e-39
5.866226656712816293e+03 2.913581640446413710e-39
6.142959274993432700e+03 2.783699293561161226e-39
6.432746442049931829e+03 2.661113425279959402e-39
6.736203991479382239e+03 2.545882871671957614e-39
7.053976808133385020e+03 2.436961970311361416e-39
7.386740198578197123e+03 2.333120468090487873e-39
7.735201326204772158e+03 2.234146639441049412e-39
8.100100714038505430e+03 2.139943199421114156e-39
8.482213818442254706e+03 2.050064619900770404e-39
8.882352677057184337e+03 1.964195404234974859e-39
9.301367634483198344e+03 1.882083576899178317e-39
9.740149149366476195e+03 1.803418571721835779e-39
1.019962968673430623e+04 1.727474470513734809e-39
1.068078569959868764e+04 1.654247078823535360e-39
1.118463970403982421e+04 1.584533620753444732e-39
1.171226245217939322e+04 1.518375538181282432e-39
1.226477520766122143e+04 1.455352206662340753e-39
1.284335212847545517e+04 1.394492397855158241e-39
1.344922276218951811e+04 1.335752065703578438e-39
1.408367465888890729e+04 1.280010030061941698e-39
1.474805610738047108e+04 1.227635819846380480e-39
1.544377900047301227e+04 1.178238894822570458e-39
1.617232183542425082e+04 1.131056672097837968e-39
1.693523285593049877e+04 1.085909438369782052e-39
1.773413334233616843e+04 1.042538246540023697e-39
1.857072105705503054e+04 1.000445710367816441e-39
1.944677385252569729e+04 9.598007062576834724e-40
2.036415344936794645e+04 9.211498110938708779e-40
2.132480939276950448e+04 8.846441344770633070e-40
2.233078319551087043e+04 8.509187930945791840e-40
2.338421267643265310e+04 8.195823162544683842e-40
2.448733650356519502e+04 7.872681236128760957e-40
2.564249895157528226e+04 7.572245863429070191e-40
2.685215488363974873e+04 7.293465847736448671e-40
2.811887496833388286e+04 7.029031165469737014e-40
2.944535114262011120e+04 6.774115339391633892e-40
3.083440233254727355e+04 6.541407352366270675e-40
3.228898044381738873e+04 6.306047894911929654e-40
3.381217663495062152e+04 6.094250859636322224e-40
3.540722788637972553e+04 5.893643740199133500e-40
3.707752387943419308e+04 5.686135885072670123e-40
3.882661419983232190e+04 5.497568966030016168e-40
4.065821588099063956e+04 5.307107391660092426e-40
4.257622130317967822e+04 5.136061945766028908e-40
4.458470646531388775e+04 4.972478980586958741e-40
4.668793964695380419e+04 4.816836981398825654e-40
4.889039047892843519e+04 4.670898043483522259e-40
5.119673944185394066e+04 4.531376872094684043e-40
5.361188781273437780e+04 4.397383610900714775e-40
5.614096808078153117e+04 4.263134545997321007e-40
5.878935485459038318e+04 4.138269338657221271e-40
6.156267628384716227e+04 4.025480718993678015e-40
6.446682601984414941e+04 3.918687473317935188e-40
6.750797574021809851e+04 3.817771088208417103e-40
7.069258826452912763e+04 3.726862195941840423e-40
7.402743128855215036e+04 3.650023895479272472e-40
7.751959176646808919e+04 3.535719561676620654e-40
8.117649097151875321e+04 3.462722361282969321e-40
8.500590026713044790e+04 3.394350723954434495e-40
8.901595762202401238e+04 3.330130963189462497e-40
9.321518490440498863e+04 3.268859277811671835e-40
9.761250599198849523e+04 3.208954874619960461e-40
1.022172657363438047e+05 3.150385986513286362e-40
1.070392498218606488e+05 3.093813075443310411e-40
1.120887055615396530e+05 3.041557313395938601e-40
1.173763636738009955e+05 2.994201109341182158e-40
1.229134610865883442e+05 2.956898180778281701e-40
1.287117648172328481e+05 2.929080219817625177e-40
1.347835969788204820e+05 2.906827429292595945e-40
1.411418609662077506e+05 2.899141491158703101e-40
1.478000688773326983e+05 2.873936121414943144e-40
1.547723702280955331e+05 2.798631442966944517e-40
1.620735820218310982e+05 2.673160545045970455e-40
1.697192202372753818e+05 2.500773259466112082e-40
1.777255328019392036e+05 2.287491210199081948e-40
1.861095341209673206e+05 2.042091928430654096e-40
1.948890412348538521e+05 1.775099748267699668e-40
2.040827116828588769e+05 1.479535212061032781e-40
2.137100831525886897e+05 9.991626848901124541e-41
2.237916150000001071e+05 6.671923998155085395e-41
