1.056583745000000130e-01 7.393308131589471076e-36
1.106344993949388844e-01 8.719261718034119586e-36
1.158449816618060124e-01 1.004516603024919773e-35
1.213008586798747512e-01 1.129454815352874849e-35
1.270136876488117128e-01 1.254942183462805230e-35
1.329955700703252253e-01 1.370308033739752126e-35
1.392591773828107393e-01 1.450059339052331922e-35
1.458177778032943295e-01 1.502633553569851251e-35
1.526852644335343068e-01 1.535836520793646790e-35
1.598761846898177907e-01 1.558353274511633891e-35
1.674057711187936504e-01 1.573352163696919605e-35
1.752899736646189865e-01 1.581840075769866361e-35
1.835454934557708973e-01 1.586988984492942913e-35
1.921898181830938857e-01 1.589020830613751913e-35
2.012412591440247700e-01 1.586063553772742929e-35
2.107189900314654640e-01 1.580562160026226640e-35
2.206430875494710397e-01 1.577733237503620265e-35
2.310345739417881961e-01 1.576389599707929834e-35
2.419154615233336525e-01 1.575172432907918964e-35
2.533087993089428447e-01 1.570949786152357807e-35
2.652387218381627720e-01 1.563780063665800485e-35
2.777305002995155703e-01 1.552979645149437545e-35
2.908105960625281816e-01 1.539570213232093904e-35
3.045067167309258860e-01 1.523867343881781918e-35
3.188478748357277404e-01 1.510084695417474329e-35
3.338644492925723073e-01 1.496262013951276829e-35
3.495882497534607558e-01 1.477662085873898815e-35
3.660525839892321831e-01 1.457816225606681433e-35
3.832923284455084234e-01 1.438144342274234352e-35
4.013440021215669007e-01 1.415491676244096737e-35
4.202458439286404501e-01 1.391131294684150612e-35
4.400378936915099737e-01 1.367040508719953975e-35
4.607620769649786174e-01 1.342863441111257174e-35
4.824622938448925868e-01 1.317702246955219101e-35
5.051845119618378899e-01 1.291415233800982977e-35
5.289768638545016000e-01 1.265335892085383641e-35
5.538897489289645870e-01 1.241893074108755881e-35
5.799759402199056169e-01 1.216023318144641604e-35
6.072906961798684167e-01 1.185851728629247214e-35
6.358918777333987249e-01 1.157049722590065444e-35
6.658400708440034288e-01 1.129484405565185387e-35
6.971987148535676582e-01 1.100446569975359450e-35
7.300342368660913683e-01 1.071842691325057029e-35
7.644161924604115921e-01 1.044119299119837645e-35
8.004174130299809287e-01 1.015784800563774944e-35
8.381141600618129406e-01 9.861664588883089100e-36
8.775862866814058139e-01 9.545607898475359422e-36
9.189174068058434397e-01 9.246830346604078597e-36
9.621950722633905162e-01 8.979968987397903053e-36
1.007510958254778544e+00 8.715654942590480593e-36
1.054961057549040460e+00 8.450268890612388553e-36
1.104645883825265518e+00 8.182633817783820981e-36
1.156670684591007525e+00 7.917478504645856716e-36
1.211145664128377986e+00 7.656657969578317690e-36
1.268186216940086153e+00 7.402469383544743004e-36
1.327913172189941093e+00 7.158466502422722236e-36
1.390453049655609341e+00 6.925817829138289628e-36
1.455938327735814664e+00 6.700789478464989731e-36
1.524507724079706472e+00 6.474766365098336362e-36
1.596306489432846032e+00 6.247191096017157261e-36
1.671486715322269001e+00 6.023190280794570511e-36
1.750207656232397824e+00 5.802854014967022911e-36
1.832636066954263176e+00 5.588876868400819164e-36
1.918946555822648836e+00 5.383181501567110646e-36
2.009321954589419423e+00 5.186167714239819941e-36
2.103953705716535616e+00 4.993475975525395054e-36
2.203042267909161023e+00 4.803872405696428135e-36
2.306797540747901998e+00 4.618839810714846090e-36
2.415439309319681538e+00 4.440763066236684733e-36
2.529197709789108295e+00 4.269913436775254203e-36
2.648313716896561587e+00 4.105706897448387337e-36
2.773039654415665467e+00 3.946894667631743050e-36
2.903639729651447787e+00 3.792792751267308353e-36
3.040390593111422124e+00 3.640816191179852982e-36
3.183581924535130003e+00 3.491006258593856387e-36
3.333517046523559291e+00 3.347856470107937311e-36
3.490513567068260770e+00 3.212330197851365785e-36
3.654904052341250154e+00 3.083545275555718186e-36
3.827036731170871064e+00 2.960220944636219150e-36
4.007276232695899942e+00 2.841526971444987126e-36
4.196004358760482944e+00 2.725728673152072150e-36
4.393620892686056045e+00 2.612028771228366499e-36
4.600544446133479681e+00 2.501800829995891031e-36
4.817213345849304496e+00 2.396560960956131308e-36
5.044086562174551425e+00 2.296844493856994402e-36
5.281644681282880782e+00 2.201435230455999893e-36
5.530390923207634479e+00 2.109927658636157062e-36
5.790852207814256580e+00 2.022043546504678014e-36
6.063580270976126840e+00 1.937279489835816805e-36
6.349152833318211009e+00 1.855197021905082718e-36
6.648174824004301264e+00 1.777068119656608433e-36
6.961279662160160697e+00 1.702756898786516814e-36
7.289130598647044046e+00 1.631756553983817232e-36
7.632422121027868656e+00 1.563326902186728189e-36
7.991881424702174108e+00 1.497467886840763024e-36
8.368269953326187505e+00 1.433825213459196470e-36
8.762385011781070432e+00 1.372307505254820945e-36
9.175061455106090946e+00 1.313399849110269411e-36
9.607173456974409831e+00 1.257619935914161664e-36
1.005963636145763296e+01 1.204683152029127712e-36
1.053340862200174755e+01 1.153114360241510948e-36
1.102949383172174613e+01 1.102570063098585818e-36
1.154894284931576109e+01 1.053776089766104236e-36
1.209285602510199631e+01 1.007262942515684816e-36
1.266238553189392313e+01 9.628335229939921052e-37
1.325873780565118309e+01 9.202543461616779745e-37
1.388317610107629463e+01 8.794360162113446777e-37
1.453702316757064317e+01 8.404403817750592953e-37
1.522166405121826571e+01 8.033138987610054260e-37
1.593854902873288104e+01 7.680291573628240991e-37
1.668919667958313724e+01 7.347015189893703211e-37
1.747519710280377581e+01 7.031791553076130323e-37
1.829821528530693087e+01 6.732316756890519009e-37
1.915999462882850679e+01 6.446025331773260498e-37
2.006236064298111543e+01 6.171368225356721294e-37
2.100722481223615290e+01 5.905570398821758287e-37
2.199658864502676892e+01 5.648206391772395641e-37
2.303254791354880382e+01 5.400729367921337698e-37
2.411729709324097115e+01 5.164205757488217116e-37
2.525313401134832958e+01 4.937925168119485955e-37
2.644246471441624635e+01 4.718872312150357893e-37
2.768780856502554499e+01 4.506359671956613047e-37
2.899180357856539203e+01 4.302915197841945923e-37
3.035721201134870384e+01 4.109700214452091634e-37
3.178692621190750245e+01 3.925991077906537769e-37
3.328397474786295618e+01 3.751231495088801918e-37
3.485152882134870111e+01 3.584948326499017143e-37
3.649290898657728377e+01 3.425856470961527817e-37
3.821159218377946587e+01 3.273168081785219464e-37
4.001121910441656837e+01 3.127120327702563095e-37
4.189560190326741917e+01 2.988740369907794481e-37
4.386873227372657880e+01 2.857538905798206094e-37
4.593478990341971269e+01 2.732230119028951315e-37
4.809815132804766336e+01 2.611906169054510207e-37
5.036339920221437438e+01 2.496167076406552687e-37
5.273533200687704436e+01 2.384367217921083745e-37
5.521897421398186623e+01 2.276434345907501579e-37
5.781958692981711323e+01 2.173901293650169508e-37
6.054267903962943365e+01 2.077392938722416406e-37
6.339401887711098027e+01 1.986134724694161362e-37
6.637964644347692911e+01 1.898405888106899399e-37
6.950588620201709489e+01 1.813928541032112763e-37
7.277936047522433682e+01 1.733078622922150814e-37
7.620700347287895227e+01 1.655839966370853479e-37
7.979607598080482944e+01 1.582072989725946312e-37
8.355418074141256568e+01 1.511934069768579538e-37
8.748927855860986824e+01 1.445239532786969619e-37
9.160970516119536455e+01 1.381397692779743717e-37
9.592418886045608417e+01 1.320119543507687700e-37
1.004418690393739837e+02 1.261331818681925685e-37
1.051723155126066303e+02 1.204941986481199364e-37
1.101255487982526091e+02 1.150833237478666151e-37
1.153120613443432205e+02 1.099012427556987490e-37
1.207428397550247610e+02 1.049457133835078150e-37
1.264293880635130165e+02 1.002079070607928410e-37
1.323837521011192848e+02 9.567097476885482152e-38
1.386185450139687703e+02 9.132772787293101419e-38
1.451469739814635886e+02 8.718986563370375276e-38
1.519828681930881089e+02 8.325268507736031882e-38
1.591407081428200456e+02 7.950741346812935490e-38
1.666356563032016709e+02 7.595142116688484629e-38
1.744835892440481189e+02 7.257087605585808294e-38
1.827011312638299785e+02 6.931414624776017099e-38
1.913056896049716045e+02 6.616758300265057286e-38
2.003154913276618174e+02 6.316148348081090740e-38
2.097496219202869270e+02 6.034612120554460733e-38
2.196280657282744926e+02 5.770588545218149263e-38
2.299717482869886283e+02 5.517246923951134344e-38
2.408025806483505846e+02 5.271838510103694116e-38
2.521435057950817225e+02 5.035455035649708702e-38
2.640185472408884380e+02 4.810733987326184479e-38
2.764528599195392076e+02 4.596994326873625897e-38
2.894727834706314411e+02 4.392512905157455281e-38
3.031058980349242802e+02 4.196384934468298838e-38
3.173810826774288216e+02 4.007865966984701511e-38
3.323285765620125289e+02 3.826178643264440784e-38
3.479800430071059623e+02 3.651380138120733598e-38
3.643686365581979771e+02 3.485689235170176696e-38
3.815290732192047471e+02 3.329660390029122934e-38
3.994977039914776924e+02 3.181248321891668358e-38
4.183125918762323181e+02 3.037451933091560849e-38
4.380135925035107789e+02 2.898540754424874512e-38
4.586424385584757033e+02 2.767546769076636978e-38
4.802428281838745647e+02 2.644793083897939133e-38
5.028605175459385919e+02 2.528798642677444027e-38
5.265434177597990129e+02 2.417816363918202430e-38
5.513416963797368453e+02 2.311569813136102082e-38
5.773078836692549203e+02 2.209415541646721725e-38
6.044969838760829361e+02 2.110679143628378877e-38
6.329665917478303072e+02 2.015784282568791847e-38
6.627770145351030351e+02 1.925523071156125013e-38
6.939913997405217287e+02 1.839590392246312166e-38
7.266758688842552374e+02 1.757091235107516121e-38
7.608996575694226294e+02 1.678114667895680536e-38
7.967352621440668372e+02 1.602583871535538225e-38
8.342585932703727849e+02 1.530236159638109197e-38
8.735491367264372684e+02 1.461047713949602922e-38
9.146901217812167033e+02 1.395562593371439828e-38
9.577686974993221156e+02 1.333711085374572269e-38
1.002876117349128322e+03 1.274903997708514592e-38
1.050107932505253302e+03 1.218579357037793997e-38
1.099564194254880931e+03 1.164657701378256195e-38
1.151349665936684232e+03 1.112976574383002501e-38
1.205574044861301445e+03 1.063266396799637586e-38
1.262352194683457355e+03 1.015815521489424274e-38
1.321804388717969005e+03 9.709207189279329107e-39
1.384056564715044715e+03 9.283291686544898630e-39
1.449240591634577868e+03 8.873598020336724987e-39
1.517494548984534731e+03 8.479421436840853353e-39
1.588963019315166093e+03 8.099626481751653041e-39
1.663797394488630744e+03 7.733062248600374757e-39
1.742156196372804288e+03 7.381032576504947041e-39
1.824205412638598091e+03 7.049044369566888931e-39
1.910118848372110733e+03 6.736522714364216706e-39
2.000078494246432228e+03 6.438616307913184449e-39
2.094274912032999055e+03 6.151799422090647926e-39
2.192907638269132349e+03 5.875771286521512558e-39
2.296185606936846852e+03 5.610284152475604895e-39
2.404327592048294264e+03 5.355800444862982157e-39
2.517562671075370872e+03 5.116857213164694985e-39
2.636130710205170089e+03 4.895794066246179395e-39
2.760282872449203751e+03 4.690093127114383391e-39
2.890282149682716863e+03 4.492336048732946569e-39
3.026403919741119807e+03 4.300595329102147612e-39
3.168936529753637842e+03 4.114312315350173095e-39
3.318181906949822860e+03 3.933335932094455714e-39
3.474456198232893257e+03 3.758825678412386586e-39
3.638090439874585172e+03 3.594977881346852537e-39
3.809431258750225425e+03 3.442003791440199732e-39
3.988841606599418810e+03 3.294988759379069348e-39
4.176701528867741217e+03 3.151130822351155377e-39
4.373408969758080275e+03 3.011522660079832977e-39
4.579380615196958388e+03 2.878117935967464705e-39
4.795052775501507313e+03 2.750929109475298789e-39
5.020882309616844395e+03 2.630821603581380332e-39
5.257347592881660603e+03 2.517977747594535004e-39
5.504949530372052322e+03 2.411377310306236359e-39
5.764212617970153588e+03 2.308881305220991314e-39
6.035686053405241182e+03 2.209677669806760890e-39
6.319944899620835713e+03 2.114550261401240677e-39
6.617591302932152757e+03 2.023819378365286694e-39
6.929255768554342467e+03 1.937619507496992035e-39
7.255598496203460854e+03 1.855542907177145240e-39
7.597310778599392506e+03 1.777681192400210615e-39
7.955116465833166330e+03 1.703399670169689175e-39
8.329773498700642449e+03 1.632303535310092032e-39
8.722075514250638662e+03 1.564163500610000635e-39
9.132853526948529179e+03 1.498613971318821495e-39
9.562977689016523072e+03 1.435580330982349701e-39
1.001335913367957983e+04 1.375935258636686466e-39
1.048495190522147459e+04 1.319885742641965791e-39
1.097875497993950739e+04 1.267193679936906610e-39
1.149581438227879880e+04 1.216484114599010323e-39
1.203722540062882945e+04 1.167629403039742588e-39
1.260413490747591641e+04 1.121160456286004038e-39
1.319774378882643214e+04 1.077179247106076075e-39
1.381930948804702894e+04 1.035493256869569047e-39
1.447014866951045224e+04 9.958041903643923469e-40
1.515164000768940241e+04 9.576361879115989104e-40
1.586522710760655173e+04 9.201139305578108561e-40
1.661242156282713768e+04 8.833618930489101318e-40
1.739480615747186675e+04 8.492381336051024736e-40
1.821403821903298376e+04 8.159005229325025166e-40
1.907185312909577624e+04 7.851185703676443179e-40
1.997006799940225756e+04 7.552197693824418021e-40
2.091058552104412229e+04 7.263020237364549164e-40
2.189539799493861574e+04 6.984470907259529095e-40
2.292659155212521728e+04 6.729593223984136493e-40
2.400635057282286652e+04 6.474651564992501608e-40
2.513696231360876845e+04 6.237510341149055998e-40
2.632082175252043817e+04 6.015919856716615321e-40
2.756043666234441844e+04 5.811919045323783815e-40
2.885843292283844858e+04 5.624949133118365693e-40
3.021756008313997518e+04 5.430859228575043359e-40
3.164069718614380690e+04 5.257310800277895525e-40
3.313085886718682741e+04 5.092698390334372820e-40
3.469120173995849473e+04 4.930875230060211188e-40
3.632503108316454745e+04 4.774599861146401560e-40
3.803580784210818820e+04 4.627523515363094594e-40
3.982715596002028178e+04 4.490399264586209371e-40
4.170287005466849951e+04 4.355917811307743218e-40
4.366692345650686184e+04 4.235637163421023869e-40
4.572347662539282464e+04 4.117061032304882906e-40
4.787688596370109735e+04 4.004964137269197975e-40
5.013171304450312891e+04 3.898002710929386543e-40
5.249273427436014754e+04 3.795996371723115446e-40
5.496495101119869651e+04 3.696621372858174347e-40
5.755360015870116331e+04 3.602551676843909863e-40
6.026416525965367327e+04 3.511473424882689567e-40
6.310238811175033334e+04 3.423413795250424766e-40
6.607428093045894639e+04 3.338506573757549470e-40
6.918613908471478499e+04 3.261910698637914384e-40
7.244455443241780449e+04 3.189706498162445668e-40
7.585642928398394724e+04 3.119318265906680595e-40
7.942899102352882619e+04 3.051228750759221636e-40
8.316980741865572054e+04 2.989284887275228397e-40
8.708680265127918392e+04 2.934857530012461856e-40
9.118827410344182863e+04 2.887304746316615701e-40
9.548290993368212366e+04 2.846028001616854910e-40
9.997980748118511110e+04 2.810481419731319709e-40
1.046884925367016549e+05 2.748365568537975321e-40
1.096189395210578659e+05 2.625505455004531990e-40
1.147815926139987860e+05 2.448018436238411491e-40
1.201873878781238454e+05 2.226642192099160830e-40
1.258477764247790474e+05 1.975092646864531353e-40
1.317747486709784716e+05 1.706791694720047293e-40
1.379808597387383634e+05 1.425265707049904892e-40
1.444792560506275331e+05 1.092304877086117247e-40
1.512837031778713572e+05 6.232409085156514656e-41
1.584086150000000198e+05 4.201973626181520798e-41
