1.056583745000000130e-01 3.711024720273100437e-37
1.106303202424341880e-01 4.386076947121239100e-37
1.158362298763506021e-01 5.035758834516292642e-37
1.212871129954482541e-01 5.621850470131343491e-37
1.269944972697525376e-01 6.184913738837124879e-37
1.329704528246329898e-01 6.650925355160641314e-37
1.392276177670197790e-01 6.856749091231329572e-37
1.457792249128024853e-01 6.856195985536152285e-37
1.526391297719347229e-01 6.709348300377989420e-37
1.598218398504285542e-01 6.510119049377289626e-37
1.673425453312074040e-01 6.285336585189840174e-37
1.752171511987015706e-01 6.044929702029088686e-37
1.834623108751248233e-01 5.797655687737239546e-37
1.920954614395669613e-01 5.547308756935652885e-37
2.011348605043839499e-01 5.307245681243463414e-37
2.105996248268736659e-01 5.078475014901670009e-37
2.205097707378938510e-01 4.859412870898488760e-37
2.308862564729209366e-01 4.661437109255845184e-37
2.417510264950748500e-01 4.486890766893917509e-37
2.531270579038418789e-01 4.318818986885017648e-37
2.650384090276460269e-01 4.156230655037053056e-37
2.775102703030296603e-01 3.997454185171392485e-37
2.905690175480472037e-01 3.849909399365425171e-37
3.042422677425341004e-01 3.713705163428001308e-37
3.185589374332173374e-01 3.582093275843791613e-37
3.335493038871839011e-01 3.455836968556126116e-37
3.492450691230362669e-01 3.338510134477684882e-37
3.656794269551492116e-01 3.223614324534896665e-37
3.828871331928163646e-01 3.108421859305996326e-37
4.009045791427429117e-01 2.998314958382797462e-37
4.197698685703322719e-01 2.893743237112512870e-37
4.395228982825243325e-01 2.789875390967090594e-37
4.602054425026053108e-01 2.691514709978844807e-37
4.818612412154263391e-01 2.598468835024122228e-37
5.045360926698662096e-01 2.505287220458789113e-37
5.282779502341647948e-01 2.412443849565241847e-37
5.531370238089585722e-01 2.322624062954670721e-37
5.791658860124903052e-01 2.238119665273028852e-37
6.064195833625560805e-01 2.159660464411323028e-37
6.349557526903187865e-01 2.084377998030633247e-37
6.648347430321843721e-01 2.011895285857155087e-37
6.961197432575207955e-01 1.939406202731123705e-37
7.288769157021300904e-01 1.869279225880935996e-37
7.631755360900838170e-01 1.801420665445482208e-37
7.990881400398351930e-01 1.736944550004896110e-37
8.366906764644391759e-01 1.675639241897505457e-37
8.760626681902984325e-01 1.616761642678622208e-37
9.172873801341139277e-01 1.559554985810760607e-37
9.604519953937060706e-01 1.503559548796149044e-37
1.005647799625107641e+00 1.448647217518112943e-37
1.052970374095854922e+00 1.395478172141073767e-37
1.102519797822747449e+00 1.343132560702033600e-37
1.154400859221569542e+00 1.293232552202459018e-37
1.208723277716366562e+00 1.244407999357007785e-37
1.265601935776953457e+00 1.196732027940413184e-37
1.325157121875360611e+00 1.150337617459935573e-37
1.387514784875035989e+00 1.105276272465555306e-37
1.452806800390795683e+00 1.061814834045139084e-37
1.521171249682814475e+00 1.020912383608381178e-37
1.592752711674488175e+00 9.825472488890024204e-38
1.667702568711711519e+00 9.458605520869210010e-38
1.746179326710224800e+00 9.088070373896956280e-38
1.828348950368058112e+00 8.728737396202392564e-38
1.914385214152019010e+00 8.384578269216869561e-38
2.004470069800465382e+00 8.055287575293477877e-38
2.098794031119604497e+00 7.741693294262545150e-38
2.197556576887062185e+00 7.444134215726211329e-38
2.300966572714811420e+00 7.160914173210715512e-38
2.409242712763632888e+00 6.887319232524236783e-38
2.522613982243229636e+00 6.622067419750208475e-38
2.641320141676140487e+00 6.364068913720835516e-38
2.765612233949547694e+00 6.103736535304599542e-38
2.895753115227343688e+00 5.850245765027919216e-38
3.032018010845201061e+00 5.609256319440487670e-38
3.174695097364316876e+00 5.380895300134044313e-38
3.324086112014717820e+00 5.162451103055032909e-38
3.480506990817051172e+00 4.951274588464220195e-38
3.644288536732328332e+00 4.747263674665902177e-38
3.815777119252664829e+00 4.550642194464928247e-38
3.995335406912543075e+00 4.361422074059008628e-38
4.183343134269688512e+00 4.181559135880529175e-38
4.380197904977650936e+00 4.008790101763057474e-38
4.586316032648379171e+00 3.846000982924046226e-38
4.802133421283142134e+00 3.687207779937234052e-38
5.028106487133681135e+00 3.530897345197625129e-38
5.264713123943242756e+00 3.379279394874292178e-38
5.512453713608728378e+00 3.235372783219600335e-38
5.771852184401426555e+00 3.098706407552108012e-38
6.043457118984195908e+00 2.968199229333214084e-38
6.327842914568404531e+00 2.843697914317675117e-38
6.625610997664182378e+00 2.724668213179271342e-38
6.937391095992889056e+00 2.608103955161853615e-38
7.263842570251777708e+00 2.496029623190713207e-38
7.605655808547197694e+00 2.389884003843184345e-38
7.963553686445425051e+00 2.289552988051688540e-38
8.338293095728765536e+00 2.193992957399422084e-38
8.730666545090105757e+00 2.101508557574597545e-38
9.141503836150956630e+00 2.012039241604096830e-38
9.571673818347646190e+00 1.926252651101213966e-38
1.002208622639678026e+01 1.844169459395709701e-38
1.049369360422599229e+01 1.765455509716958357e-38
1.098749331943871610e+01 1.688490676424109878e-38
1.150452967257329462e+01 1.614169177116826385e-38
1.204589610561697910e+01 1.542978328909932003e-38
1.261273751444564617e+01 1.475098342571321532e-38
1.320625267007949333e+01 1.410396051243113551e-38
1.382769675387535102e+01 1.348786334930034537e-38
1.447838401201693515e+01 1.290111484525383506e-38
1.515969053491705232e+01 1.234026679893223341e-38
1.587305716740959483e+01 1.180288928347342379e-38
1.661999255588575153e+01 1.128888655747574502e-38
1.740207633881887261e+01 1.079530565895708976e-38
1.822096248742513680e+01 1.032536372020937731e-38
1.907838280352518012e+01 9.877110702639847089e-39
1.997615058200370441e+01 9.448156134033368131e-39
2.091616444561295296e+01 9.036836267855542445e-39
2.190041236022966231e+01 8.639086580196120625e-39
2.293097583905733572e+01 8.254372844406824519e-39
2.401003434466460007e+01 7.888758367350237132e-39
2.513986989816965334e+01 7.545935687052856521e-39
2.632287190531821253e+01 7.222731308726705614e-39
2.756154220966108070e+01 6.908000126680162251e-39
2.885850038351832580e+01 6.602462275771613324e-39
3.021648926791921497e+01 6.307248790563180070e-39
3.163838077323420350e+01 6.022803591077722467e-39
3.312718195276582378e+01 5.749264426434745115e-39
3.468604136214371181e+01 5.488553662552553031e-39
3.631825571797219965e+01 5.240404558654886578e-39
3.802727686981292266e+01 5.003965768090211730e-39
3.981671910024618910e+01 4.778445316510007879e-39
4.169036676845031053e+01 4.563328988262673360e-39
4.365218231346342037e+01 4.357100110140065765e-39
4.570631463405279504e+01 4.160183835302880665e-39
4.785710786291452479e+01 3.972702533639599459e-39
5.010911055375874668e+01 3.794603305915065355e-39
5.246708530071006749e+01 3.625334650622886066e-39
5.493601881036573076e+01 3.464026038451470109e-39
5.752113244781320844e+01 3.310197871453363280e-39
6.022789327890939859e+01 3.162734279924922082e-39
6.306202563217454582e+01 3.020193025502327080e-39
6.602952320475139913e+01 2.882675335596583886e-39
6.913666173803269999e+01 2.751469534570392411e-39
7.239001228976323432e+01 2.627187411245663848e-39
7.579645513068396667e+01 2.508985736117824007e-39
7.936319429510874102e+01 2.395620250917720854e-39
8.309777281620395684e+01 2.286933443067237776e-39
8.700808867819263526e+01 2.183211614945693667e-39
9.110241151921719904e+01 2.084369097925719263e-39
9.538940012018663595e+01 1.990027676107928319e-39
9.987812071659240587e+01 1.899657883557923701e-39
1.045780661720204705e+02 1.813107393673592035e-39
1.094991760539066377e+02 1.730048969376453698e-39
1.146518576539937300e+02 1.650675593144479491e-39
1.200470079979444193e+02 1.574767166391876192e-39
1.256960368906550940e+02 1.501915671579925090e-39
1.316108910460097547e+02 1.432037392658677347e-39
1.378040793521024909e+02 1.365692174216639066e-39
1.442886993253611934e+02 1.302964852238244851e-39
1.510784648095169302e+02 1.243449081691192585e-39
1.581877349779991562e+02 1.186617019122854050e-39
1.656315447010907462e+02 1.132318123287524937e-39
1.734256363420651041e+02 1.079668271250401990e-39
1.815864930495461920e+02 1.028626014511697009e-39
1.901313736165023727e+02 9.796245142628836282e-40
1.990783489795933008e+02 9.333861128099859686e-40
2.084463404360577385e+02 8.897876936275721558e-40
2.182551596589679548e+02 8.481092288955755578e-40
2.285255505954731916e+02 8.079490283679050304e-40
2.392792333366419655e+02 7.693421825730841447e-40
2.505389500516765793e+02 7.325767711233033579e-40
2.623285130836477492e+02 6.975990302977053180e-40
2.746728553084593614e+02 6.642283956551110307e-40
2.875980828635467219e+02 6.326839007182748861e-40
3.011315303578165867e+02 6.028386316628078868e-40
3.153018186795927704e+02 5.741378115152788411e-40
3.301389155248197653e+02 5.464979221740976734e-40
3.456741987735268822e+02 5.200678649951327298e-40
3.619405228485900352e+02 4.949370070402486685e-40
3.789722881971229640e+02 4.710426087033505842e-40
3.968055140414429047e+02 4.483810572334591187e-40
4.154779145534606641e+02 4.268939266352724134e-40
4.350289786135983832e+02 4.061122412003766322e-40
4.555000533229043640e+02 3.860738557509545508e-40
4.769344314449846252e+02 3.668207908780265694e-40
4.993774429626677147e+02 3.483498675547790132e-40
5.228765509430375005e+02 3.306446284403187807e-40
5.474814519135697992e+02 3.137522148702664106e-40
5.732441809616432238e+02 2.977238648799185722e-40
6.002192217797037301e+02 2.825289159883393833e-40
6.284636218887997074e+02 2.680057463753770926e-40
6.580371132841721646e+02 2.541056084396711995e-40
6.890022387580354462e+02 2.405492491073534121e-40
7.214244841667100445e+02 2.276063717244829983e-40
7.553724169218214683e+02 2.153655327807004236e-40
7.909178309984565658e+02 2.038127454718071330e-40
8.281358987669331100e+02 1.929141257634542988e-40
8.671053299692944165e+02 1.825387622861007442e-40
9.079085381767313265e+02 1.725194433810029791e-40
9.506318150799497744e+02 1.628768149833467252e-40
9.953655129810967992e+02 1.537654176210486439e-40
1.042204235873167136e+03 1.451416431313357808e-40
1.091247039511003550e+03 1.363486180284697196e-40
1.142597640896987741e+03 1.277914784193693935e-40
1.196364637624476245e+03 1.199828985016281768e-40
1.252661737542814762e+03 1.121898823266258288e-40
1.311607999229682491e+03 1.050443307419495838e-40
1.373328083779277904e+03 9.827868193771308825e-41
1.437952518438847164e+03 9.186300982560074011e-41
1.505617972651136824e+03 8.569559423423307670e-41
1.576467547086479726e+03 7.991723194574670052e-41
1.650651076275849618e+03 7.428933794931972280e-41
1.728325445484835654e+03 6.860957505893678384e-41
1.809654922498688848e+03 6.309826189080098761e-41
1.894811505020145660e+03 5.787277098091035874e-41
1.983975284414655107e+03 5.297523011826511643e-41
2.077334826572289785e+03 4.835834419753657068e-41
2.175087570691840483e+03 4.402369464728056700e-41
2.277440246830380602e+03 4.010783996224242649e-41
2.384609313101378120e+03 3.634676666966989734e-41
2.496821413445999497e+03 3.284139710649272112e-41
2.614313856945602311e+03 2.965433519597520798e-41
2.737335119689210842e+03 2.621531088639886312e-41
2.866145370257231207e+03 2.286789998462801320e-41
3.001017019932739004e+03 1.985859805543795637e-41
3.142235298804015656e+03 1.721281701786599812e-41
3.290098858976573865e+03 1.475761376709582653e-41
3.444920406170410843e+03 1.238479593812640439e-41
3.607027361038273739e+03 1.017588073107139575e-41
3.776762551603394058e+03 8.221108996047380343e-42
3.954484938281120321e+03 6.476365402331274798e-42
4.140570373017838392e+03 4.934674226416075189e-42
4.335412394152421257e+03 3.647664193788192350e-42
4.539423058681451948e+03 2.587308262341664543e-42
4.753033813688091868e+03 1.727791382172280231e-42
4.976696408777625948e+03 1.066711019663461352e-42
5.210883851449374561e+03 6.132933461726757819e-43
5.456091407425294165e+03 3.106671050157368935e-43
5.712837648050825010e+03 1.381898208190540868e-43
5.981665546983184868e+03 5.213368910489030496e-44
6.263143628486218404e+03 1.956756423402989092e-44
6.557867169760320394e+03 7.800951588374144808e-45
6.866459459850299027e+03 2.381087651114537278e-45
7.189573117793228448e+03 1.742343887905561926e-46
7.527891472794332913e+03 0.000000000000000000e+00
7.882130009349401007e+03 0.000000000000000000e+00
8.253037880370044149e+03 0.000000000000000000e+00
8.641399491511932865e+03 0.000000000000000000e+00
9.048036160056333756e+03 0.000000000000000000e+00
9.473807851853294778e+03 0.000000000000000000e+00
9.919615000000001601e+03 0.000000000000000000e+00
