1.056583745000000130e-01 7.672627838613422403e-36
1.106427703440880789e-01 8.972205737514946995e-36
1.158623032707607192e-01 1.029645125046567196e-35
1.213280657873821583e-01 1.158002047473944068e-35
1.270516736863648022e-01 1.284074032157261139e-35
1.330452907309536414e-01 1.395112074378814900e-35
1.393216545055529776e-01 1.466658171355668186e-35
1.458941034855337493e-01 1.515885717051129421e-35
1.527766053840486082e-01 1.553327186002096466e-35
1.599837868360984294e-01 1.574305859028489539e-35
1.675309644829333644e-01 1.584520519235262659e-35
1.754341775228500377e-01 1.593504111917614740e-35
1.837102217975601359e-01 1.598022655232081483e-35
1.923766854865718301e-01 1.595902178784340597e-35
2.014519864854406039e-01 1.591759021612225673e-35
2.109554115473254443e-01 1.585713236972422833e-35
2.209071572710340492e-01 1.576996314848653131e-35
2.313283730226642632e-01 1.566981844882609294e-35
2.422412058820588021e-01 1.555969110286702675e-35
2.536688477095924710e-01 1.542499856875099554e-35
2.656355844333180283e-01 1.526863984435614403e-35
2.781668476612160212e-01 1.508192671066470182e-35
2.912892687282336301e-01 1.489627618490941989e-35
3.050307352929729765e-01 1.471506880853679041e-35
3.194204506043080150e-01 1.452642448791020549e-35
3.344889955638827850e-01 1.434037609020903293e-35
3.502683937163861838e-01 1.417572867585918821e-35
3.667921793057181690e-01 1.398449402271222413e-35
3.840954685416833603e-01 1.375231115810984352e-35
4.022150342286626712e-01 1.352251050158419941e-35
4.211893839148684315e-01 1.329220028592424907e-35
4.410588417282599316e-01 1.303597754970084160e-35
4.618656340730412091e-01 1.276337122286097085e-35
4.836539793688583999e-01 1.247994608265296705e-35
5.064701820234125407e-01 1.221689119489030509e-35
5.303627308381969607e-01 1.195725234757693865e-35
5.553824020564882558e-01 1.167101257774622112e-35
5.815823672725914939e-01 1.138340843094832321e-35
6.090183064316628814e-01 1.110571057293480665e-35
6.377485261602612310e-01 1.083910172888415432e-35
6.678340836790973567e-01 1.057918696556402322e-35
6.993389165613261849e-01 1.031320417047322960e-35
7.323299786121370003e-01 1.004742078218583601e-35
7.668773821584166095e-01 9.778766443033393995e-36
8.030545470508740902e-01 9.493544275657806316e-36
8.409383566952899347e-01 9.202277559719483690e-36
8.806093214444800088e-01 8.922512614225858100e-36
9.221517496982203355e-01 8.649989175439385010e-36
9.656539270747456216e-01 8.381614104043618354e-36
1.011208304034601824e+00 8.112871139413619471e-36
1.058911692355585021e+00 7.848833379263757822e-36
1.108865470876315928e+00 7.594116654527512191e-36
1.161175800945691172e+00 7.347141287167763583e-36
1.215953852036088634e+00 7.099243149200676605e-36
1.273316037999790762e+00 6.853478868746660271e-36
1.333384264470725444e+00 6.612450280192179832e-36
1.396286187937286982e+00 6.377122965359116436e-36
1.462155487036831403e+00 6.150993852979719838e-36
1.531132146648387815e+00 5.939072663753757905e-36
1.603362755387346406e+00 5.738126369595237460e-36
1.679000817134342904e+00 5.535501087014058935e-36
1.758207077260414586e+00 5.327151180331318875e-36
1.841149864241705014e+00 5.122280274564297544e-36
1.928005447389727678e+00 4.930867168146182210e-36
2.018958411457412616e+00 4.751649540653334054e-36
2.114202048917072307e+00 4.576416460531546849e-36
2.213938770743932860e+00 4.403535587296627260e-36
2.318380536578228845e+00 4.233860056156556445e-36
2.427749305180051387e+00 4.068287456639418043e-36
2.542277506134222875e+00 3.907462878333419054e-36
2.662208533807699062e+00 3.753779572616572018e-36
2.787797264609219283e+00 3.606667456045609238e-36
2.919310598650509458e+00 3.463906576278491748e-36
3.057028026960140199e+00 3.322243954888321050e-36
3.201242225455507295e+00 3.183054556587226200e-36
3.352259676935223975e+00 3.052839844990641745e-36
3.510401322413783998e+00 2.932183378091505568e-36
3.676003243182691005e+00 2.816799355099293936e-36
3.849417375047591516e+00 2.702619766840466973e-36
4.031012256259278281e+00 2.590192747193329238e-36
4.221173810728079623e+00 2.482106212909280462e-36
4.420306168186090900e+00 2.378243077590405803e-36
4.628832523040277813e+00 2.279378404919297007e-36
4.847196033741662191e+00 2.185731526161139946e-36
5.075860764581921813e+00 2.096379955416133422e-36
5.315312671918919207e+00 2.008872871273167990e-36
5.566060636927043781e+00 1.923008875601979308e-36
5.828637547067198277e+00 1.840189763259655228e-36
6.103601428574735976e+00 1.761375455774807594e-36
6.391536632372120330e+00 1.686365594889520691e-36
6.693055075926561237e+00 1.614453494779989665e-36
7.008797543691867027e+00 1.545265649105696730e-36
7.339435048898158342e+00 1.479185561680567615e-36
7.685670259583537778e+00 1.416268679985900473e-36
8.048238991898262640e+00 1.356215514676225796e-36
8.427911773855031541e+00 1.298088267487851659e-36
8.825495482848623396e+00 1.241793265824242364e-36
9.241835060424920201e+00 1.188171416070264286e-36
9.677815307943580692e+00 1.137625465758016481e-36
1.013436276695039595e+01 1.089780096962041510e-36
1.061244768825559603e+01 1.043785264584094234e-36
1.111308609390269098e+01 9.994163220797999777e-37
1.163734193640991066e+01 9.566971929214251102e-37
1.218632935987318433e+01 9.155491907864170857e-37
1.276121506773575298e+01 8.759157708164400277e-37
1.336322080225644982e+01 8.381059287253736466e-37
1.399362594094613321e+01 8.020489677730828286e-37
1.465377021548987990e+01 7.669632762913332879e-37
1.534505655893356391e+01 7.325141254099617544e-37
1.606895408718529339e+01 6.991649796459934741e-37
1.682700122116810348e+01 6.678638174214942522e-37
1.762080895625922139e+01 6.384568504149120112e-37
1.845206428596381798e+01 6.103215667644405173e-37
1.932253378709931724e+01 5.831615245165744269e-37
2.023406737410968859e+01 5.570720172945465583e-37
2.118860223048786295e+01 5.322166774332764275e-37
2.218816692566191051e+01 5.085467186931623999e-37
2.323488572609360148e+01 4.860334727697004268e-37
2.433098310975154277e+01 4.646267062652437551e-37
2.547878849355312525e+01 4.442015435230748199e-37
2.668074118382154580e+01 4.246371792153215856e-37
2.793939556027921256e+01 4.058695249851658116e-37
2.925742650459389793e+01 3.878530587925832852e-37
3.063763508501464017e+01 3.705466436762323900e-37
3.208295450917852065e+01 3.539636557882728286e-37
3.359645635773873806e+01 3.381187814372425843e-37
3.518135711206178939e+01 3.229954130144655942e-37
3.684102498986678853e+01 3.087559841098842385e-37
3.857898710333309111e+01 2.954043809397039693e-37
4.039893695488961356e+01 2.826208485197004907e-37
4.230474228661492475e+01 2.699374183747784068e-37
4.430045329992999115e+01 2.574129230735189650e-37
4.639031126305236086e+01 2.455706350890061077e-37
4.857875752450329543e+01 2.345017660801412352e-37
5.087044295182446518e+01 2.240849358828351975e-37
5.327023781556236770e+01 2.141544864255640759e-37
5.578324213952600275e+01 2.046782104159434448e-37
5.841479653931480698e+01 1.955684331276370205e-37
6.117049357214975913e+01 1.867972864614631733e-37
6.405618962212859913e+01 1.784538992704114003e-37
6.707801734616441536e+01 1.706631604054034682e-37
7.024239870705582689e+01 1.633526169569158583e-37
7.355605862138871487e+01 1.562599732197029103e-37
7.702603925127198181e+01 1.493318305305940817e-37
8.065971497028088777e+01 1.426470906618088934e-37
8.446480803541412286e+01 1.362940860248358501e-37
8.844940499836862102e+01 1.302465569779635101e-37
9.262197389101163481e+01 1.244245204908893542e-37
9.699138222157039024e+01 1.188093126976151982e-37
1.015669158197855211e+02 1.134322956306966760e-37
1.063582985710787057e+02 1.083187644563834729e-37
1.113757130816716909e+02 1.034497738456066198e-37
1.166298223185748526e+02 9.879761030186406285e-38
1.221317922704354970e+02 9.434972789587170076e-38
1.278933156774019722e+02 9.009937437464231419e-38
1.339266368804371155e+02 8.603968754287421755e-38
1.402445778428882193e+02 8.216716691944532618e-38
1.468605653996149272e+02 7.849969017544891053e-38
1.537886597915862410e+02 7.502920054156107443e-38
1.610435845465858051e+02 7.170733403044148657e-38
1.686407577695283635e+02 6.849638857927288734e-38
1.765963249088875671e+02 6.539993006833382968e-38
1.849271930688655061e+02 6.244463327506263919e-38
1.936510669402292422e+02 5.962768686712949409e-38
2.027864864261698301e+02 5.694552720089729623e-38
2.123528660431476567e+02 5.439713853706655473e-38
2.223705361804605047e+02 5.197025207596468291e-38
2.328607863062137540e+02 4.963756214264196814e-38
2.438459102115200494e+02 4.739403511343781728e-38
2.553492533890756135e+02 4.526350481386170135e-38
2.673952626468035305e+02 4.325639924605304485e-38
2.800095380620054470e+02 4.135714506314329951e-38
2.932188873864292873e+02 3.953247056530823848e-38
3.070513830178761623e+02 3.777760998832489680e-38
3.215364216594256845e+02 3.609971876251635925e-38
3.367047867930589859e+02 3.449591988761932665e-38
3.525887141004572527e+02 3.296343688746306646e-38
3.692219599699997161e+02 3.150104185093027470e-38
3.866398732355543757e+02 3.010527535768184845e-38
4.048794702995244847e+02 2.875975949495060892e-38
4.239795137997915049e+02 2.745894871237693928e-38
4.439805949877491571e+02 2.620881379701816825e-38
4.649252199924875413e+02 2.502651426775149514e-38
4.868579001544585481e+02 2.390869516669672999e-38
5.098252466206045028e+02 2.283475862364817383e-38
5.338760694019728135e+02 2.179668154373089027e-38
5.590614811043384407e+02 2.079768606375255053e-38
5.854350055522866114e+02 1.984626233843347209e-38
6.130526915375887711e+02 1.894041145151445514e-38
6.419732319336263799e+02 1.807502853011578369e-38
6.722580884289890264e+02 1.724844148405396514e-38
7.039716221453345497e+02 1.646304358039056087e-38
7.371812304171064625e+02 1.572536475908447855e-38
7.719574900237759039e+02 1.503185449009437031e-38
8.083743071790229351e+02 1.436638260118183794e-38
8.465090745955966440e+02 1.372180272204327845e-38
8.864428359596528253e+02 1.310310960838335580e-38
9.282604581641178356e+02 1.251996126009399873e-38
9.720508116670913523e+02 1.197018430980365187e-38
1.017906959358591394e+03 1.144801470616274525e-38
1.065926354337029352e+03 1.094957403022500793e-38
1.116211047015710392e+03 1.046934565705157892e-38
1.168867901999508831e+03 9.998271094435074478e-39
1.224008825192625636e+03 9.538056683449406311e-39
1.281751001620082661e+03 9.103884120004003517e-39
1.342217144468332890e+03 8.699115958705232130e-39
1.405535755874298502e+03 8.316632224891082435e-39
1.471841400017035994e+03 7.946920582071528906e-39
1.541274989092379656e+03 7.589831651142674997e-39
1.613984082778361199e+03 7.247193495786805290e-39
1.690123201827788307e+03 6.919365904079342480e-39
1.769854156454459599e+03 6.607969369040136291e-39
1.853346390210844902e+03 6.314722402189044040e-39
1.940777340088104665e+03 6.038013132437728140e-39
2.032332813603699378e+03 5.772874882689950248e-39
2.128207383677935923e+03 5.518179576815735977e-39
2.228604802138708237e+03 5.273963380336494728e-39
2.333738432733176523e+03 5.040299839292266734e-39
2.443831704566579447e+03 4.817072536155489602e-39
2.559118586931894242e+03 4.606154283409668733e-39
2.679844086539424097e+03 4.407181852041086748e-39
2.806264768202960568e+03 4.217622320129957327e-39
2.938649300089177814e+03 4.034451616831618509e-39
3.077279024688972640e+03 3.857915176475405750e-39
3.222448556724119044e+03 3.690127336761610316e-39
3.374466409260014643e+03 3.530725349395903794e-39
3.533655649355032892e+03 3.378410149024094578e-39
3.700354584639937457e+03 3.232044416486943088e-39
3.874917482286367886e+03 3.091463918483102298e-39
4.057715321892462725e+03 2.956714091319193145e-39
4.249136583885599975e+03 2.827801966610283762e-39
4.449588075117675544e+03 2.704892008276151751e-39
4.659495793407621932e+03 2.587544697170884345e-39
4.879305832868402831e+03 2.475391193706331012e-39
5.109485331942413723e+03 2.367754630643125164e-39
5.350523466160178032e+03 2.264783956705640269e-39
5.602932487732100526e+03 2.167046301626683854e-39
5.867248814182477872e+03 2.074800058483513594e-39
6.144034168339540884e+03 1.987515264347120173e-39
6.433876772104049451e+03 1.904010921663723182e-39
6.737392596533570213e+03 1.823752221654393376e-39
7.055226670898891825e+03 1.746936279976158912e-39
7.388054453494832160e+03 1.673185797023854347e-39
7.736583267118558979e+03 1.602488176120994024e-39
8.101553802265940249e+03 1.535150433206218234e-39
8.483741691240787986e+03 1.471247974369508293e-39
8.883959156522138073e+03 1.410261053314383164e-39
9.303056736892518529e+03 1.351831025082967176e-39
9.741925094995840482e+03 1.295902791533481697e-39
1.020149691016620454e+04 1.242519899280841211e-39
1.068274886055003481e+04 1.191533268192659712e-39
1.118670369873432719e+04 1.143181970264984405e-39
1.171443242529176678e+04 1.097049553896323094e-39
1.226705656486222142e+04 1.053042354846650227e-39
1.284575054960730267e+04 1.011161469407095827e-39
1.345174421510375942e+04 9.716299560224595803e-40
1.408632541397976274e+04 9.334945227865929015e-40
1.475084275284828254e+04 8.962779361496092322e-40
1.544670845835458022e+04 8.601659681093301073e-40
1.617540137842844888e+04 8.270446800731372609e-40
1.693847012511919093e+04 7.950935451299712154e-40
1.773753636569296577e+04 7.656028985228875317e-40
1.857429826898650936e+04 7.373935564805137281e-40
1.945053411434100417e+04 7.101517857459017342e-40
2.036810607078649628e+04 6.838242226767640215e-40
2.132896415450772110e+04 6.597701802578307026e-40
2.233515037300224139e+04 6.357872035014914753e-40
2.338880306473729797e+04 6.131158566597163218e-40
2.449216144352881383e+04 5.915864095587829047e-40
2.564757035729986819e+04 5.704940090209219916e-40
2.685748527133143944e+04 5.511087646300521605e-40
2.812447748659665012e+04 5.339119774978369218e-40
2.945123960426809208e+04 5.164039197803961305e-40
3.084059124801079815e+04 4.993099827539942949e-40
3.229548505622283483e+04 4.841135485183898787e-40
3.381901295695773297e+04 4.685674158120906801e-40
3.541441273886354611e+04 4.542883993922913710e-40
3.708507493210420216e+04 4.400864151352576376e-40
3.883455001388552046e+04 4.272425147981970418e-40
4.066655595389970404e+04 4.144343325539159833e-40
4.258498611572274967e+04 4.020625122492546864e-40
4.459391753095807508e+04 3.911664800327487760e-40
4.669761956371000997e+04 3.810167666826646699e-40
4.890056298379986401e+04 3.687401674481803042e-40
5.120742946800846403e+04 3.593958664939651299e-40
5.362312154953652498e+04 3.503101956850274860e-40
5.615277303682627098e+04 3.414373157600822332e-40
5.880175992388810118e+04 3.328182490339312497e-40
6.157571181531810726e+04 3.244999592133359737e-40
6.448052389028562175e+04 3.164849295661277508e-40
6.752236943091869762e+04 3.088124315037670966e-40
7.070771294171099726e+04 3.017270024899072547e-40
7.404332388783284114e+04 2.950434341293084139e-40
7.753629108154056303e+04 2.889658372147689178e-40
8.119403774726102711e+04 2.834398670055728692e-40
8.502433729736608802e+04 2.784129060477957356e-40
8.903532985216200177e+04 2.738390199829286085e-40
9.323553953920493950e+04 2.669481067666363216e-40
9.763389260870561702e+04 2.536265723928688085e-40
1.022397364035197970e+05 2.346507271176041561e-40
1.070628592240430880e+05 2.113604120410917308e-40
1.121135111302250443e+05 1.853385795334927297e-40
1.174024257249088841e+05 1.579142924808504409e-40
1.229408429647943412e+05 1.289734022395792294e-40
1.287405330474996299e+05 9.415838140658450570e-41
1.348138214254847262e+05 4.708028738658617113e-41
1.411736149999999616e+05 3.394599557116946815e-41
