1.056583745000000130e-01 4.139484787836497411e-36
1.106348693767062186e-01 4.872894399279035161e-36
1.158457564762256503e-01 5.625265086617635758e-36
1.213020756399479094e-01 6.362756150574388723e-36
1.270153866842705925e-01 7.139415039951121334e-36
1.329977938913503577e-01 7.902870883954823976e-36
1.392619716533652074e-01 8.505353068116644457e-36
1.458211913246178493e-01 8.964756474966942457e-36
1.526893493383695843e-01 9.314426257926140753e-36
1.598809966479730893e-01 9.657925137653540606e-36
1.674113695546784186e-01 9.988672736528427644e-36
1.752964219874245666e-01 1.024845492562027198e-35
1.835528593030047728e-01 1.049569209481332141e-35
1.921981736782148731e-01 1.075341982595433354e-35
2.012506811689668829e-01 1.098171695228543430e-35
2.107295605148818973e-01 1.119353730429471121e-35
2.206548937715738512e-01 1.143007494132897208e-35
2.310477088567083614e-01 1.166667634351871294e-35
2.419300240999749940e-01 1.188989768913502220e-35
2.533248948913568999e-01 1.211624395385585455e-35
2.652564625265279030e-01 1.235194390167527450e-35
2.777500053528609292e-01 1.259386364777554836e-35
2.908319923244060412e-01 1.278852349537946419e-35
3.045301390793012097e-01 1.291684690156181938e-35
3.188734666584206456e-01 1.309083537937797269e-35
3.338923629896639600e-01 1.328840208590856801e-35
3.496186472681467317e-01 1.342889562262371836e-35
3.660856373686890985e-01 1.356589150872266140e-35
3.833282204334229615e-01 1.372027903287450971e-35
4.013829267840667847e-01 1.382114145300077046e-35
4.202880073154566798e-01 1.387086726483088735e-35
4.400835145343042210e-01 1.389233909363272262e-35
4.608113874148663802e-01 1.392417285566228077e-35
4.825155402513077729e-01 1.397679082905190169e-35
5.052419556949958590e-01 1.400646648747872294e-35
5.290387821738394836e-01 1.401344354010462251e-35
5.539564359000664906e-01 1.401391854699694919e-35
5.800477076825518719e-01 1.397469831724539768e-35
6.073678747699928770e-01 1.388319610475703344e-35
6.359748179618816000e-01 1.378026645025275558e-35
6.659291442353895141e-01 1.368005270636800344e-35
6.972943151479590318e-01 1.358971230803501200e-35
7.301367812876419228e-01 1.348503221565698975e-35
7.645261230560289611e-01 1.334976124972423978e-35
8.005351980820354374e-01 1.319142072849871730e-35
8.382402955788578192e-01 1.302261105164585840e-35
8.777212979711186414e-01 1.286485202298786203e-35
9.190618501346313751e-01 1.268800472211014920e-35
9.623495366073314683e-01 1.248324768577814583e-35
1.007676067146820120e+00 1.230750060001174964e-35
1.055137471027642215e+00 1.214598075592465118e-35
1.104834300489937249e+00 1.194627139192233443e-35
1.156871843770498343e+00 1.171947163247506214e-35
1.211360348167559664e+00 1.148309953497812111e-35
1.268415253611906879e+00 1.124472594469175578e-35
1.328157437239156025e+00 1.100526566767741414e-35
1.390713469481350995e+00 1.076535492018348236e-35
1.456215882220440294e+00 1.052696209782873226e-35
1.524803449571746850e+00 1.029262159299544560e-35
1.596621481892296801e+00 1.006096840650376533e-35
1.671822133636906793e+00 9.826952688661429618e-36
1.750564725714244929e+00 9.586017276337585131e-36
1.833016083025819531e+00 9.343391699531429785e-36
1.919350887903004788e+00 9.103197412176193631e-36
2.009752050190910744e+00 8.866009540843505072e-36
2.104411094763140699e+00 8.622977573483339313e-36
2.203528567288449036e+00 8.372127909161521482e-36
2.307314459108948945e+00 8.118727020562966024e-36
2.415988652130022452e+00 7.870873262830397646e-36
2.529781384664492538e+00 7.628440394476278037e-36
2.648933739217984140e+00 7.392646623228837653e-36
2.773698153248910447e+00 7.162050325266266709e-36
2.904338953985180716e+00 6.935490690662156579e-36
3.041132918430711207e+00 6.707981215945819224e-36
3.184369859748155118e+00 6.480113622903186914e-36
3.334353241260184397e+00 6.256008441176115048e-36
3.491400819370145570e+00 6.037133467157296791e-36
3.655845316764182229e+00 5.824411456189355987e-36
3.828035127321104625e+00 5.619127160489411542e-36
4.008335054223395311e+00 5.421806847710791136e-36
4.197127082833157274e+00 5.229104016563033676e-36
4.394811189970392107e+00 5.039297736965813517e-36
4.601806191308206451e+00 4.853138987749176535e-36
4.818550628680183578e+00 4.670350159992855110e-36
5.045503699179829660e+00 4.491357366634292185e-36
5.283146228020465074e+00 4.322583915082228358e-36
5.531981687216684485e+00 4.165129872156619608e-36
5.792537262245584628e+00 4.013921591024288387e-36
6.065364968947574376e+00 3.862032285022071225e-36
6.351042823033063556e+00 3.710371683503420500e-36
6.650176064672761456e+00 3.565132989672924721e-36
6.963398440765990571e+00 3.426982676081854408e-36
7.291373547603697602e+00 3.294489637173316355e-36
7.634796236770669431e+00 3.165508060619077685e-36
7.994394087265573212e+00 3.039889246873018221e-36
8.370928946957622685e+00 2.916564805449010744e-36
8.765198546645684985e+00 2.795491425313783933e-36
9.178038190139302444e+00 2.678674709269509881e-36
9.610322523942318895e+00 2.568319551710362268e-36
1.006296739028837628e+01 2.464061875708431086e-36
1.053693176745406035e+01 2.364225396050762423e-36
1.103321980146066572e+01 2.268156667952233819e-36
1.155288293346864492e+01 2.175208730856557076e-36
1.209702212737223803e+01 2.084506784553044277e-36
1.266679020231332053e+01 1.996343652658337385e-36
1.326339427505651258e+01 1.912847860276440253e-36
1.388809831739964018e+01 1.834158365358410407e-36
1.454222583403799973e+01 1.758354727292477237e-36
1.522716266655566741e+01 1.683615729275244509e-36
1.594435992948427305e+01 1.610414295724624997e-36
1.669533708464994604e+01 1.540680071611738404e-36
1.748168516032135855e+01 1.474446725643806175e-36
1.830507012197936234e+01 1.411474015164787646e-36
1.916723640184939015e+01 1.351432802703430751e-36
2.007001059467420134e+01 1.293985112352577572e-36
2.101530532755727165e+01 1.238362413865856016e-36
2.200512331207497496e+01 1.184451881035243705e-36
2.304156158724291714e+01 1.132992570051672172e-36
2.412681596232537728e+01 1.084521534683372689e-36
2.526318566890029160e+01 1.038589260307008410e-36
2.645307823203600961e+01 9.937573427755821260e-37
2.769901457089987673e+01 9.498194871967469430e-37
2.900363433960446358e+01 9.073968136728692711e-37
3.036970151960734654e+01 8.669327454517968168e-37
3.180011027551173086e+01 8.284533571468227597e-37
3.329789108667473840e+01 7.919951041162227353e-37
3.486621716761364809e+01 7.574602343643267075e-37
3.650841119081199793e+01 7.245394469903479428e-37
3.822795232616953598e+01 6.930056776464334460e-37
4.002848361200863536e+01 6.628133938884225419e-37
4.191381967325456515e+01 6.339311131379202214e-37
4.388795480314094988e+01 6.062786187208794794e-37
4.595507142556203917e+01 5.799125517926589767e-37
4.811954895600123905e+01 5.548039463634043100e-37
5.038597307980750628e+01 5.307965197223356980e-37
5.275914546747769407e+01 5.076512615590964348e-37
5.524409394752746039e+01 4.853296604397505251e-37
5.784608315850234561e+01 4.639074993494488819e-37
6.057062570269803814e+01 4.434138204795650689e-37
6.342349382521841505e+01 4.238315738024606861e-37
6.641073164311617916e+01 4.051867584840831030e-37
6.953866795052437055e+01 3.874218986431622440e-37
7.281392962690728154e+01 3.703758562300834838e-37
7.624345567683857894e+01 3.539473882349250896e-37
7.983451193105123878e+01 3.381735147189679765e-37
8.359470643990404426e+01 3.232093818275871089e-37
8.753200559187942531e+01 3.090208887394769550e-37
9.165475099125912095e+01 2.953549506820235020e-37
9.597167713073687878e+01 2.820863873849954278e-37
1.004919298964087631e+02 2.692687304402329121e-37
1.052250859443450395e+02 2.570457480916617915e-37
1.101811729897974601e+02 2.453934686055838372e-37
1.153706910520237017e+02 2.342981066076729150e-37
1.208046346997413281e+02 2.237339054090849439e-37
1.264945163443395444e+02 2.136627473697483097e-37
1.324523906301968452e+02 2.040362163694545862e-37
1.386908799737809659e+02 1.948355482790869626e-37
1.452232013056353139e+02 1.860988658165275349e-37
1.520631940719101749e+02 1.778319897052480227e-37
1.592253495547626301e+02 1.699998561809643443e-37
1.667248415737415996e+02 1.625427471649507928e-37
1.745775586332054559e+02 1.554332408404487915e-37
1.828001375838785521e+02 1.485773922083533134e-37
1.914099988698606865e+02 1.419399318895732867e-37
2.004253834357685662e+02 1.355555378496564173e-37
2.098653913721957167e+02 1.294947768849988846e-37
2.197500223813701439e+02 1.237420730537862431e-37
2.301002181487390317e+02 1.182437339950923421e-37
2.409379067102469492e+02 1.129604354000427522e-37
2.522860489093101819e+02 1.078723867022578599e-37
2.641686870419046613e+02 1.029746968873314054e-37
2.766109957928331937e+02 9.826543274186721132e-38
2.896393355710837909e+02 9.382355432453444508e-38
3.032813083572738151e+02 8.966969503799337004e-38
3.175658161815045446e+02 8.573954137164219767e-38
3.325231223555106794e+02 8.191359973044613927e-38
3.481849155888386349e+02 7.819485075186145465e-38
3.645843771248881353e+02 7.466885797559733702e-38
3.817562510390482657e+02 7.135565873669853429e-38
3.997369178478719505e+02 6.822143729771358522e-38
4.185644715852265563e+02 6.521356675949011840e-38
4.382788005087242595e+02 6.232590593737091885e-38
4.589216716074144529e+02 5.955914142353405285e-38
4.805368190897730187e+02 5.690331793051742715e-38
5.031700370394673882e+02 5.434808519093539062e-38
5.268692764351957294e+02 5.188774287438272712e-38
5.516847467401418044e+02 4.952047942053836751e-38
5.776690222762879330e+02 4.725194115913182404e-38
6.048771536089336678e+02 4.508833997784136375e-38
6.333667841774170029e+02 4.303564121835280366e-38
6.631982724191260559e+02 4.109742126094795214e-38
6.944348196455283642e+02 3.926463834285751405e-38
7.271426039411538795e+02 3.750979712698369392e-38
7.613909203691906669e+02 3.582303838621563766e-38
7.972523277807523527e+02 3.421427373348787271e-38
8.348028025388422293e+02 3.269942487453917179e-38
8.741218994826863309e+02 3.127021476948988800e-38
9.152929204734772384e+02 2.989732122836896129e-38
9.584030908785857719e+02 2.856900317885183434e-38
1.003543744368164425e+03 2.729051686956722465e-38
1.050810516415644543e+03 2.607199224868374390e-38
1.100303546912071624e+03 2.490903589881107474e-38
1.152127692323562769e+03 2.378555842162992133e-38
1.206392747841329538e+03 2.269744950083553742e-38
1.263213679994964423e+03 2.165533416485872150e-38
1.322710870221755840e+03 2.067197425454041309e-38
1.385010369908100301e+03 1.974219990516067999e-38
1.450244167443311881e+03 1.885032787711077522e-38
1.518550467851658823e+03 1.799620948174441455e-38
1.590073985595004842e+03 1.718123933202584608e-38
1.664966251166412803e+03 1.640477854068698760e-38
1.743385932124293731e+03 1.566553112183314226e-38
1.825499169247192413e+03 1.496525658220718023e-38
1.911479928521413512e+03 1.430160636653978542e-38
2.001510369707251357e+03 1.367002020880702975e-38
2.095781232264604114e+03 1.306650305349395574e-38
2.194492239455631079e+03 1.248997227372623360e-38
2.297852521480624546e+03 1.194018655874212429e-38
2.406081058543483323e+03 1.141398607036820912e-38
2.519407144785534456e+03 1.091061377121689052e-38
2.638070874070543141e+03 1.043023383313725711e-38
2.762323648650184168e+03 9.971413184343513601e-39
2.892428711787536486e+03 9.530427017048466862e-39
3.028661705467071897e+03 9.108208171272536313e-39
3.171311254372757503e+03 8.704117086143663422e-39
3.320679577371397954e+03 8.316789273918410771e-39
3.477083127796750432e+03 7.946568366283165163e-39
3.640853263890997823e+03 7.597887118865127788e-39
3.812336950823853840e+03 7.268763308943283996e-39
3.991897495776713640e+03 6.951516051884495339e-39
4.179915317649119061e+03 6.640685129183602541e-39
4.376788753018375246e+03 6.338581215022285251e-39
4.582934900059678512e+03 6.054072736410312731e-39
4.798790502214762455e+03 5.788010692801223440e-39
5.024812873481300812e+03 5.534412382526068546e-39
5.261480867283230509e+03 5.288736378013189582e-39
5.509295890974725808e+03 5.051709324659346271e-39
5.768782968127271488e+03 4.826700993957461949e-39
6.040491850850205992e+03 4.613445461236965151e-39
6.324998184501414471e+03 4.411025135382221394e-39
6.622904727255836406e+03 4.218671395761512912e-39
6.934842627115366668e+03 4.035493848242076997e-39
7.261472759065812170e+03 3.858876878602185364e-39
7.603487125213687250e+03 3.687816107261954655e-39
7.961610320869391217e+03 3.524084699786070713e-39
8.336601069682579691e+03 3.368716579377774141e-39
8.729253831082181932e+03 3.220895512716003377e-39
9.140400483426792562e+03 3.078901255288381921e-39
9.570912086431038915e+03 2.942862662509545711e-39
1.002170072660199912e+04 2.812615132150070658e-39
1.049372144959558682e+04 2.687889212730091324e-39
1.098797428358645811e+04 2.568886405550234673e-39
1.150550635793849688e+04 2.456268553155585318e-39
1.204741412166422924e+04 2.349802144596168289e-39
1.261484566637363059e+04 2.248420744718277632e-39
1.320900315863327342e+04 2.151453824828235131e-39
1.383114538688924404e+04 2.058654512064625320e-39
1.448259042835003675e+04 1.969649562610114930e-39
1.516471844147899901e+04 1.884284190969098881e-39
1.587897459001279640e+04 1.803782476280955996e-39
1.662687210470100399e+04 1.728560486873481363e-39
1.740999548925294948e+04 1.657819404616701298e-39
1.823000387728417263e+04 1.589398538727890532e-39
1.908863454737495704e+04 1.522964589271487818e-39
1.998770660368723475e+04 1.459132098593912399e-39
2.092912482993829326e+04 1.398130422337492378e-39
2.191488372489584799e+04 1.339692369446313236e-39
2.294707172794481812e+04 1.283328327948783655e-39
2.402787564367732193e+04 1.229085583506244323e-39
2.515958527488022082e+04 1.177531058701490724e-39
2.634459827373619919e+04 1.128796142210775045e-39
2.758542522151529920e+04 1.082685775036738084e-39
2.888469494751919046e+04 1.038467497826937600e-39
3.024516009854751246e+04 9.960075240841237176e-40
3.166970297068472428e+04 9.554698276119898670e-40
3.316134161576368206e+04 9.168591860335455502e-40
3.472323623544241855e+04 8.801798641515948962e-40
3.635869587644169223e+04 8.455645080391252646e-40
3.807118544112676318e+04 8.128355007941131079e-40
3.986433302828652813e+04 7.813671292360331492e-40
4.174193761966301099e+04 7.509117259919287614e-40
4.370797712851472170e+04 7.216926314954769893e-40
4.576661682726613071e+04 6.937189356308314299e-40
4.792221817209908477e+04 6.669659535017229883e-40
5.017934804318049282e+04 6.416137286574787167e-40
5.254278842010341032e+04 6.175281662953165045e-40
5.501754651304095023e+04 5.941468806290017561e-40
5.760886537107516051e+04 5.723006379548235938e-40
6.032223499017737049e+04 5.516096060374657847e-40
6.316340394437211944e+04 5.320928930766372359e-40
6.613839156472860486e+04 5.127766062390283203e-40
6.925350069197977427e+04 4.952123018021253493e-40
7.251533102978800889e+04 4.793281342783963234e-40
7.593079312694899272e+04 4.631590608671114661e-40
7.950712301815429237e+04 4.478022083094711206e-40
8.325189755433164828e+04 4.328514345000265159e-40
8.717305045504371810e+04 4.191634973212814361e-40
9.127888911695094430e+04 4.066572528032416921e-40
9.557811221395171015e+04 3.940133319654521610e-40
1.000798281262855307e+05 3.817481016908803350e-40
1.047935742376464768e+05 3.702051116635408078e-40
1.097293371411861008e+05 3.599458339694155245e-40
1.148975737972163915e+05 3.501190385006937854e-40
1.203092336874394241e+05 3.410177082462078509e-40
1.259757820126364386e+05 3.327666106600374507e-40
1.319092239829644677e+05 3.247826172676900011e-40
1.381221302523251215e+05 3.172431212888791855e-40
1.446276635506863240e+05 3.099642492842969612e-40
1.514396065707824018e+05 3.032379371342775401e-40
1.585723911682768085e+05 2.974119265714162055e-40
1.660411289372453466e+05 2.916126300194016374e-40
1.738616432257624983e+05 2.859189651258128319e-40
1.820505026594150695e+05 2.815849283923593003e-40
1.906250562437725603e+05 2.776512290255326089e-40
1.996034701201756834e+05 2.741018839637608228e-40
2.090047660527174594e+05 2.709422612065583008e-40
2.188488617279591563e+05 2.681655320978295986e-40
2.291566129527540470e+05 2.657274176136483828e-40
2.399498578395823424e+05 2.636169148020782661e-40
2.512514630730137287e+05 2.619009114776883258e-40
2.630853723553095479e+05 2.611154307678074027e-40
2.754766571338059730e+05 2.613568562249472420e-40
2.884515697175550740e+05 2.624631613629515100e-40
3.020375988957463414e+05 2.645181732627948861e-40
3.162635281757522607e+05 2.675592628890193477e-40
3.311594967641734984e+05 2.703760122190627132e-40
3.467570634200896020e+05 2.718354402830500870e-40
3.630892733157834737e+05 2.716064481891801314e-40
3.801907280465957010e+05 2.693085427697068018e-40
3.980976589382409002e+05 2.643522610106765857e-40
4.168480038068813155e+05 2.557599312110566649e-40
4.364814873345891247e+05 2.419167772523202305e-40
4.570397052304896642e+05 2.206998436318714927e-40
4.785662123558744788e+05 1.895307236412275435e-40
5.011066149999998161e+05 1.333312080792329695e-40
