1.056583745000000130e-01 2.801626657114714299e-37
1.106354667579062950e-01 3.052599539080152044e-37
1.158470075151476625e-01 3.316825110260507624e-37
1.213040405892770873e-01 3.592811136549400716e-37
1.270181300225727006e-01 3.878697959232785038e-37
1.330013845874919998e-01 4.172273668635402043e-37
1.392664834464681645e-01 4.471003682759324941e-37
1.458267030204239145e-01 4.772074784763724149e-37
1.526959451229413234e-01 5.072452891930657701e-37
1.598887664197053970e-01 5.368953019935028822e-37
1.674204092756505502e-01 5.658319124761362054e-37
1.753068340551774962e-01 5.931303414987579003e-37
1.835647529438888537e-01 6.190522644950180576e-37
1.922116653635144723e-01 6.433058839014462141e-37
2.012658950550759718e-01 6.656245171626090049e-37
2.107466289088718858e-01 6.858301299042319769e-37
2.206739576235701994e-01 7.061802975432981817e-37
2.310689182805676645e-01 7.280246173603151545e-37
2.419535389238371414e-01 7.514143049335988053e-37
2.533508852397304278e-01 7.764063924150266455e-37
2.652851094356588613e-01 8.030644940677750814e-37
2.777815014212278166e-01 8.309439998125274392e-37
2.908665424002860322e-01 8.606229681733381675e-37
3.045679609874556437e-01 8.921955279974175304e-37
3.189147919680607179e-01 9.257621213900074734e-37
3.339374378259716281e-01 9.613546839666768950e-37
3.496677331697515267e-01 9.977145736168372920e-37
3.661390121936287101e-01 1.034342818790899198e-36
3.833861793162532949e-01 1.071149616767580268e-36
4.014457831469293025e-01 1.108041572767631031e-36
4.203560939360632687e-01 1.144922263202008818e-36
4.401571846739574245e-01 1.181255949487620247e-36
4.608910160098027564e-01 1.217366687345038301e-36
4.826015251708248854e-01 1.253158924617715339e-36
5.053347190700123726e-01 1.288530331676633258e-36
5.291387717997333429e-01 1.323489139548883659e-36
5.540641267178377793e-01 1.359044568500556911e-36
5.801636033425794370e-01 1.395511402663339761e-36
6.074925092828782347e-01 1.432898887600080764e-36
6.361087574411147250e-01 1.471216731084558156e-36
6.660729887368227464e-01 1.510475258584764068e-36
6.974487006113466725e-01 1.550315093707456100e-36
7.303023815857737633e-01 1.591109715495536020e-36
7.647036521572897483e-01 1.632879450778516325e-36
8.007254123325299178e-01 1.675638725560365724e-36
8.384439961105630834e-01 1.719053105558244585e-36
8.779393332428778729e-01 1.761147064080844270e-36
9.192951186131567143e-01 1.801503008261358088e-36
9.625989895957695053e-01 1.839953908785933507e-36
1.007942711768833099e+00 1.876342434588413170e-36
1.055422373375379141e+00 1.910522449852065241e-36
1.105138588944715394e+00 1.942043883366654469e-36
1.157196712505476954e+00 1.971096395438262833e-36
1.211707060842187600e+00 1.997582818525709467e-36
1.268785147268437274e+00 2.021414018788850731e-36
1.328551926412065098e+00 2.043423292630106135e-36
1.391134050531075861e+00 2.066932793865596097e-36
1.456664137903449951e+00 2.092285930174950964e-36
1.525281053859591340e+00 2.119500223170693116e-36
1.597130205052956775e+00 2.148605624710975705e-36
1.672363847592454267e+00 2.179645095481457167e-36
1.751141409689576767e+00 2.212402230577340668e-36
1.833629829503994779e+00 2.247215637697036274e-36
1.920003908903544554e+00 2.284180327475657483e-36
2.010446683888253983e+00 2.323400116079822315e-36
2.105149812463392056e+00 2.364056422349809610e-36
2.204313980783475735e+00 2.403853157200573302e-36
2.308149328427896663e+00 2.442610692247274779e-36
2.416875893709383938e+00 2.480242988430880553e-36
2.530724079958940109e+00 2.516666244500552662e-36
2.649935143775378421e+00 2.551799335317186635e-36
2.774761706274106121e+00 2.585317136080132833e-36
2.905468288418540990e+00 2.617387151986784366e-36
3.042331871568592305e+00 2.647947294606187597e-36
3.185642484434074273e+00 2.676931109411376267e-36
3.335703817676847205e+00 2.704258933377144617e-36
3.492833867464125497e+00 2.729824223006058964e-36
3.657365609336688195e+00 2.753547825340694810e-36
3.829647703820002302e+00 2.775372057154437366e-36
4.010045235273516084e+00 2.795244683363193838e-36
4.198940485543847245e+00 2.813119159013072823e-36
4.396733744061273264e+00 2.828731291609969263e-36
4.603844156096267959e+00 2.842265674085143606e-36
4.820710610973574894e+00 2.853702955009041406e-36
5.047792672126079516e+00 2.863021185579697010e-36
5.285571550959338616e+00 2.870483382891058523e-36
5.534551126590510073e+00 2.876345847314483910e-36
5.795259013622599653e+00 2.880552683598614389e-36
6.068247680216772189e+00 2.883088857977679972e-36
6.354095618832037218e+00 2.883944069836224971e-36
6.653408572113229447e+00 2.883112739187389417e-36
6.966820816525070015e+00 2.880371292367554227e-36
7.294996506452490870e+00 2.875942108476719489e-36
7.638631081615466556e+00 2.869843837528159094e-36
7.998452740780881420e+00 2.862091682185033687e-36
8.375223984894331508e+00 2.852986102601380178e-36
8.769743232901962671e+00 2.842704935271609180e-36
9.182846513686412138e+00 2.831217530707630048e-36
9.615409237702296608e+00 2.818535540963876939e-36
1.006834805206545802e+01 2.804673133604897715e-36
1.054262278302718592e+01 2.789646867493179457e-36
1.103923846994966240e+01 2.772958160045857308e-36
1.155924749509293470e+01 2.754428116328887858e-36
1.210375181372647369e+01 2.734158364228995172e-36
1.267390528929141524e+01 2.712840847995697950e-36
1.327091613856176799e+01 2.690663131400744867e-36
1.389604949198619899e+01 2.667259236542755621e-36
1.455063007463606084e+01 2.642019102837893810e-36
1.523604501344083673e+01 2.614550932916506966e-36
1.595374677665988017e+01 2.583181296799837327e-36
1.670525625181948115e+01 2.547633677860394008e-36
1.749216596863771045e+01 2.509581194385479133e-36
1.831614347376692820e+01 2.471886149929044541e-36
1.917893486450507012e+01 2.434520118777503560e-36
2.008236848896440918e+01 2.396178301988528793e-36
2.102835882053860672e+01 2.356600616893672117e-36
2.201891051487854156e+01 2.314941285018284332e-36
2.305612265797405414e+01 2.270064399514434168e-36
2.414219321434382692e+01 2.222768564989904376e-36
2.527942368475948243e+01 2.175354283301678382e-36
2.647022398337423255e+01 2.128381982190706400e-36
2.771711754459116506e+01 2.082458044878770425e-36
2.902274667049318779e+01 2.038864533898286146e-36
3.038987813016639805e+01 1.996979808292731085e-36
3.182140902278264960e+01 1.952462408638934559e-36
3.332037291686528135e+01 1.904466459713268171e-36
3.488994627874849641e+01 1.855522658231665794e-36
3.653345520385244072e+01 1.808890700335146957e-36
3.825438246503854600e+01 1.763729868482008866e-36
4.005637489298120357e+01 1.717889412193152224e-36
4.194325110419575964e+01 1.670968345818197969e-36
4.391900959309918306e+01 1.623307621482311488e-36
4.598783720525145924e+01 1.575850167698641290e-36
4.815411800973338075e+01 1.529347765542906996e-36
5.042244258946221436e+01 1.483599252116670513e-36
5.279761776913277771e+01 1.438552843949936204e-36
5.528467680139762308e+01 1.394441424252197946e-36
5.788889003287306423e+01 1.351518747749881101e-36
6.061577607257265754e+01 1.309544296815676772e-36
6.347111348643551310e+01 1.268415930842072836e-36
6.646095304273144677e+01 1.228116842061640076e-36
6.959163053429224988e+01 1.188305180312522635e-36
7.286978020474076345e+01 1.148641987190708795e-36
7.630234880716942314e+01 1.109070345335492801e-36
7.989661032506006677e+01 1.070444433062059253e-36
8.366018138664036030e+01 1.032962189714334274e-36
8.760103740534121641e+01 9.960215372774298215e-37
9.172752948055938305e+01 9.588467366095273843e-37
9.604840209453816158e+01 9.219587661169156294e-37
1.005728116428697660e+02 8.867166582789081116e-37
1.053103458378861177e+02 8.533583978122548893e-37
1.102710440260565008e+02 8.215872497754920933e-37
1.154654184624465785e+02 7.911313117023238082e-37
1.209044765873219802e+02 7.619166782158595446e-37
1.265997443521026469e+02 7.336095719632320374e-37
1.325632906440983163e+02 7.061161344893496176e-37
1.388077528617839107e+02 6.795862720363004220e-37
1.453463636948112025e+02 6.542168275224678162e-37
1.521929791655068982e+02 6.298200817893429644e-37
1.593621079912805385e+02 6.057624937492031212e-37
1.668689423301622980e+02 5.819212193952779554e-37
1.747293899746267130e+02 5.585166304952541920e-37
1.829601080619223126e+02 5.358946335165193418e-37
1.915785383723440702e+02 5.140200203129579871e-37
2.006029442902488142e+02 4.927392854562481263e-37
2.100524495061387995e+02 4.720183858177523719e-37
2.199470785418263858e+02 4.520164526064746224e-37
2.303077991845581494e+02 4.329655531523537246e-37
2.411565669200195714e+02 4.148529163614287699e-37
2.525163714583797798e+02 3.976114006256496474e-37
2.644112854519704570e+02 3.811900127053953887e-37
2.768665155078336397e+02 3.654602368202712843e-37
2.899084556032449314e+02 3.502742399763890460e-37
3.035647430174004739e+02 3.355989102466146497e-37
3.178643168977956748e+02 3.214749209531484155e-37
3.328374795854035142e+02 3.078989973022761715e-37
3.485159608286063531e+02 2.948532173928870842e-37
3.649329850219591549e+02 2.823369237346681345e-37
3.821233416122682911e+02 2.703831935966772505e-37
4.001234588211858068e+02 2.588600178460957888e-37
4.189714808405441318e+02 2.477258711314486281e-37
4.387073486640166493e+02 2.371025931740612741e-37
4.593728847263973876e+02 2.271709728618564734e-37
4.810118815298530990e+02 2.178074208082077505e-37
5.036701944449658868e+02 2.087230120366778473e-37
5.273958388832134005e+02 1.998479059796078681e-37
5.522390920468103559e+02 1.912347052598151427e-37
5.782525994715282422e+02 1.829548621685998090e-37
6.054914865882700497e+02 1.749869205880556201e-37
6.340134755398098605e+02 1.673308557979662768e-37
6.638790075002456206e+02 1.599791677865351445e-37
6.951513707563734670e+02 1.528829498863749340e-37
7.278968348223996827e+02 1.459893455325201118e-37
7.621847908721965723e+02 1.393414274921358886e-37
7.980878987866944954e+02 1.330367628613432684e-37
8.356822411280103324e+02 1.270831135796638233e-37
8.750474843666141851e+02 1.214475893646310550e-37
9.162670477031809924e+02 1.160928708972719024e-37
9.594282798428838532e+02 1.110017149046653590e-37
1.004622644096730710e+03 1.061456165070684416e-37
1.051945912202196268e+03 1.015092197625383403e-37
1.101498367273872645e+03 9.706902321882568500e-38
1.153385016314221275e+03 9.280027111176565720e-38
1.207715812734741803e+03 8.871069640414753857e-38
1.264605889359128014e+03 8.486211256152512277e-38
1.324175802402149657e+03 8.125780410834903491e-38
1.386551786941289038e+03 7.782638992896350751e-38
1.451866024422499095e+03 7.446235055749897209e-38
1.520256922766959178e+03 7.115608831607028620e-38
1.591869409672404572e+03 6.800018964282659734e-38
1.666855239730564108e+03 6.501243559238688053e-38
1.745373316011526867e+03 6.216875315353842877e-38
1.827590026796503025e+03 5.943849940932488822e-38
1.913679598172557235e+03 5.680932108842837730e-38
2.003824463236498332e+03 5.424741550673306059e-38
2.098215648690308626e+03 5.174571757128564804e-38
2.197053179647349225e+03 4.933068702036725519e-38
2.300546503507174748e+03 4.704527277167820956e-38
2.408914933797183949e+03 4.489641172771008606e-38
2.522388114921665419e+03 4.286346041524227548e-38
2.641206508803084489e+03 4.093575416362107688e-38
2.765621904446858480e+03 3.910003945809217786e-38
2.895897951509440190e+03 3.734032751204855998e-38
3.032310719000429344e+03 3.565577019000315907e-38
3.175149280302574425e+03 3.405816317704860920e-38
3.324716325749508542e+03 3.254684612390960209e-38
3.481328804059238337e+03 3.111443765075230112e-38
3.645318593982699440e+03 2.975122764166323868e-38
3.817033207590664460e+03 2.844714965916065639e-38
3.996836526689338825e+03 2.718711172389396113e-38
4.185109573925197765e+03 2.596687960649801843e-38
4.382251320213113104e+03 2.479571781507974647e-38
4.588679530198800421e+03 2.368922144351907418e-38
4.804831647547202920e+03 2.264291622319886368e-38
5.031165721932857195e+03 2.163457122736750922e-38
5.268161379696602125e+03 2.065776801613400378e-38
5.516320840225581378e+03 1.971978165361742506e-38
5.776169980210353060e+03 1.883228782180761439e-38
6.048259448034369598e+03 1.799118190082796590e-38
6.333165830657362676e+03 1.718429198720657747e-38
6.631492875465357429e+03 1.640759699434670627e-38
6.943872769676576354e+03 1.566082985573940784e-38
7.270967480014407556e+03 1.494484390896229960e-38
7.613470155486365911e+03 1.426120068587517404e-38
7.972106596241677835e+03 1.361254115520265480e-38
8.347636791620145232e+03 1.299806082843778322e-38
8.740856530651682988e+03 1.241727922049707777e-38
9.152599088419085092e+03 1.187074543252636793e-38
9.583736991857973408e+03 1.135525508395477950e-38
1.003518386873555028e+04 1.086021921911167009e-38
1.050789638372649279e+04 1.038231603412489554e-38
1.100287626568867927e+04 9.923423064849261833e-39
1.152117243043480812e+04 9.486695330548577134e-39
1.206388320349823880e+04 9.069405838002484844e-39
1.263215864760339900e+04 8.666564677723509855e-39
1.322720299977286049e+04 8.276687750361058991e-39
1.385027722323561466e+04 7.902062941815805703e-39
1.450270167954429962e+04 7.546712273174769517e-39
1.518585892656388569e+04 7.209735233409291742e-39
1.590119664826107328e+04 6.884286663124695867e-39
1.665023072250291807e+04 6.568390170480066868e-39
1.743454843336570411e+04 6.264642205873716352e-39
1.825581183476126898e+04 5.977435790158413739e-39
1.911576127250872014e+04 5.706117659165257534e-39
2.001621907231509613e+04 5.448749560471804351e-39
2.095909340148032061e+04 5.204243169005771347e-39
2.194638231250972967e+04 4.970562712287604522e-39
2.298017797720305680e+04 4.744723495817277086e-39
2.406267112019230990e+04 4.526803442587313719e-39
2.519615566132401727e+04 4.321912110699960312e-39
2.638303357672274069e+04 4.130800881335071644e-39
2.762581998883802953e+04 3.950501548732080306e-39
2.892714849626039722e+04 3.776658813155514444e-39
3.028977675460108730e+04 3.609019182455560360e-39
3.171659232026204700e+04 3.449301430075662290e-39
3.321061876947971905e+04 3.297702779249369891e-39
3.477502210560954700e+04 3.153202870194335291e-39
3.641311746822890564e+04 3.014406480333055334e-39
3.812837615827580885e+04 2.881220503906845150e-39
3.992443299411037151e+04 2.753202471729554694e-39
4.180509401408740086e+04 2.630106186020127248e-39
4.377434454196258594e+04 2.512369155062429115e-39
4.583635763222382957e+04 2.400811773342404856e-39
4.799550291324426507e+04 2.294780235905940947e-39
5.025635584699659375e+04 2.193083836858151405e-39
5.262370742495097511e+04 2.095286924926124677e-39
5.510257432070327923e+04 2.000831131678421143e-39
5.769820952084804594e+04 1.908882632613443232e-39
6.041611345662426902e+04 1.819894074559000346e-39
6.326204565992305288e+04 1.735897703890352933e-39
6.624203696835755545e+04 1.657221823593718313e-39
6.936240230525888910e+04 1.582954470511677875e-39
7.262975406168104382e+04 1.511769186530687982e-39
7.605101610877065104e+04 1.443495411258199098e-39
7.963343847019804525e+04 1.378334097031502527e-39
8.338461268574003770e+04 1.316242569751879326e-39
8.731248789857242082e+04 1.257252418584302789e-39
9.142538770036259666e+04 1.201515641310734577e-39
9.573202776985899254e+04 1.148678175079022492e-39
1.002415343423553859e+05 1.098409669303394550e-39
1.049634635491688387e+05 1.050530704002285819e-39
1.099078216681137565e+05 1.004545276035479808e-39
1.150850863278848992e+05 9.596679628879630888e-40
1.205062287112838967e+05 9.161274026532958061e-40
1.261827368043401220e+05 8.746592613877561697e-40
1.321266397405934986e+05 8.353946175314802928e-40
1.383505332921271911e+05 7.981653705178008208e-40
1.448676065613686515e+05 7.627827442827759684e-40
1.516916699302216584e+05 7.291328064319192255e-40
1.588371843257566798e+05 6.966237587142530110e-40
1.663192918644767487e+05 6.650718157176383037e-40
1.741538479400970973e+05 6.349476070128791804e-40
1.823574548228364147e+05 6.070791412126447758e-40
1.909474968414199539e+05 5.812129856594408271e-40
1.999421772223490989e+05 5.565536550114616588e-40
2.093605566645033832e+05 5.328277057823452466e-40
2.192225937308208377e+05 5.099449970184178700e-40
2.295491871426455036e+05 4.877569803827761320e-40
2.403622200663759722e+05 4.662569932612156342e-40
2.516846064862572530e+05 4.459322240422157317e-40
2.635403397615873837e+05 4.268779936576396016e-40
2.759545434712364222e+05 4.087870885035612825e-40
2.889535246532227029e+05 3.911414310763440250e-40
3.025648295521665132e+05 3.739454085227305700e-40
3.168173019927568384e+05 3.574654744777604726e-40
3.317411445029301685e+05 3.417614580308484935e-40
3.473679823162878165e+05 3.268405722654230873e-40
3.637309303893809556e+05 3.127645658700668777e-40
3.808646635758785415e+05 2.995162635944914916e-40
3.988054901063262951e+05 2.866975227082701636e-40
4.175914285292075365e+05 2.741804723971407912e-40
4.372622882763518137e+05 2.621768527751194038e-40
4.578597540234196931e+05 2.510580551594500495e-40
4.794274740242307889e+05 2.407179668930866396e-40
5.020111526061265613e+05 2.308263445046642942e-40
5.256586470223743236e+05 2.212694536889883431e-40
5.504200688668544171e+05 2.120534200521141443e-40
5.763478902659377782e+05 2.032007756169651478e-40
6.034970550725864014e+05 1.947176742367534951e-40
6.319250952983142342e+05 1.866379272806973704e-40
6.616922530297246994e+05 1.789571133819175124e-40
6.928616080880007939e+05 1.716088329795204566e-40
7.254992117018562276e+05 1.644654775256524689e-40
7.596742264772200724e+05 1.575309638343751761e-40
7.954590729602664942e+05 1.509370590698165064e-40
8.329295831043712096e+05 1.447117307175432341e-40
8.721651609662082046e+05 1.388229154261571517e-40
9.132489509715192253e+05 1.332289582718167923e-40
9.562680141071288381e+05 1.279030640290421575e-40
1.001313512412575656e+06 1.228298555002214903e-40
1.048480902162316605e+06 1.179961673896817439e-40
1.097870136147878831e+06 1.133945217623768603e-40
1.149585875488617457e+06 1.090051114888962832e-40
1.203737711419926723e+06 1.048309791792125244e-40
1.260440397528900998e+06 1.008306959791847372e-40
1.319814092929575592e+06 9.698499848833817104e-41
1.381984616893063299e+06 9.331743220980889456e-41
1.447083715472173644e+06 8.987491356710991713e-41
1.515249340685524279e+06 8.660596470583445840e-41
1.586625942852762062e+06 8.342944103887448241e-41
1.661364776700388175e+06 8.034784322079072797e-41
1.739624221886849497e+06 7.749059564718941636e-41
1.821570118626149604e+06 7.476686609863513692e-41
1.907376119121147320e+06 7.229405636661286438e-41
1.997224055551337311e+06 6.983734817637912967e-41
2.091304325394867454e+06 6.755178489984239585e-41
2.189816294901351910e+06 6.532218042466819464e-41
2.292968721570480615e+06 6.314229624663675722e-41
2.400980196531698108e+06 6.111170191638524406e-41
2.514079607762411702e+06 5.924221923605527502e-41
2.632506625126325525e+06 5.760998300434740871e-41
2.756512208259759471e+06 5.591508971610401060e-41
2.886359138382215984e+06 5.435221317436093023e-41
3.022322575158154592e+06 5.278221976881032325e-41
3.164690639790031593e+06 5.141494831326370474e-41
3.313765025578234810e+06 5.008344439920016040e-41
3.469861637241762597e+06 4.886289784523002913e-41
3.633311260354429949e+06 4.775360646479831874e-41
3.804460262315214146e+06 4.673809739768260946e-41
3.983671326338172425e+06 4.579361719195649537e-41
4.171324220017328858e+06 4.487988791601628847e-41
4.367816600095211528e+06 4.406336938815924650e-41
4.573564855140422471e+06 4.334657894807204805e-41
4.789004987919975072e+06 4.273302202105816824e-41
5.014593539336229675e+06 4.216328307147966999e-41
5.250808555886348709e+06 4.162000585301214850e-41
5.498150602694479749e+06 4.090522368749567906e-41
5.757143824263239279e+06 4.054543300784176266e-41
6.028337055192545988e+06 4.026283723474834001e-41
6.312304983219381422e+06 4.005898557147151047e-41
6.609649367043158971e+06 3.998267837437339533e-41
6.921000311517378315e+06 4.006915517165648813e-41
7.247017602909837849e+06 4.030498878492149023e-41
7.588392107060980052e+06 4.069942481801686512e-41
7.945847233403193764e+06 4.126505487492747368e-41
8.320140467943510972e+06 4.199873646842875018e-41
8.712064978458240628e+06 4.289724745949682327e-41
9.122451295301124454e+06 4.398179074967235075e-41
9.552169071386829019e+06 4.527980538483265896e-41
1.000212892507936619e+07 4.682964598482582292e-41
1.047328436989072897e+07 4.906461818778124104e-41
1.096663383507897146e+07 5.242324252337087038e-41
1.148322278142758645e+07 5.717627828559811880e-41
1.202414591668989323e+07 6.375516325286008588e-41
1.259054951539271139e+07 7.283720066546928056e-41
1.318363384791620448e+07 8.551694314171873576e-41
1.380465572399600409e+07 1.036892477997153816e-40
1.445493115603916347e+07 1.310968093344915312e-40
1.513583814789609052e+07 1.776541890795819409e-40
1.584881961499998905e+07 1.411921152609074285e-40
