1.056583745000000130e-01 8.907964772528212417e-40
1.106466772487114392e-01 1.063195267651231836e-39
1.158704858381151559e-01 1.226082438001001052e-39
1.213409188798500321e-01 1.370000269274937029e-39
1.270696199131933490e-01 1.508939109192115128e-39
1.330687821877435673e-01 1.622696817377246922e-39
1.393511746161336384e-01 1.667338017529723830e-39
1.459301689520139944e-01 1.662779536859452606e-39
1.528197682511519551e-01 1.627245194918034813e-39
1.600346366762256389e-01 1.586113038501968098e-39
1.675901307087507841e-01 1.542814330674527614e-39
1.755023318345722283e-01 1.495798009582932404e-39
1.837880807724916188e-01 1.449776807549713597e-39
1.924650133188826051e-01 1.406396785170841145e-39
2.015515978845893452e-01 1.364278978155135305e-39
2.110671748040021944e-01 1.323786554261530818e-39
2.210319974999783998e-01 1.285694916435289656e-39
2.314672755922258518e-01 1.249313762111491452e-39
2.423952200409021929e-01 1.213921491764510555e-39
2.538390904215178101e-01 1.177427498454914034e-39
2.658232444317621401e-01 1.141311577270085903e-39
2.783731897356276352e-01 1.107367109118393361e-39
2.915156382551797876e-01 1.074433546691912861e-39
3.052785630255269722e-01 1.041783043093338738e-39
3.196912577340085271e-01 1.009662626766842585e-39
3.347843990703213701e-01 9.788075359981939720e-40
3.505901120202985499e-01 9.501812744176407985e-40
3.671420382423123407e-01 9.221820693233998389e-40
3.844754076718376878e-01 8.942425120347085135e-40
4.026271135065831452e-01 8.668243868414778038e-40
4.216357907317910270e-01 8.404864647882498141e-40
4.415418983528439090e-01 8.150707443679949135e-40
4.623878055102056406e-01 7.907598431793746768e-40
4.842178816599878588e-01 7.672119135332072497e-40
5.070785910120869655e-01 7.442191230077281029e-40
5.310185914268985563e-01 7.219311591417002446e-40
5.560888379811047555e-01 7.005692650608533770e-40
5.823426914229716811e-01 6.801570646427989446e-40
6.098360317479946113e-01 6.607202704554762876e-40
6.386273771366347551e-01 6.423768912078988870e-40
6.687780085072986269e-01 6.249371142693438381e-40
7.003520999496642974e-01 6.071156424747771726e-40
7.334168553159765569e-01 5.896589518226146899e-40
7.680426512610389889e-01 5.725542946104095941e-40
8.043031870353524182e-01 5.563544225246636145e-40
8.422756413502331396e-01 5.410930205448603343e-40
8.820408366487851870e-01 5.267100922337719166e-40
9.236834111323711793e-01 5.125544432202810478e-40
9.672919989087307435e-01 4.986105266326749475e-40
1.012959418645185350e+00 4.857328659313079131e-40
1.060782871128461036e+00 4.734932423849799438e-40
1.110864146151636200e+00 4.601622438014433896e-40
1.163309839168550353e+00 4.471472974589763812e-40
1.218231578176824703e+00 4.345006033170625205e-40
1.275746261312391550e+00 4.222089709723972222e-40
1.335976305661246144e+00 4.104767398983890448e-40
1.399049907818010086e+00 3.993439233690467517e-40
1.465101316745875293e+00 3.887150077350190890e-40
1.534271119518717974e+00 3.784751437444012658e-40
1.606706540553553442e+00 3.687101977036936093e-40
1.682561754970238299e+00 3.592987241152763325e-40
1.761998216745398471e+00 3.490098607639984552e-40
1.845185002359023940e+00 3.392106385061261989e-40
1.932299170665187749e+00 3.298786724918084723e-40
2.023526139752828801e+00 3.209295431367291674e-40
2.119060081598758138e+00 3.122992935737336363e-40
2.219104335352859003e+00 3.039608482663878181e-40
2.323871840135152134e+00 2.958648292653324807e-40
2.433585588265919863e+00 2.879173063533510266e-40
2.548479099893541377e+00 2.801368975253969298e-40
2.668796920030294118e+00 2.725214150079005650e-40
2.794795139053999122e+00 2.641323557466665929e-40
2.926741937783411185e+00 2.561151338998837374e-40
3.064918158287485817e+00 2.484510408740007732e-40
3.209617901643474269e+00 2.411279570753106326e-40
3.361149153916162646e+00 2.340080837819406933e-40
3.519834441690573801e+00 2.270364473605854962e-40
3.686011518553460320e+00 2.202599701312986176e-40
3.860034083984677622e+00 2.137932569873657598e-40
4.042272536188582066e+00 2.076230800839533688e-40
4.233114760467834969e+00 2.015265467552806686e-40
4.432966954817583627e+00 1.947217343509385481e-40
4.642254494497305650e+00 1.881398292096132336e-40
4.861422837420456666e+00 1.817729804083418541e-40
5.090938472289066929e+00 1.756077867943096218e-40
5.331289911491270850e+00 1.696581651653954063e-40
5.582988730875145578e+00 1.639264708064539794e-40
5.846570658611972782e+00 1.584139357437885557e-40
6.122596715466458228e+00 1.531468829214413499e-40
6.411654408901000579e+00 1.481158770691630078e-40
6.714358983555501759e+00 1.431828659804516391e-40
7.031354730764398653e+00 1.380252853108603742e-40
7.363316359898087526e+00 1.330354287342231095e-40
7.710950434447580548e+00 1.282755268772962631e-40
8.074996875909091543e+00 1.237383962422953373e-40
8.456230538669380792e+00 1.193371802165554648e-40
8.855462859244044083e+00 1.150232873959370900e-40
9.273543583378970112e+00 1.108199635281873990e-40
9.711362574691053240e+00 1.068051734935876813e-40
1.016985170869779331e+01 1.029772400553354336e-40
1.064998685626704322e+01 9.923248752337405313e-41
1.115278996070868089e+01 9.529601948830611750e-41
1.167933121292911203e+01 9.150993127541715681e-41
1.223073132927829221e+01 8.785602522155870540e-41
1.280816393693770294e+01 8.432866271781246131e-41
1.341285807192624091e+01 8.094270773603849197e-41
1.404610079504106324e+01 7.770590615490786543e-41
1.470923993130122120e+01 7.460896948937751041e-41
1.540368693872480677e+01 7.163578365095280592e-41
1.613091991254583490e+01 6.878016137672933266e-41
1.689248673126493117e+01 6.599768200613036040e-41
1.769000835123022597e+01 6.317057094796367250e-41
1.852518225676074692e+01 6.045711215097876659e-41
1.939978607315562442e+01 5.785318040928682575e-41
2.031568135027949751e+01 5.535485907084789168e-41
2.127481752477690335e+01 5.296777966994772158e-41
2.227923606934932721e+01 5.069541641478850202e-41
2.333107483792633019e+01 4.852858027099068827e-41
2.443257261597911878e+01 4.644429235105610305e-41
2.558607388566200314e+01 4.443723971177951511e-41
2.679403381592366884e+01 4.249242801053180309e-41
2.805902348820980663e+01 4.055667074416530156e-41
2.938373536887947424e+01 3.871699560383752846e-41
3.077098903998331991e+01 3.697005200557109786e-41
3.222373720060088687e+01 3.531112078094689361e-41
3.374507195151087302e+01 3.372545351642419029e-41
3.533823137657083180e+01 3.219890658940347893e-41
3.700660643481430156e+01 3.073060688207975993e-41
3.875374817793533566e+01 2.932551391275913101e-41
4.058337530852179498e+01 2.798259591283358488e-41
4.249938209512521325e+01 2.668340170304513216e-41
4.450584666101396891e+01 2.538983484607003319e-41
4.660703966425162292e+01 2.415748440683816278e-41
4.880743338757630312e+01 2.297963059233772111e-41
5.111171125742745147e+01 2.185329401594413119e-41
5.352477781238159338e+01 2.077925887874139486e-41
5.605176914221391371e+01 1.975883046884368783e-41
5.869806381980468046e+01 1.878930897941379050e-41
6.146929434915916346e+01 1.786450153036046100e-41
6.437135915390648222e+01 1.698145057552037265e-41
6.741043513179526769e+01 1.612676984558407772e-41
7.059299080190702114e+01 1.527571506813114266e-41
7.392580007257123498e+01 1.446914696606095443e-41
7.741595665928549863e+01 1.370083594127056892e-41
8.107088918332917160e+01 1.296839447716892346e-41
8.489837698320714310e+01 1.227289309741614445e-41
8.890656667257690060e+01 1.161643103664758264e-41
9.310398947990306340e+01 1.099647820507807548e-41
9.749957940674410395e+01 1.041007071147815990e-41
1.021026922433216555e+02 9.855229450966966739e-42
1.069231254818455596e+02 9.316485324554125988e-42
1.119711391699787697e+02 8.770219623445542384e-42
1.172574777488289612e+02 8.252606600622117809e-42
1.227933929219461646e+02 7.764475557353097235e-42
1.285906676040031300e+02 7.304784886353173659e-42
1.346616410001317945e+02 6.871459305901317986e-42
1.410192348692949622e+02 6.462200147634980383e-42
1.476769810275957582e+02 6.075538610807947673e-42
1.546490501500613561e+02 5.711056881676160401e-42
1.619502819322063374e+02 5.367855100553297897e-42
1.695962166755712701e+02 5.032937967565721428e-42
1.776031283644673238e+02 4.689457094199260600e-42
1.859880593043259012e+02 4.368819483715110688e-42
1.947688563953815617e+02 4.069045265819136587e-42
2.039642091188940753e+02 3.788700217894424569e-42
2.135936893167607025e+02 3.526797603292028086e-42
2.236777928491901832e+02 3.282630207468989834e-42
2.342379832191008404e+02 3.055126477150877874e-42
2.452967372560982255e+02 2.841879778956223936e-42
2.568775929572670975e+02 2.641562808048114975e-42
2.690051995866034531e+02 2.442497749094787151e-42
2.817053701397243231e+02 2.232660715984744359e-42
2.950051362855185744e+02 2.039895999523394288e-42
3.089328059016835937e+02 1.862507355677602417e-42
3.235180233266074197e+02 1.699256038766172136e-42
3.387918324558382892e+02 1.549172203910088914e-42
3.547867428174436668e+02 1.411450952731778063e-42
3.715367987668906267e+02 1.285123006416943257e-42
3.890776519487305904e+02 1.168916258882963216e-42
4.074466371793147346e+02 1.061948756502940261e-42
4.266828519120597889e+02 9.534841844273521253e-43
4.468272394543927248e+02 8.354052460313990532e-43
4.679226761135046218e+02 7.312022835576712447e-43
4.900140624563964025e+02 6.388296653254878076e-43
5.131484188784562548e+02 5.568779048476444721e-43
5.373749856839896211e+02 4.847574348446615745e-43
5.627453278917073476e+02 4.214296372304689540e-43
5.893134449882533090e+02 3.650521732359237996e-43
6.171358858633735736e+02 3.157005003898937030e-43
6.462718691713574799e+02 2.712433121371829142e-43
6.767834093749438580e+02 2.291304216135124778e-43
7.087354487399570644e+02 1.869618617528693271e-43
7.421959955616265461e+02 1.524569626647594195e-43
7.772362689167947565e+02 1.229705489208992252e-43
8.139308502501072553e+02 9.618236063226474954e-44
8.523578421168392651e+02 7.371068781564659792e-44
8.925990344202202778e+02 5.452015139034965493e-44
9.347400784970968743e+02 3.917082760852443703e-44
9.788706694224548528e+02 2.690533422517819242e-44
1.025084736920843397e+03 1.751522710849568417e-44
1.073480645291024985e+03 1.048379304960846863e-44
1.124161402769400183e+03 5.784748739801705964e-45
1.177234880777806666e+03 3.170725118082503390e-45
1.232814043522384054e+03 1.886158109707508668e-45
1.291017188432140983e+03 1.038978960379827377e-45
1.351968197949040132e+03 5.893173821622024861e-46
1.415796803205500282e+03 3.042200168610617956e-46
1.482638860150514802e+03 1.296483050698032464e-46
1.552636638712168860e+03 4.148978901350425679e-47
1.625939125611947020e+03 1.144708392473609387e-47
1.702702341475421463e+03 0.000000000000000000e+00
1.783089672914250059e+03 0.000000000000000000e+00
1.867272220286269885e+03 0.000000000000000000e+00
1.955429161873958719e+03 0.000000000000000000e+00
2.047748135256296109e+03 0.000000000000000000e+00
2.144425636685843529e+03 0.000000000000000000e+00
2.245667439321066013e+03 0.000000000000000000e+00
2.351689031204033199e+03 0.000000000000000000e+00
2.462716073915823472e+03 0.000000000000000000e+00
2.578984882885720253e+03 0.000000000000000000e+00
2.700742930376633467e+03 0.000000000000000000e+00
2.828249372217274868e+03 0.000000000000000000e+00
2.961775599402157695e+03 0.000000000000000000e+00
3.101605815733608779e+03 0.000000000000000000e+00
3.248037642735107511e+03 0.000000000000000000e+00
3.401382753123620205e+03 0.000000000000000000e+00
3.561967534189189792e+03 0.000000000000000000e+00
3.730133782493684976e+03 0.000000000000000000e+00
3.906239431367499037e+03 0.000000000000000000e+00
4.090659312752441110e+03 0.000000000000000000e+00
4.283785955012534032e+03 0.000000000000000000e+00
4.486030418410755374e+03 0.000000000000000000e+00
4.697823170029897483e+03 0.000000000000000000e+00
4.919614999999999782e+03 0.000000000000000000e+00
