1.056583745000000130e-01 1.675024005263931431e-36
1.106318875504728877e-01 1.955544470017752712e-36
1.158395120207009465e-01 2.223947154395319713e-36
1.212922679193388364e-01 2.463412896647039092e-36
1.270016939849299142e-01 2.690750369918225141e-36
1.329798721033733921e-01 2.877183871440514766e-36
1.392394528747616655e-01 2.960115731195022832e-36
1.457936823836902818e-01 2.959645077558630843e-36
1.526564302296906650e-01 2.899535685176405937e-36
1.598422188771013441e-01 2.822022658599843613e-36
1.673662543864854746e-01 2.732331601945860993e-36
1.752444585926266896e-01 2.622252901994590129e-36
1.834935027971963950e-01 2.511052104589496481e-36
1.921308430473895879e-01 2.405712014876793099e-36
2.011747570751843683e-01 2.303904912864426339e-36
2.106443829753929520e-01 2.205591751762417540e-36
2.205597597043518487e-01 2.111384396974632954e-36
2.309418694849518505e-01 2.022507580210119724e-36
2.418126822077427962e-01 1.939203808595297787e-36
2.531952019220704009e-01 1.860165246466790463e-36
2.651135155156277290e-01 1.785663403777700115e-36
2.775928436854332992e-01 1.713964215426851528e-36
2.906595943080957922e-01 1.646740684259325083e-36
3.043414183223054348e-01 1.583209050625318812e-36
3.186672682418062452e-01 1.522026988185525774e-36
3.336674594226686774e-01 1.463553593258809809e-36
3.493737342145145641e-01 1.408863477464037125e-36
3.658193291314449924e-01 1.357019543903909364e-36
3.830390451848134092e-01 1.307056808226741191e-36
4.010693215266791234e-01 1.256361261764141297e-36
4.199483125597773814e-01 1.206635065620789962e-36
4.397159686771834330e-01 1.160102658944332787e-36
4.604141208025248067e-01 1.116175521623355696e-36
4.820865689096396345e-01 1.073563123924318791e-36
5.047791747090006886e-01 1.031586547416492771e-36
5.285399586970427332e-01 9.910183502688224385e-37
5.534192017737581404e-01 9.534643072258842173e-37
5.794695516436025873e-01 9.175379430226522408e-37
6.067461342248642309e-01 8.826100701339033965e-37
6.353066703032546059e-01 8.498345316574629454e-37
6.652115976765758942e-01 8.189415584826456519e-37
6.965241990489391410e-01 7.881736217388187077e-37
7.293107359451702632e-01 7.579313724320695205e-37
7.636405889287902760e-01 7.281324980757022591e-37
7.995864044202838361e-01 6.997818010991511108e-37
8.372242484263446860e-01 6.726503067981805479e-37
8.766337675054096668e-01 6.459928376546629449e-37
9.178983573101048288e-01 6.208371873655936412e-37
9.611053390632589011e-01 5.975473405149990580e-37
1.006346144340934723e+00 5.746916238494989355e-37
1.053716508553500741e+00 5.523010201452950474e-37
1.103316673534171954e+00 5.303876412037863228e-37
1.155251599663728035e+00 5.094453664165589919e-37
1.209631187980290568e+00 4.893287483924205931e-37
1.266570512744169319e+00 4.699202817160758848e-37
1.326190064949917202e+00 4.512808206311323695e-37
1.388616007300902622e+00 4.334316856766874849e-37
1.453980441185948047e+00 4.162664885311768839e-37
1.522421686222994897e+00 3.995258224093711527e-37
1.594084572961357082e+00 3.832653859956410421e-37
1.669120749361939771e+00 3.677284942274470162e-37
1.747689001703987888e+00 3.526866921141818624e-37
1.829955590597446946e+00 3.383595744275104581e-37
1.916094602811970971e+00 3.244682110021869709e-37
2.006288319667097308e+00 3.109848699537562909e-37
2.100727602763162505e+00 2.979828572918873564e-37
2.199612297869192545e+00 2.855039933917843161e-37
2.303151657822463338e+00 2.735579023670454455e-37
2.411564785334643357e+00 2.622473279872273276e-37
2.525081096641540679e+00 2.514952295020629964e-37
2.643940806977600921e+00 2.411866082194036031e-37
2.768395438902501393e+00 2.310464122180892363e-37
2.898708354555498357e+00 2.212625627501402974e-37
3.035155312963858432e+00 2.119004866656952186e-37
3.178025053584728532e+00 2.029844535009241771e-37
3.327619907315262360e+00 1.944382173501259638e-37
3.484256436263998946e+00 1.861887489366736328e-37
3.648266103637340940e+00 1.782340884267396280e-37
3.819995975158677393e+00 1.705975685982475525e-37
3.999809453504451273e+00 1.632682933119824022e-37
4.188087047311357836e+00 1.562471502361294373e-37
4.385227176381955694e+00 1.494360911162961464e-37
4.591647014792624049e+00 1.429243464562009706e-37
4.807783373688016226e+00 1.367529081239687135e-37
5.034093625630080560e+00 1.309240432655400287e-37
5.271056672457697267e+00 1.254015388596196428e-37
5.519173958705086314e+00 1.201450644608547646e-37
5.778970532723456621e+00 1.151389966939461955e-37
6.050996157751391102e+00 1.103499780561877730e-37
6.335826475285166737e+00 1.057460371193666538e-37
6.634064223210794253e+00 1.012945031982241112e-37
6.946340511275531426e+00 9.690012229106764235e-38
7.273316156597966931e+00 9.262235562386866472e-38
7.615683082042720820e+00 8.857337322233072925e-38
7.974165780418935867e+00 8.477359992134515729e-38
8.349522847601031472e+00 8.115203742998700992e-38
8.742548587815930361e+00 7.759568787323169268e-38
9.154074694493782971e+00 7.411342403937259868e-38
9.584972010239143358e+00 7.081530103008672236e-38
1.003615236964682644e+01 6.773234753173638530e-38
1.050857052886214760e+01 6.482355674045023091e-38
1.100322618596871749e+01 6.199638151916661107e-38
1.152116609647927170e+01 5.926863741703212997e-38
1.206348628840598280e+01 5.663263554437293296e-38
1.263133438159795219e+01 5.408043395203879992e-38
1.322591201625354174e+01 5.163666658075817025e-38
1.384847739574688141e+01 4.936233170802231434e-38
1.450034794914940406e+01 4.724625831791882626e-38
1.518290311908051571e+01 4.522100032265576424e-38
1.589758728078708216e+01 4.325706520231770279e-38
1.664591279862879958e+01 4.136336566406218352e-38
1.742946322643718915e+01 3.955675598033411942e-38
1.824989665852089971e+01 3.784251641647269960e-38
1.910894923840831439e+01 3.620584500393353067e-38
2.000843883275227952e+01 3.463704501993500655e-38
2.095026887817172678e+01 3.312671445776013876e-38
2.193643240917043258e+01 3.164957599522083619e-38
2.296901627565633675e+01 3.020549370399787496e-38
2.405020555898662948e+01 2.883221364765744861e-38
2.518228819588329870e+01 2.754911449477184691e-38
2.636765982000378372e+01 2.634167680857737409e-38
2.760882883141248811e+01 2.516840283352191446e-38
2.890842170468068772e+01 2.402911051461369795e-38
3.026918854684712201e+01 2.293671005154384614e-38
3.169400891700117739e+01 2.189841010071297870e-38
3.318589791980340920e+01 2.091211783821161539e-38
3.474801258583779884e+01 1.997880662524610149e-38
3.638365855229790924e+01 1.909582030998283359e-38
3.809629705814396772e+01 1.825287035443447420e-38
3.988955226853310165e+01 1.744175872497662698e-38
4.176721894402285074e+01 1.666276420420625180e-38
4.373327047077671637e+01 1.591954435443942363e-38
4.579186726876426405e+01 1.521319632122881533e-38
4.794736559574938184e+01 1.453736656728582209e-38
5.020432676569672736e+01 1.388582420890643475e-38
5.256752680110327702e+01 1.325898420654216149e-38
5.504196653968136133e+01 1.266277942111382352e-38
5.763288221677989753e+01 1.209685935793591168e-38
6.034575654593704996e+01 1.155518425982294780e-38
6.318633032101316616e+01 1.103171102750635368e-38
6.616061456445522992e+01 1.052694780884009567e-38
6.927490324739939354e+01 1.004599744029126163e-38
7.253578660853021631e+01 9.589789821176471313e-39
7.595016509988059283e+01 9.157221195898429951e-39
7.952526398908248950e+01 8.746972080254094789e-39
8.326864864897042651e+01 8.357480720203952150e-39
8.718824056689167890e+01 7.984496222750267633e-39
9.129233410760015488e+01 7.626549551485465149e-39
9.558961406520798221e+01 7.284601971819195190e-39
1.000891740413363209e+02 6.960436796220581059e-39
1.048005356883550405e+02 6.652989076680269415e-39
1.097336688584339726e+02 6.359712053034121190e-39
1.148990127010433753e+02 6.079783516054996931e-39
1.203074977535470964e+02 5.812076331840561089e-39
1.259705690716373852e+02 5.554937280496733909e-39
1.319002104485571749e+02 5.308036398681808511e-39
1.381089697743597924e+02 5.072083864447454831e-39
1.446099855888717798e+02 4.846980514366374976e-39
1.514170148845472852e+02 4.631962812367940078e-39
1.585444622180470446e+02 4.425421007464076050e-39
1.660074101921486829e+02 4.227064543035318660e-39
1.738216513724903223e+02 4.037543055970041161e-39
1.820037217066864343e+02 3.856978852311925805e-39
1.905709355165375598e+02 3.683843389922486204e-39
1.995414221373811188e+02 3.515925573592034871e-39
2.089341642821146365e+02 3.353189735588843128e-39
2.187690382110782537e+02 3.197396969006746727e-39
2.290668557927996289e+02 3.049115784415829109e-39
2.398494085446052395e+02 2.908355003259067107e-39
2.511395137462972684e+02 2.775664412509367636e-39
2.629610627244771877e+02 2.650551622479023255e-39
2.753390714096894953e+02 2.530239983580854264e-39
2.882997332733749545e+02 2.413417090300236718e-39
3.018704747566540618e+02 2.301031594656990244e-39
3.160800133082306616e+02 2.195841990152041738e-39
3.309584181542383590e+02 2.097577739842114193e-39
3.465371739286230195e+02 2.004441609197225685e-39
3.628492472987088604e+02 1.915303453024690747e-39
3.799291567269421535e+02 1.829799861894161001e-39
3.978130455164352384e+02 1.747047657280646571e-39
4.165387582948800969e+02 1.666941738363043928e-39
4.361459210986890298e+02 1.590579288197225759e-39
4.566760252268275622e+02 1.518698036645297702e-39
4.781725150417803434e+02 1.450636166324966796e-39
5.006808799034571393e+02 1.384091629006210993e-39
5.242487504305785251e+02 1.318862176834038411e-39
5.489259992932381920e+02 1.256612506906420250e-39
5.747648467499415119e+02 1.198575294571244564e-39
6.018199711524458735e+02 1.144204713295515618e-39
6.301486246522392776e+02 1.092432979951133139e-39
6.598107543535190871e+02 1.043002698497656694e-39
6.908691291690391836e+02 9.956836962790352270e-40
7.233894726472655066e+02 9.503707934020840731e-40
7.574406020519280673e+02 9.069892897763915054e-40
7.930945739882777161e+02 8.654014193937933437e-40
8.304268368842003838e+02 8.255309868154553757e-40
8.695163906488809289e+02 7.873768430106791138e-40
9.104459538468487381e+02 7.509536608680277738e-40
9.533021387411890828e+02 7.162231185581932470e-40
9.981756345763254785e+02 6.830194849717840209e-40
1.045161399488215466e+03 6.512580519282462538e-40
1.094358861448082735e+03 6.207323232789918411e-40
1.145872128664895399e+03 5.914137228615536112e-40
1.199810209891839577e+03 5.633141223570877914e-40
1.256287245102975021e+03 5.369606067774734230e-40
1.315422747028211916e+03 5.123834935501104895e-40
1.377341854057760202e+03 4.890475802332143486e-40
1.442175595051181972e+03 4.661981518538198907e-40
1.510061166611441195e+03 4.439068844267794571e-40
1.581142223410721726e+03 4.227645060660068378e-40
1.655569182182334771e+03 4.027954478443869791e-40
1.733499540022019346e+03 3.832544448120066772e-40
1.815098207672240278e+03 3.642333653559947389e-40
1.900537858494694092e+03 3.468744180689390415e-40
1.989999293869520670e+03 3.298801746476499091e-40
2.083671825794490815e+03 3.138869572430239542e-40
2.181753677493731630e+03 2.975368085236521341e-40
2.284452402883757713e+03 2.828727569085757789e-40
2.391985325784500674e+03 2.690756211487209565e-40
2.504579999804676390e+03 2.552238795425627218e-40
2.622474689874716205e+03 2.420452365107581171e-40
2.745918876446282866e+03 2.291757160098305170e-40
2.875173783425244437e+03 2.168077615470315332e-40
3.010512930955312640e+03 2.047170483357647170e-40
3.152222714222168634e+03 1.932055585050670585e-40
3.300603009502799068e+03 1.819489140757318860e-40
3.455967808742559555e+03 1.715305383657857736e-40
3.618645884002887669e+03 1.610742884883362814e-40
3.788981483185599245e+03 1.511095701577989792e-40
3.967335058506061159e+03 1.418695494461784374e-40
4.154084029256866415e+03 1.331019703235742692e-40
4.349623580475975359e+03 1.235926236181849829e-40
4.554367499209472953e+03 1.142926854651900322e-40
4.768749050138665552e+03 1.054132207668462597e-40
4.993221892424303405e+03 9.713910634478748147e-41
5.228261039708163480e+03 8.924802841848009656e-41
5.474363865303563216e+03 8.170913167457119166e-41
5.732051154701765881e+03 7.453195723889721884e-41
6.001868207621569127e+03 6.767597963203715393e-41
6.284385991934289450e+03 6.077759017293034379e-41
6.580202351905783871e+03 5.367588506851203611e-41
6.889943273312398560e+03 4.678710222959422778e-41
7.214264208108119419e+03 4.010454528864495961e-41
7.553851461445867244e+03 3.374766575915284681e-41
7.909423643988141521e+03 2.762511379989531234e-41
8.281733192580459217e+03 2.204200827128032702e-41
8.671567962505245305e+03 1.691506693050092823e-41
9.079752894685718275e+03 1.240053586572198122e-41
9.507151761367957079e+03 8.558131511045660497e-42
9.954668993974928526e+03 5.503846111926012393e-42
1.042325159700059885e+04 3.148440257477280909e-42
1.091389115199435764e+04 1.590310387690754476e-42
1.142762591587609677e+04 7.142032578493099473e-43
1.196554301802241935e+04 2.979802529318653807e-43
1.252878076077349579e+04 1.133933559254326345e-43
1.311853102822836991e+04 4.019887363352490436e-44
1.373604180842616734e+04 1.163315006900236364e-44
1.438261983425077779e+04 0.000000000000000000e+00
1.505963334864701028e+04 0.000000000000000000e+00
1.576851499999998487e+04 0.000000000000000000e+00
