1.056583745000000130e-01 7.880866442192493001e-36
1.106343977002229723e-01 9.223060473106290312e-36
1.158447686935700494e-01 1.055258515943994817e-35
1.213005241826313613e-01 1.179365980000651178e-35
1.270132206478981063e-01 1.301437862478063797e-35
1.329949588269099259e-01 1.412295673713832746e-35
1.392584093462570782e-01 1.491201985913076593e-35
1.458168395607321588e-01 1.541521180359068907e-35
1.526841416564821974e-01 1.568576579654074607e-35
1.598748620776901386e-01 1.587032798018616629e-35
1.674042323391173037e-01 1.597711204085012810e-35
1.752882012897749864e-01 1.595250477569073850e-35
1.835434688960665417e-01 1.591596363773029602e-35
1.921875216159598943e-01 1.590796616071579669e-35
2.012386694391205544e-01 1.585685882364255570e-35
2.107160846714650759e-01 1.575997166700718249e-35
2.206398425462879342e-01 1.563649279735008496e-35
2.310309637479856515e-01 1.547607770141885803e-35
2.419114589384530056e-01 1.527988607551208061e-35
2.533043753804670173e-01 1.509220281589402670e-35
2.652338457568184649e-01 1.492123063580009684e-35
2.777251392885989323e-01 1.475010773882966753e-35
2.908047152609249397e-01 1.455254780709467309e-35
3.045002790694766315e-01 1.431578568547564732e-35
3.188408409065705551e-01 1.410340925758168949e-35
3.338567772110770382e-01 1.389890046042456767e-35
3.495798950123450988e-01 1.365522000385784402e-35
3.660434993044301977e-01 1.342390123100858292e-35
3.832824635933388957e-01 1.322302726610171146e-35
4.013333037667230485e-01 1.299458918656820596e-35
4.202342554424972620e-01 1.273393404202196209e-35
4.400253549602197167e-01 1.243880371729956448e-35
4.607485241867952941e-01 1.215026525638906295e-35
4.824476593161359794e-01 1.187888053162150471e-35
5.051687238508771882e-01 1.159462285119150569e-35
5.289598459631050797e-01 1.130396836993054319e-35
5.538714204403252239e-01 1.102819791386658625e-35
5.799562154326191044e-01 1.075721472356189427e-35
6.072694842270980331e-01 1.048409294532502105e-35
6.358690822864214720e-01 1.020434083526759901e-35
6.658155897992901195e-01 9.925465688285174947e-36
6.971724400025023360e-01 9.655528332294126989e-36
7.300060535463913647e-01 9.389405675018398354e-36
7.643859791882537946e-01 9.121006254710934623e-36
8.003850411117920949e-01 8.852184984000701978e-36
8.380794931846250462e-01 8.584474296927858721e-36
8.775491804806170304e-01 8.320201129544595017e-36
9.188777084091647174e-01 8.054743082117477669e-36
9.621526198096965743e-01 7.788063260127483482e-36
1.007465580386506687e+00 7.536627454504077386e-36
1.054912572876717247e+00 7.296315996580689209e-36
1.104594100362657150e+00 7.051285332105847842e-36
1.156615399159317992e+00 6.807523541739956242e-36
1.211086661727832192e+00 6.571404740022054493e-36
1.268123270087146537e+00 6.342322959395692052e-36
1.327846040218313428e+00 6.117862173425022548e-36
1.390381477979099056e+00 5.897419864456603904e-36
1.455862047070991316e+00 5.682682385628942323e-36
1.524426449626222313e+00 5.476729446055794157e-36
1.596219920009146698e+00 5.279294059535723750e-36
1.671394532454311133e+00 5.087066514131584498e-36
1.750109523192867833e+00 4.897325273802392436e-36
1.832531627749652170e+00 4.712408423422444718e-36
1.918835434125403250e+00 4.533738340197574654e-36
2.009203752612244376e+00 4.361117374519564981e-36
2.103828003025765003e+00 4.195333884579776171e-36
2.202908620173958276e+00 4.036527904375317120e-36
2.306655478421875127e+00 3.883043492871982544e-36
2.415288336251318668e+00 3.731835276097186855e-36
2.529037301757261602e+00 3.582910428290731091e-36
2.648143320066993933e+00 3.438557738938786422e-36
2.772858683714471084e+00 3.298611023233818791e-36
2.903447567050953637e+00 3.163922246852404246e-36
3.040186585823918541e+00 3.034915411861691233e-36
3.183365383109565627e+00 2.911970689053010726e-36
3.333287242840048847e+00 2.794463159833080653e-36
3.490269732225017574e+00 2.682060999369604105e-36
3.654645374428254989e+00 2.574111668254494618e-36
3.826762352924290234e+00 2.469603206828330436e-36
4.006985249026965512e+00 2.368280393214235178e-36
4.195695814152208492e+00 2.271277312305250241e-36
4.393293778450814813e+00 2.178331649022741132e-36
4.600197697524134099e+00 2.089624978156736778e-36
4.816845839016149711e+00 2.004921341945199112e-36
5.043697110959972640e+00 1.923636908447280363e-36
5.281232033845184581e+00 1.843959625304382389e-36
5.529953758465075531e+00 1.765585504173215585e-36
5.790389131699805070e+00 1.689798060156838616e-36
6.063089812493045905e+00 1.618234133077685432e-36
6.348633440385984983e+00 1.550817122037443902e-36
6.647624859083912874e+00 1.485717131941669599e-36
6.960697397647156670e+00 1.422326284520365060e-36
7.288514212020198002e+00 1.360947033092657676e-36
7.631769689740681706e+00 1.301676655672109787e-36
7.991190920803705744e+00 1.244543377055212381e-36
8.367539237797076979e+00 1.190474553105174722e-36
8.761611828569844107e+00 1.139485780532227119e-36
9.174243424850093476e+00 1.090949635719962206e-36
9.606308070388882570e+00 1.044193959172465745e-36
1.005872097237559970e+01 9.990721122073518109e-37
1.053244044004647684e+01 9.557567512680742091e-37
1.102846991459264991e+01 9.141131492608771343e-37
1.154786009466752894e+01 8.742917744216205873e-37
1.209171116199579465e+01 8.363341841394605586e-37
1.266117511179833421e+01 8.001108167510173154e-37
1.325745819296947303e+01 7.652955910637698837e-37
1.388182346317531035e+01 7.318055117694517016e-37
1.453559346428544430e+01 6.996187574045854390e-37
1.522015302380520119e+01 6.687524797684226597e-37
1.593695218824245430e+01 6.392348226311401032e-37
1.668750929462249388e+01 6.108876891237299420e-37
1.747341418665713064e+01 5.835976537727523500e-37
1.829633158238056012e+01 5.576979830569250636e-37
1.915800460038537523e+01 5.333675233636563876e-37
2.006025845212805692e+01 5.103491342918978614e-37
2.100500430812509478e+01 4.879265342658537475e-37
2.199424334622910848e+01 4.660306202950050571e-37
2.303007099056018347e+01 4.452540259352224384e-37
2.411468135007136127e+01 4.259414207364738050e-37
2.525037186615004003e+01 4.077952359604993622e-37
2.643954817910022470e+01 3.901153301978456356e-37
2.768472922381348766e+01 3.728091938134678714e-37
2.898855256542269032e+01 3.561416550865623719e-37
3.035377998624039719e+01 3.402619113129093022e-37
3.178330333581639877e+01 3.251403838567020927e-37
3.328015065650602367e+01 3.106979162006050080e-37
3.484749259752452133e+01 2.968987527099839194e-37
3.648864913107388475e+01 2.836061181884396989e-37
3.820709658476832971e+01 2.707410379288773185e-37
4.000647500525469269e+01 2.583926468027271010e-37
4.189059586862541096e+01 2.468641266325818548e-37
4.386345015395652069e+01 2.361061028909772436e-37
4.592921679707207971e+01 2.257941405785361838e-37
4.809227154244203462e+01 2.157454272630423905e-37
5.035719621196374618e+01 2.060098781743117724e-37
5.272878841026044938e+01 1.967600876843025646e-37
5.521207168705460333e+01 1.879827925905981784e-37
5.781230617814226491e+01 1.796018873837928160e-37
6.053499974750840096e+01 1.715780127496858715e-37
6.338591965418460461e+01 1.638961902066086137e-37
6.637110476856180696e+01 1.565223544457355962e-37
6.949687836403569463e+01 1.494400884753208772e-37
7.276986151107924172e+01 1.427003476296183302e-37
7.619698710211454795e+01 1.363142190972907865e-37
7.978551453689172490e+01 1.302501464347294305e-37
8.354304509948143220e+01 1.244545441200719950e-37
8.747753805945303895e+01 1.189146217446819440e-37
9.159732753134412064e+01 1.136487164030731070e-37
9.591114012813349632e+01 1.086512730137077053e-37
1.004281134461115101e+02 1.038806218277743235e-37
1.051578154203026259e+02 9.926938659695549924e-38
1.101102645914394600e+02 9.481126880531715916e-38
1.152959513274178818e+02 9.054404960688978465e-38
1.207258600441851399e+02 8.647939759756228533e-38
1.264114924731293854e+02 8.261684809104244683e-38
1.323648920242563065e+02 7.895864568274103586e-38
1.385986692967592830e+02 7.548993426395397601e-38
1.451260287910197633e+02 7.213471070662503703e-38
1.519607968786202434e+02 6.886216123761077296e-38
1.591174510896159120e+02 6.570196187632642849e-38
1.666111507791023314e+02 6.271858835645498918e-38
1.744577692380362919e+02 5.989990774020921801e-38
1.826739273163305199e+02 5.719864350975196174e-38
1.912770286294394566e+02 5.460320305263238733e-38
2.002852964230141311e+02 5.212016005633892945e-38
2.097178121737126162e+02 4.975572904141411895e-38
2.195945560079308621e+02 4.750594741946663638e-38
2.299364490240696171e+02 4.538674858465239780e-38
2.407653976079857614e+02 4.339271624399003632e-38
2.521043398354969440e+02 4.149145109648169728e-38
2.639772940602312019e+02 3.964053510248700255e-38
2.764094097897400388e+02 3.784301540362157961e-38
2.894270209576430943e+02 3.613744067765596548e-38
3.030577017046448418e+02 3.452909487536352468e-38
3.173303247865810590e+02 3.299697705305635879e-38
3.322751227332153121e+02 3.151379452615478440e-38
3.479237518873332533e+02 3.008063508563028459e-38
3.643093594597835363e+02 2.871578703232502977e-38
3.814666537425027286e+02 2.742456741797161813e-38
3.994319776282503085e+02 2.620349065952561101e-38
4.182433855927852164e+02 2.504632161053032570e-38
4.379407243025482899e+02 2.394883180456122004e-38
4.585657170185963878e+02 2.290153499651253276e-38
4.801620519755704777e+02 2.189759006528228378e-38
5.027754749229119966e+02 2.093384969430192847e-38
5.264538860243388854e+02 2.000912645478584058e-38
5.512474413208444730e+02 1.912194986646092599e-38
5.772086589721350265e+02 1.827052592350168612e-38
6.043925305015511640e+02 1.745425452221428552e-38
6.328566372801120679e+02 1.667099056949783946e-38
6.626612724964235213e+02 1.591812491558078465e-38
6.938695688708057787e+02 1.519566884374913329e-38
7.265476323841701287e+02 1.450711179407156091e-38
7.607646823049096838e+02 1.385223819503177496e-38
7.965931978104125619e+02 1.322933368696166995e-38
8.341090715137735287e+02 1.263650523765440447e-38
8.733917702209068921e+02 1.207185686042298149e-38
9.145245032585804665e+02 1.153164654632005502e-38
9.575943987299240234e+02 1.101290386206446725e-38
1.002692688070762415e+03 1.051797049383582711e-38
1.049914899297701595e+03 1.004938576709800071e-38
1.099361059357311660e+03 9.605093452731308175e-39
1.151135906005020388e+03 9.178888701507674561e-39
1.205349109662537103e+03 8.771204533955221638e-39
1.262115505723730166e+03 8.383861990282423473e-39
1.321555337801048609e+03 8.017468036099284018e-39
1.383794512427727341e+03 7.669887717536961759e-39
1.448964865755296159e+03 7.335478599733535805e-39
1.517204442811313584e+03 7.012254061138317790e-39
1.588657789908854284e+03 6.702913138334847092e-39
1.663476260827138276e+03 6.409469929365754239e-39
1.741818337411857783e+03 6.130426630478595640e-39
1.823849965274305987e+03 5.860365441382347422e-39
1.909744905300387700e+03 5.598143167370128988e-39
1.999685101714088432e+03 5.346498850836483487e-39
2.093861067475037089e+03 5.107150080876869402e-39
2.192472287826523825e+03 4.879373158651659206e-39
2.295727642848767573e+03 4.662291496940462703e-39
2.403845849912502672e+03 4.456107661510029598e-39
2.517055926970088876e+03 4.258761577034323898e-39
2.635597677665504307e+03 4.068757828596613031e-39
2.759722199290785738e+03 3.887285495598877110e-39
2.889692414664875741e+03 3.717606398618988503e-39
3.025783629061522788e+03 3.559083467456315912e-39
3.168284113365916255e+03 3.406968564051168384e-39
3.317495714695318384e+03 3.258616309889436575e-39
3.473734495777116535e+03 3.114903935264910714e-39
3.637331404438641584e+03 2.978534957887867501e-39
3.808632974626873875e+03 2.849136170743453670e-39
3.988002060442949187e+03 2.726637346937191804e-39
4.175818604746316851e+03 2.610838913745344847e-39
4.372480443956614181e+03 2.500893032463487031e-39
4.578404150758002288e+03 2.393613214717971046e-39
4.794025916491005773e+03 2.289049261758376307e-39
5.019802475100937954e+03 2.190425168322564744e-39
5.256212070600062361e+03 2.098957676623593915e-39
5.503755470092715768e+03 2.012961454414616505e-39
5.762957024509354596e+03 1.928701092784957934e-39
6.034365779296193068e+03 1.845915334712407371e-39
6.318556637413259523e+03 1.766037928556483064e-39
6.616131577104302778e+03 1.689625657265203179e-39
6.927720927018054681e+03 1.617276978120885353e-39
7.253984701381836203e+03 1.549415012759347282e-39
7.595613998055698175e+03 1.485696814848028974e-39
7.953332462428471445e+03 1.423888987403482845e-39
8.327897820256595878e+03 1.363134346934464590e-39
8.720103482692591570e+03 1.304466633969933691e-39
9.130780226902994400e+03 1.250132236485767309e-39
9.560797955835652829e+03 1.199873550013763245e-39
1.001106754086397996e+04 1.152244981242266394e-39
1.048254275121125102e+04 1.106647261640997967e-39
1.097622227424192351e+04 1.063153732164845993e-39
1.149315183089937273e+04 1.020761352174548983e-39
1.203442639077101194e+04 9.794789237258112105e-40
1.260119249147277878e+04 9.408985397768090324e-40
1.319465066726597070e+04 9.051972106058134569e-40
1.381605799205074618e+04 8.707053367749683304e-40
1.446673074212291795e+04 8.359864924750528869e-40
1.514804718433434209e+04 8.042982837961990593e-40
1.586145049556283266e+04 7.732623917244760532e-40
1.660845181967565441e+04 7.430836300053618192e-40
1.739063346846196509e+04 7.166164389493346811e-40
1.820965227331439746e+04 6.913163795242401484e-40
1.906724309475946211e+04 6.659605854795618354e-40
1.996522249727065719e+04 6.420385479782587815e-40
2.090549259714837171e+04 6.184435328723269142e-40
2.189004509161723036e+04 5.960466952725535713e-40
2.292096547767535594e+04 5.754783102573389009e-40
2.400043746963205922e+04 5.555244954450640873e-40
2.513074762469117923e+04 5.359870834810363502e-40
2.631429018637814806e+04 5.179405693079263590e-40
2.755357215607016769e+04 5.001907435006207477e-40
2.885121860337210455e+04 4.835149184813356418e-40
3.020997822658667428e+04 4.684299995084481176e-40
3.163272917505717123e+04 4.543160326446362344e-40
3.312248514571574196e+04 4.402247679527273882e-40
3.468240176675103430e+04 4.271278512152430163e-40
3.631578328191723267e+04 4.145496499184032385e-40
3.802608954964329314e+04 4.020051514533449920e-40
3.981694337176773843e+04 3.908910302352498606e-40
4.169213816742380732e+04 3.797702464625150229e-40
4.365564600832857104e+04 3.690748147951165358e-40
4.571162603249753738e+04 3.596022665391602650e-40
4.786443325420644396e+04 3.504791550462137508e-40
5.011862778886166052e+04 3.417042011322904988e-40
5.247898451231962827e+04 3.331162889961083944e-40
5.495050317511567846e+04 3.245653278676665015e-40
5.753841899302655656e+04 3.158694153697747907e-40
6.024821373639968078e+04 3.070728190842745893e-40
6.308562734173880744e+04 2.985320732589947889e-40
6.605667007014187402e+04 2.906854108583570439e-40
6.916763523834536318e+04 2.837118136269539170e-40
7.242511254934227327e+04 2.775464414160987566e-40
7.583600205081087188e+04 2.721339972413129038e-40
7.940752875092104659e+04 2.674324021039014819e-40
8.314725792247815116e+04 2.597542653163751137e-40
8.706311112782132113e+04 2.453393969834532762e-40
9.116338299842092965e+04 2.252341335481318257e-40
9.545675880471778510e+04 2.009882767424200321e-40
9.995233285342098679e+04 1.742845742050163391e-40
1.046596277512336528e+05 1.462922718421744325e-40
1.095886145758117491e+05 1.163767349191577178e-40
1.147497339966819854e+05 8.014108983577138059e-41
1.201539183908579871e+05 4.005999641586565714e-41
1.258126149999999907e+05 2.797996541918066549e-41
