1.056583745000000130e-01 1.877073305823942917e-36
1.106351137636606558e-01 2.148174410516615575e-36
1.158462682718834763e-01 2.437400223717074115e-36
1.213028794925799375e-01 2.738081972541671558e-36
1.270165089708170658e-01 3.041934728867422099e-36
1.329992628255829423e-01 3.339449653213182138e-36
1.392638174004027229e-01 3.620458495691249497e-36
1.458234461221549483e-01 3.874828811358764067e-36
1.526920476249958580e-01 4.100484398961773332e-36
1.598841751989825144e-01 4.323294255515337109e-36
1.674150676257893933e-01 4.545091473859608077e-36
1.753006814668547630e-01 4.760138573282272384e-36
1.835577248723688493e-01 4.970899988812513360e-36
1.922036929827388996e-01 5.173647761111171285e-36
2.012569049975401481e-01 5.358189506624194697e-36
2.107365429904952403e-01 5.521315554950441626e-36
2.206626925527233607e-01 5.661733120233192783e-36
2.310563853503748710e-01 5.778845020641909049e-36
2.419396436868233302e-01 5.881320140655075693e-36
2.533355271638332296e-01 5.996413442158978646e-36
2.652681815405709687e-01 6.125904885947912318e-36
2.777628898939804025e-01 6.266440954118374408e-36
2.908461261889247473e-01 6.421709554269006829e-36
3.045456113715973578e-01 6.589838699902579112e-36
3.188903721050549978e-01 6.765554296215844999e-36
3.339108022713224155e-01 6.948657090388246515e-36
3.496387273703794318e-01 7.139651781671918991e-36
3.661074719524807786e-01 7.339169409954727517e-36
3.833519302266845119e-01 7.540275645022999139e-36
4.014086399951964368e-01 7.728244231498695646e-36
4.203158600701817349e-01 7.901449876508376372e-36
4.401136513370780823e-01 8.055806581314018772e-36
4.608439616361664770e-01 8.193271798583821661e-36
4.825507146422486904e-01 8.318918167802439655e-36
5.052799029307507572e-01 8.441641731519450090e-36
5.290796854274435468e-01 8.561221972932763657e-36
5.540004894482548625e-01 8.677659967976858831e-36
5.800951175453805675e-01 8.791023411370792457e-36
6.074188593860799790e-01 8.900055181476923604e-36
6.360296089012040799e-01 9.003160392058318817e-36
6.659879869516760476e-01 9.100074564723151401e-36
6.973574697728290861e-01 9.188025575572840425e-36
7.302045234687525310e-01 9.269544266727281011e-36
7.645987448416126098e-01 9.343369456279088196e-36
8.006130088543425005e-01 9.407782260406465266e-36
8.383236230391452048e-01 9.462372150223644807e-36
8.778104891789718645e-01 9.506991835030934684e-36
9.191572726045499353e-01 9.541593881956754186e-36
9.624515794656715029e-01 9.568341443259016612e-36
1.007785142352340957e+00 9.589103477873736758e-36
1.055254014659085637e+00 9.603768782067368959e-36
1.104958774104248143e+00 9.609852653130997172e-36
1.157004735835478026e+00 9.609641831255819176e-36
1.211502175572957141e+00 9.601433446847799569e-36
1.268566563263156199e+00 9.584036616564365025e-36
1.328318807738190444e+00 9.557477717638844972e-36
1.390885512899167287e+00 9.521947426127858923e-36
1.456399245966318201e+00 9.477717321709538976e-36
1.524998818364304842e+00 9.426715694757236431e-36
1.596829579837828472e+00 9.370034454964739572e-36
1.672043726420725962e+00 9.307742678751500950e-36
1.750800622911078408e+00 9.237782276784943953e-36
1.833267140535605133e+00 9.162338468640507581e-36
1.919618010518773676e+00 9.079379644639095903e-36
2.010036194305794943e+00 8.988075696789928190e-36
2.104713271223921378e+00 8.888675609362720307e-36
2.203849844403435121e+00 8.781639743449068160e-36
2.307655965818401711e+00 8.667454212564010766e-36
2.416351581347760735e+00 8.546090048866884008e-36
2.530166996799774193e+00 8.417762676426301992e-36
2.649343365887221857e+00 8.282838007057171832e-36
2.774133201187308106e+00 8.139942230432999767e-36
2.904800909168879119e+00 7.991304835574890542e-36
3.041623350420593841e+00 7.838322954104440133e-36
3.184890426267052987e+00 7.681631335812939768e-36
3.334905693015834505e+00 7.521566421363336435e-36
3.491987005136884648e+00 7.358701791611902679e-36
3.656467188737073659e+00 7.193674132378931931e-36
3.828694746756856393e+00 7.027186917167160731e-36
4.009034597383235976e+00 6.859613932006009776e-36
4.197868847243583446e+00 6.691218624527482138e-36
4.395597601018560674e+00 6.521025031552518460e-36
4.602639809189589926e+00 6.350508431102503067e-36
4.819434155717052803e+00 6.179775805509198962e-36
5.046439987530074944e+00 6.009042136728773747e-36
5.284138287797301103e+00 5.838561191499339533e-36
5.533032695040840387e+00 5.668799974965690597e-36
5.793650570252687260e+00 5.500480895581482212e-36
6.066544114274666555e+00 5.335201582950663872e-36
6.352291537809373168e+00 5.173216764646740640e-36
6.651498286541204230e+00 5.014525223591388785e-36
6.964798323963236726e+00 4.858386234359545452e-36
7.292855474628050061e+00 4.705551028363450480e-36
7.636364830668574299e+00 4.556080496027957320e-36
7.996054224569155267e+00 4.409963946548644072e-36
8.372685771307297742e+00 4.267184694193384699e-36
8.767057483133680051e+00 4.127866174575846358e-36
9.180004960411794812e+00 3.991597131670008914e-36
9.612403162099829146e+00 3.856311386875192221e-36
1.006516825962608763e+01 3.722015750505119501e-36
1.053925957808595015e+01 3.588934367764420611e-36
1.103568162887352777e+01 3.458704650195297118e-36
1.155548623805453978e+01 3.334423018495439575e-36
1.209977477499030662e+01 3.215658290069108316e-36
1.266970048593473308e+01 3.097859298967613134e-36
1.326647093754878703e+01 2.980178370026475536e-36
1.389135057550982744e+01 2.864849644286923069e-36
1.454566340363699872e+01 2.754925547399146377e-36
1.523079578920925670e+01 2.650664448618942138e-36
1.594819940041996453e+01 2.550064332121895806e-36
1.669939428219205979e+01 2.452577583945565625e-36
1.748597207687065591e+01 2.357929908696246580e-36
1.830959939661743263e+01 2.266124446741855018e-36
1.917202135465203483e+01 2.176898295691677873e-36
2.007506526282267600e+01 2.091161808588657270e-36
2.102064450334032841e+01 2.009015418182031975e-36
2.201076258288003018e+01 1.929914776322316241e-36
2.304751737763916708e+01 1.853136123944273407e-36
2.413310557834727277e+01 1.778593037701614480e-36
2.526982734464539604e+01 1.706938904369824761e-36
2.646009117869692773e+01 1.638236825803072190e-36
2.770641902835603432e+01 1.571855855273024374e-36
2.901145163070646404e+01 1.507169903582809558e-36
3.037795410729272305e+01 1.444159942640102835e-36
3.180882182289860083e+01 1.383236193519770489e-36
3.330708652028711469e+01 1.324459337314452953e-36
3.487592274389999858e+01 1.267779364308652741e-36
3.651865456612732430e+01 1.213185017421220566e-36
3.823876263039918655e+01 1.160788869288714440e-36
4.003989152602219548e+01 1.110775877875924331e-36
4.192585751038691200e+01 1.063096817629964943e-36
4.390065659490797856e+01 1.017417703677901326e-36
4.596847301182968693e+01 9.734554223953580052e-37
4.813368807983641062e+01 9.312552310347197429e-37
5.040088948725269091e+01 8.908108896670349068e-37
5.277488101250208530e+01 8.520653321299536795e-37
5.526069270242106768e+01 8.150845208553786948e-37
5.786359152999317956e+01 7.799851553058279258e-37
6.058909255408605787e+01 7.466379373866048999e-37
6.344297060483620498e+01 7.148641398073122184e-37
6.643127251944078182e+01 6.845631547433380873e-37
6.956032995428179788e+01 6.555564331693955106e-37
7.283677280052930314e+01 6.276641936995871452e-37
7.626754323164854554e+01 6.008230815395788570e-37
7.985991041257543088e+01 5.752598201533901672e-37
8.362148590172594709e+01 5.509782601241410669e-37
8.756023977847394235e+01 5.277146569232425682e-37
9.168451753026796780e+01 5.050982818017566103e-37
9.600305773516822683e+01 4.830435741643422721e-37
1.005250105772696543e+02 4.615777930028607873e-37
1.052599572342409857e+02 4.407157893565735926e-37
1.102179301780599161e+02 4.206287411740965325e-37
1.154094344319566119e+02 4.016144924934526110e-37
1.208454698286055304e+02 3.836899973091018342e-37
1.265375543167266272e+02 3.664959816494467507e-37
1.324977483654780315e+02 3.499263954417458317e-37
1.387386805183487297e+02 3.341226730932502969e-37
1.452735741506952820e+02 3.193010529306444519e-37
1.521162754876165764e+02 3.053911744939885232e-37
1.592812829415315719e+02 2.921075728053914749e-37
1.667837778316205970e+02 2.793605125076734571e-37
1.746396565502191152e+02 2.671647280506585687e-37
1.828655642443194722e+02 2.555507915570268197e-37
1.914789300835427923e+02 2.444196855652557641e-37
2.004980041893109046e+02 2.336970327848718640e-37
2.099418963034617036e+02 2.233585273263320269e-37
2.198306162782405124e+02 2.133911074198400823e-37
2.301851164734582369e+02 2.037909834400695182e-37
2.410273361506477841e+02 1.946011531192324629e-37
2.523802479582817568e+02 1.859087757044674038e-37
2.642679066065452957e+02 1.777112627725338539e-37
2.767154998347962191e+02 1.699021423807661456e-37
2.897494017797037031e+02 1.623466761626500407e-37
3.033972288571418972e+02 1.550533044949334960e-37
3.176878982762438568e+02 1.481383585747613137e-37
3.326516893095917453e+02 1.416136528327347770e-37
3.483203074493691247e+02 1.354395933557222601e-37
3.647269515854060842e+02 1.295637323478651923e-37
3.819063843474570490e+02 1.239391614924356471e-37
3.998950057607522695e+02 1.184924438677881288e-37
4.187309303708865968e+02 1.132048457880265657e-37
4.384540680014579266e+02 1.081113723693655586e-37
4.591062083155661071e+02 1.032719686171716082e-37
4.807311093603427139e+02 9.868281529396905242e-38
5.033745902821200957e+02 9.430868093102068795e-38
5.270846284086873084e+02 9.013280960797342900e-38
5.519114609043305109e+02 8.611693929774080109e-38
5.779076912130495884e+02 8.220788406743175847e-38
6.051284005154765282e+02 7.841656949933618349e-38
6.336312644356625015e+02 7.481268759283824823e-38
6.634766752450054810e+02 7.140584340147977708e-38
6.947278698222497724e+02 6.817982736325975025e-38
7.274510636406793083e+02 6.512022632131657465e-38
7.617155910663996110e+02 6.222095789411388812e-38
7.975940522649733566e+02 5.944433106838339251e-38
8.351624670276792131e+02 5.677722195216633133e-38
8.745004358433204743e+02 5.423199329509853010e-38
9.156913085568677388e+02 5.182634497123238435e-38
9.588223609722895162e+02 4.953537062883065257e-38
1.003984979773759846e+03 4.733920009945955345e-38
1.051274856157061777e+03 4.523063056421196302e-38
1.100792188581442133e+03 4.320308049924162125e-38
1.152641895071523322e+03 4.125003721058845781e-38
1.206933835519109834e+03 3.937632129593181205e-38
1.263783044455864456e+03 3.759387354616545752e-38
1.323309974790117849e+03 3.590214644925013446e-38
1.385640753024188825e+03 3.428630761456507746e-38
1.450907446492993131e+03 3.272715567659647253e-38
1.519248343190201467e+03 3.123064252108762065e-38
1.590808244774774039e+03 2.980703688944604097e-38
1.665738773378788210e+03 2.845602233827439348e-38
1.744198692866532610e+03 2.717753922175547969e-38
1.826354245225656314e+03 2.597291632107961446e-38
1.912379502803016067e+03 2.482875407152263718e-38
2.002456737131657292e+03 2.371529703401290455e-38
2.096776805130286903e+03 2.262535865371297722e-38
2.195539553493646508e+03 2.157638825372886228e-38
2.298954242130480907e+03 2.059696103482626574e-38
2.407239987546427074e+03 1.968641528820448270e-38
2.520626227111153185e+03 1.882474311182404921e-38
2.639353205193488066e+03 1.800440283414051840e-38
2.763672482194624536e+03 1.721870008136923090e-38
2.893847467557816799e+03 1.645729014100981190e-38
3.030153977884078358e+03 1.571800582129668181e-38
3.172880821336254030e+03 1.501842236946105005e-38
3.322330409569890435e+03 1.436159649641479649e-38
3.478819398487279614e+03 1.373746287249703314e-38
3.642679359172519980e+03 1.313143244470336204e-38
3.814257480428962936e+03 1.254509291600939199e-38
3.993917304407824304e+03 1.198466462312080884e-38
4.182039496886373854e+03 1.145094308110831433e-38
4.379022653828028524e+03 1.094106698655354259e-38
4.585284145933094806e+03 1.045078515886032632e-38
4.801261002969688889e+03 9.978612769070428995e-39
5.027410839758655129e+03 9.532414279631334315e-39
5.264212825774250632e+03 9.113221884784192394e-39
5.512168700415283638e+03 8.714599328853413522e-39
5.771803836097570638e+03 8.326838150002054571e-39
6.043668351420533327e+03 7.950340085055419542e-39
6.328338276766177842e+03 7.591423164932149338e-39
6.626416774800515668e+03 7.251204499887330709e-39
6.938535418463054157e+03 6.927628100126944587e-39
7.265355529152585405e+03 6.618135242410822566e-39
7.607569577944211233e+03 6.323164706890041671e-39
7.965902652806956212e+03 6.039821221532403349e-39
8.341113994930374247e+03 5.766978536228343307e-39
8.733998607415478546e+03 5.505786918228152528e-39
9.145388939738668341e+03 5.258333625613111735e-39
9.576156651557330406e+03 5.023092705555800177e-39
1.002721445959479388e+04 4.796544986394453806e-39
1.049951807151729372e+04 4.577587972049728495e-39
1.099406821090104859e+04 4.367920957595456956e-39
1.151191273757937051e+04 4.170544093827455665e-39
1.205414886786308671e+04 3.984898162519706308e-39
1.262192549933779810e+04 3.807614319489284245e-39
1.321644564516452920e+04 3.637469819553586049e-39
1.383896898304084425e+04 3.475019379664791348e-39
1.449081452422394977e+04 3.321326885087251252e-39
1.517336340827034292e+04 3.175279192893195712e-39
1.588806182941375300e+04 3.035536979951003544e-39
1.663642410078215471e+04 2.901556321645031482e-39
1.742003586294560955e+04 2.773518591515402161e-39
1.824055744359419259e+04 2.651928161566400025e-39
1.909972737546353892e+04 2.536898095046688491e-39
1.999936607996287421e+04 2.426773679020131902e-39
2.094137972430937225e+04 2.320910210704743198e-39
2.192776426034252654e+04 2.219383350429924373e-39
2.296060965357483656e+04 2.122397487126692168e-39
2.404210431144063841e+04 2.029587198418501797e-39
2.517453972012439408e+04 1.942016684498409953e-39
2.636031529979436891e+04 1.859778877253265410e-39
2.760194348852790426e+04 1.781474006922593071e-39
2.890205506570057696e+04 1.704630898522935732e-39
3.026340472611919176e+04 1.629165463555541752e-39
3.168887691670761706e+04 1.557154020861593295e-39
3.318149194811425696e+04 1.489095173120351842e-39
3.474441239418846817e+04 1.424541491034125062e-39
3.638094979288732429e+04 1.362951725312287066e-39
3.809457166280853562e+04 1.304474650958164735e-39
3.988890885021848953e+04 1.248188969827928229e-39
4.176776322214012907e+04 1.193756808241268376e-39
4.373511572180318763e+04 1.141613095119594567e-39
4.579513480352240731e+04 1.092471464632684432e-39
4.795218526487809868e+04 1.046163015540150512e-39
5.021083749491078925e+04 1.001980007142190231e-39
5.257587715792586823e+04 9.596384236318032162e-40
5.505231533342756302e+04 9.191142188174870567e-40
5.764539913366424298e+04 8.803896648386765603e-40
6.036062282128498191e+04 8.432092707122857188e-40
6.320373945066009037e+04 8.078412178724331166e-40
6.618077305753510154e+04 7.743082932563484498e-40
6.929803142284188652e+04 7.424356913966454067e-40
7.256211943771528604e+04 7.118470096152236473e-40
7.597995309802872362e+04 6.825058105601559029e-40
7.955877415810534148e+04 6.541618403027224640e-40
8.330616547464831092e+04 6.267209177340081134e-40
8.723006707340595312e+04 6.004388150203254229e-40
9.133879297261030297e+04 5.758351979877749548e-40
9.564104879883589456e+04 5.528463592403429586e-40
1.001459502326059301e+05 5.308695805942539284e-40
1.048630423228235886e+05 5.096814849250592963e-40
1.098023197109582688e+05 4.894005971703906888e-40
1.149742478078317799e+05 4.701102203198775202e-40
1.203897849678805505e+05 4.517260816899876060e-40
1.260604057078702608e+05 4.344504835396747170e-40
1.319981250192662992e+05 4.183026684906483512e-40
1.382155238257655874e+05 4.029804536259512312e-40
1.447257756399379286e+05 3.879520401835029326e-40
1.515426744754486717e+05 3.732671310214812436e-40
1.586806640740118455e+05 3.594338126441377466e-40
1.661548685089939390e+05 3.464537921547731039e-40
1.739811242305133201e+05 3.339459220379074133e-40
1.821760136199373228e+05 3.227023053353045447e-40
1.907569001248636341e+05 3.111022601898707771e-40
1.997419650490417262e+05 3.000981722127424748e-40
2.091502460751735198e+05 2.898780402672835166e-40
2.190016776022279810e+05 2.800130614814628579e-40
2.293171329827244335e+05 2.707607440407830492e-40
2.401184687494907703e+05 2.622173128938837811e-40
2.514285709255907568e+05 2.539111269450171184e-40
2.632714035155574093e+05 2.455315156729207324e-40
2.756720592806609347e+05 2.381681663543286484e-40
2.886568129058099003e+05 2.306614449912510918e-40
3.022531766707240022e+05 2.241440969160163910e-40
3.164899587433396955e+05 2.178817990934566294e-40
3.313973242189684534e+05 2.117896663536426997e-40
3.470068590345223784e+05 2.061495068668734519e-40
3.633516368932495243e+05 2.009043714312558575e-40
3.804662893417590531e+05 1.960845069114610508e-40
3.983870791478378233e+05 1.913968581344922906e-40
4.171519771345097688e+05 1.872813602683505815e-40
4.368007426331597380e+05 1.834634223131425707e-40
4.573750077261602273e+05 1.801005282747870732e-40
4.789183654575232649e+05 1.769275869030700401e-40
5.014764621984559344e+05 1.741145753152098312e-40
5.250970943635347066e+05 1.713957610947103320e-40
5.498303096824319800e+05 1.672694822170804451e-40
5.757285132417455316e+05 1.652465431792529984e-40
6.028465785216465592e+05 1.636387052649615335e-40
6.312419636625763960e+05 1.624332229759155658e-40
6.609748332083772402e+05 1.615835261918699450e-40
6.921081855837689945e+05 1.611932721217425479e-40
7.247079865763136186e+05 1.611548701920588744e-40
7.588433091056481935e+05 1.614587882023405084e-40
7.945864795761756832e+05 1.621315683198956203e-40
8.320132311232625507e+05 1.633966326168785629e-40
8.712028640776878456e+05 1.653453873394158802e-40
9.122384139883023454e+05 1.680692296067623110e-40
9.552068275589180412e+05 1.715843860330538413e-40
1.000199146872228244e+06 1.759749374221076729e-40
1.047310702291044407e+06 1.814546398191776583e-40
1.096641314445634838e+06 1.882500081250487948e-40
1.148295505735071143e+06 1.965723766474845135e-40
1.202382721790784039e+06 2.066110519015970788e-40
1.259017563371497672e+06 2.185680792124953495e-40
1.318320029180958401e+06 2.325512999514036810e-40
1.380415770122865448e+06 2.482294693610459011e-40
1.445436355531804962e+06 2.630273663560006814e-40
1.513519551944196457e+06 2.636862605842778700e-40
1.584809614999999059e+06 1.864597132399452117e-40
