1.056583745000000130e-01 8.052701598409078222e-36
1.106341364291200807e-01 9.373254012797574596e-36
1.158442215426771643e-01 1.067094280765364380e-35
1.212996648048731418e-01 1.187511145297651136e-35
1.270120208486537894e-01 1.307624904739971014e-35
1.329933884484301443e-01 1.414947513941608072e-35
1.392564361452918176e-01 1.479888775945579807e-35
1.458144290789866460e-01 1.511337553244205304e-35
1.526812570834965854e-01 1.518546290849875457e-35
1.598714641057166208e-01 1.515401484583396379e-35
1.674002790095452942e-01 1.504725125536435436e-35
1.752836478306298296e-01 1.484754238487377678e-35
1.835382675500817351e-01 1.463720069971601124e-35
1.921816214586954952e-01 1.443655016276470414e-35
2.012320161865713830e-01 1.418922819164578738e-35
2.107086204765722393e-01 1.391084862294557427e-35
2.206315057837348881e-01 1.364507962158999068e-35
2.310216887866273217e-01 1.339398270255116543e-35
2.419011759006896856e-01 1.315135198131316652e-35
2.532930098878387604e-01 1.288255788687933516e-35
2.652213186610551943e-01 1.259972932698287279e-35
2.777113663873213012e-01 1.231634611086622482e-35
2.907896069971458441e-01 1.203830268601260568e-35
3.044837402140087024e-01 1.175914700293283697e-35
3.188227702223961901e-01 1.147573079761528412e-35
3.338370670986858801e-01 1.118763996108333533e-35
3.495584311349908546e-01 1.089561386040176602e-35
3.660201601922027925e-01 1.060261247325741197e-35
3.832571202248860609e-01 1.031248906560739052e-35
4.013058191273964348e-01 1.004127656492236633e-35
4.202044840576282247e-01 9.783483430884237216e-36
4.399931424021636950e-01 9.515536319920842888e-36
4.607137065543085441e-01 9.246740410717278944e-36
4.824100626845717610e-01 8.978871122128368049e-36
5.051281636916084006e-01 8.720945625314606410e-36
5.289161265304938020e-01 8.467542032628786253e-36
5.538243341244700746e-01 8.206719303981836501e-36
5.799055420760158563e-01 7.954617140276396381e-36
6.072149904032525525e-01 7.716418867542033677e-36
6.358105205383438596e-01 7.471411154130957618e-36
6.657526978356930192e-01 7.223650401468890973e-36
6.971049398494086891e-01 6.981709549953983913e-36
7.299336506517334344e-01 6.743439781041621836e-36
7.643083614769177192e-01 6.506761958875594961e-36
8.003018779884268907e-01 6.282262541196880531e-36
8.379904344813919881e-01 6.067730162657731763e-36
8.774538553469032331e-01 5.856267108513987119e-36
9.187757241401310893e-01 5.646778455866118027e-36
9.620435606103597825e-01 5.440870215263136098e-36
1.007349006067881581e+00 5.252124816987422430e-36
1.054788017480360551e+00 5.074227931422925810e-36
1.104461070709764625e+00 4.889260160140170852e-36
1.156473373320314746e+00 4.703495635320961593e-36
1.210935087408186783e+00 4.526642236338592699e-36
1.267961562924913022e+00 4.360647562476295867e-36
1.327673581988667362e+00 4.200557354860744531e-36
1.390197614700884321e+00 4.044321923494953756e-36
1.455666087010026422e+00 3.891465885797235872e-36
1.524217661189843698e+00 3.740513942858845021e-36
1.595997529526175907e+00 3.590932503505746797e-36
1.671157721834321208e+00 3.449712658854838677e-36
1.749857427458300307e+00 3.317728926506882211e-36
1.832263332434010517e+00 3.192906182995026874e-36
1.918549972530369629e+00 3.069589699646937209e-36
2.008900102916210351e+00 2.947776618901354759e-36
2.103505085235864325e+00 2.829153733799114409e-36
2.202565292913269523e+00 2.714276833111064164e-36
2.306290535543034537e+00 2.603170548807157023e-36
2.414900503267314313e+00 2.495936329608334555e-36
2.528625232079703800e+00 2.392917190929666325e-36
2.647705591041638939e+00 2.294908378986869307e-36
2.772393792443255123e+00 2.201341632503622158e-36
2.902953925989204542e+00 2.111828314320552747e-36
3.039662518140854086e+00 2.024936990689752682e-36
3.182809117799533905e+00 1.940442462649225795e-36
3.332696909571336796e+00 1.858266089572617652e-36
3.489643355912333433e+00 1.778416620460526077e-36
3.653980869514299457e+00 1.701905386063548912e-36
3.826057517355047288e+00 1.630277362333646061e-36
4.006237757904544949e+00 1.563255266152711806e-36
4.194903213048233326e+00 1.497728597341938892e-36
4.392453476362464748e+00 1.432712088684977605e-36
4.599306959454005472e+00 1.369959327649141787e-36
4.815901778156125523e+00 1.311287080042922737e-36
5.042696680458270464e+00 1.256178048978190884e-36
5.280172018134646095e+00 1.203604420074048220e-36
5.528830764129640585e+00 1.153267392040916576e-36
5.789199577854895473e+00 1.104846536019217073e-36
6.061829920654352222e+00 1.057927202535399712e-36
6.347299223799772960e+00 1.012445718722818153e-36
6.646212111490624075e+00 9.690333659243990211e-37
6.959201681448580423e+00 9.275633686031493845e-37
7.286930845818985425e+00 8.876772195206407307e-37
7.630093735219261042e+00 8.488841837364118836e-37
7.989417168908103051e+00 8.113453459173652412e-37
8.365662194189191325e+00 7.751963886979048383e-37
8.759625698309971398e+00 7.404317396498896266e-37
9.172142096269441325e+00 7.073984650829275436e-37
9.604085098109745644e+00 6.763984222423887135e-37
1.005636955943470667e+01 6.471732796224031789e-37
1.052995341907468863e+01 6.191701525056710726e-37
1.102583972800177037e+01 5.921784418286898016e-37
1.154507877379241165e+01 5.660727985163776455e-37
1.208877030513740536e+01 5.406802807079937140e-37
1.265806586111040133e+01 5.161493854634473219e-37
1.325417121012849542e+01 4.931909339603253457e-37
1.387834890377073016e+01 4.718035941442565794e-37
1.453192095086319036e+01 4.514322080180845478e-37
1.521627161749480983e+01 4.316482777065044989e-37
1.593285035889386592e+01 4.125025622188613191e-37
1.668317488937535842e+01 3.941527317578143823e-37
1.746883439686103401e+01 3.765475975484471287e-37
1.829149290878053336e+01 3.598502425016468526e-37
1.915289281648288977e+01 3.441085971717695280e-37
2.005485856562255620e+01 3.291834774303537761e-37
2.099930052033683836e+01 3.148794873994011938e-37
2.198821900939841356e+01 3.011540846086589573e-37
2.302370856291333823e+01 2.878396977250395526e-37
2.410796234853732045e+01 2.748686843857790781e-37
2.524327681660639655e+01 2.623802743802969970e-37
2.643205656402065173e+01 2.506272332601479435e-37
2.767681942718206400e+01 2.395672984988984447e-37
2.898020181477408386e+01 2.290924863302405543e-37
3.034496429167714382e+01 2.191062322210572193e-37
3.177399742584705677e+01 2.095538170300817793e-37
3.327032791054035243e+01 2.003759568195623117e-37
3.483712497485261395e+01 1.915573568254205053e-37
3.647770709614837870e+01 1.831326470984346964e-37
3.819554902859837853e+01 1.750862048206605482e-37
3.999428916271180867e+01 1.673548500182970242e-37
4.187773723145001270e+01 1.598946302053284078e-37
4.384988237924368093e+01 1.526881643358683495e-37
4.591490161100401934e+01 1.457560520201166801e-37
4.807716863902199123e+01 1.391179028926951487e-37
5.034126314649460454e+01 1.328061120857255841e-37
5.271198048729696950e+01 1.268671498978472384e-37
5.519434184254581055e+01 1.212788206485610291e-37
5.779360485546469306e+01 1.159365124203769817e-37
6.051527476707616415e+01 1.107919231921765333e-37
6.336511607630680487e+01 1.058466748703183773e-37
6.634916474919981511e+01 1.011070637359845993e-37
6.947374100309610867e+01 9.656271461749375224e-38
7.274546269285916367e+01 9.224561062928711005e-38
7.617125932749647177e+01 8.816061652251066545e-38
7.975838674686532670e+01 8.426394242941456331e-38
8.351444248954651073e+01 8.046852998392272805e-38
8.744738188443733407e+01 7.677772328656252849e-38
9.156553490014364627e+01 7.330174255042664713e-38
9.587762378786021600e+01 7.006158975884765970e-38
1.003927815551050315e+02 6.700518911822734916e-38
1.051205713094359027e+02 6.406004589192043717e-38
1.100710065131201105e+02 6.122001410972888826e-38
1.152545721916542192e+02 5.849158910369471789e-38
1.206822471410569335e+02 5.587631159202892058e-38
1.263655271809663532e+02 5.337100866189761977e-38
1.323164495027955070e+02 5.096985256941905133e-38
1.385476181645124711e+02 4.866755713836020985e-38
1.450722307860443152e+02 4.644044431740311407e-38
1.519041065018469396e+02 4.428617851609363603e-38
1.590577152298411647e+02 4.222941361825946538e-38
1.665482083187110334e+02 4.030603679718151990e-38
1.743914506384704737e+02 3.850474725675669135e-38
1.826040541822711134e+02 3.678967058542086076e-38
1.912034132506157960e+02 3.514457234784632807e-38
2.002077412924996338e+02 3.356531513631292891e-38
2.096361094815100898e+02 3.205122016811588604e-38
2.195084871085852853e+02 3.060125880294197199e-38
2.298457838769889179e+02 2.922775909730909171e-38
2.406698941890768140e+02 2.793021608247217547e-38
2.520037435186569610e+02 2.669929282864039905e-38
2.638713369671619375e+02 2.552405805711736460e-38
2.762978101064700240e+02 2.440106740183658062e-38
2.893094822160672948e+02 2.331952597847651176e-38
3.029339120272994705e+02 2.227821311756411081e-38
3.171999560927874313e+02 2.128449232285830942e-38
3.321378299046268125e+02 2.034652709045985275e-38
3.477791718908219991e+02 1.945995392715110069e-38
3.641571104255027080e+02 1.861316033693084408e-38
3.813063339948428734e+02 1.780130596673416452e-38
3.992631646673032719e+02 1.701912572357620607e-38
4.180656350237968013e+02 1.626153462100477653e-38
4.377535687107265971e+02 1.553000729666496498e-38
4.583686647864977317e+02 1.483442741015163188e-38
4.799545860401531172e+02 1.417471841048027145e-38
5.025570514691968356e+02 1.354338734257330354e-38
5.262239331124615092e+02 1.293308780307185192e-38
5.510053574431262859e+02 1.234453136821397329e-38
5.769538115366229931e+02 1.178393857375386742e-38
6.041242542383002956e+02 1.125148398548012569e-38
6.325742325663032943e+02 1.074740132923652811e-38
6.623640035961966532e+02 1.027170361004896777e-38
6.935566620855012161e+02 9.821601922101068121e-39
7.262182741084326381e+02 9.387032715824810138e-39
7.604180169839014525e+02 8.965601319365179822e-39
7.962283257931243270e+02 8.564179571266195221e-39
8.337250467971787202e+02 8.188492189494552034e-39
8.729875980794464567e+02 7.834986283697128849e-39
9.140991377531676108e+02 7.492835784170460279e-39
9.571467400903941325e+02 7.160606156969344857e-39
1.002221579945356211e+03 6.838545147307722638e-39
1.049419125862879355e+03 6.526783203836315989e-39
1.098839342280831715e+03 6.227113070482320733e-39
1.150586901254875556e+03 5.945885105245029512e-39
1.204771404153962294e+03 5.683226815305873074e-39
1.261507613796122769e+03 5.431325516095326939e-39
1.320915697516187265e+03 5.184719804905088264e-39
1.383121481680299212e+03 4.945411357266681119e-39
1.448256718186261651e+03 4.720769162819620068e-39
1.516459363514140023e+03 4.511114329589457966e-39
1.587873870918202101e+03 4.313809022704067922e-39
1.662651496379012542e+03 4.126886397240728706e-39
1.740950618963728175e+03 3.949988707296448502e-39
1.822937076273062075e+03 3.781405722961029247e-39
1.908784515685454608e+03 3.619797494075598210e-39
1.998674762142366490e+03 3.465056875938051903e-39
2.092798203253617430e+03 3.317132737449941108e-39
2.191354192538502048e+03 3.175099039005919141e-39
2.294551471656688591e+03 3.036527939956117124e-39
2.402608612523226384e+03 2.901136260371877778e-39
2.515754480244002480e+03 2.770736107561777619e-39
2.634228717852219233e+03 2.646177452574523595e-39
2.758282253872537240e+03 2.527572853971446682e-39
2.888177833787848613e+03 2.414144218325170734e-39
3.024190576534427692e+03 2.306157442822914163e-39
3.166608557204035151e+03 2.204331855505551818e-39
3.315733417187205760e+03 2.108722250269652594e-39
3.471881003049900301e+03 2.018669240381326849e-39
3.635382035496791559e+03 1.933095065966949581e-39
3.806582809837988862e+03 1.851545941249101448e-39
3.985845929442719807e+03 1.773690265354491251e-39
4.173551073733573503e+03 1.699306639581618824e-39
4.370095802347783319e+03 1.628707713896649342e-39
4.575896397168875410e+03 1.561348151655644969e-39
4.791388744011963354e+03 1.496850233228885652e-39
5.017029255830251714e+03 1.434805831977650073e-39
5.253295839398050703e+03 1.375018689150978630e-39
5.500688907517625012e+03 1.317585651135896138e-39
5.759732438893913240e+03 1.262856300244204495e-39
6.030975087921857266e+03 1.210868134199866757e-39
6.314991346736755986e+03 1.160953881152786891e-39
6.612382761989087157e+03 1.112819641531502676e-39
6.923779208920740530e+03 1.066980173394221595e-39
7.249840225441313123e+03 1.023092598161468886e-39
7.591256409029813767e+03 9.808769978708799610e-40
7.948750879420686942e+03 9.409692900611176824e-40
8.323080810172003112e+03 9.033770951481870795e-40
8.715039032359531120e+03 8.673195781548254233e-40
9.125455713793624454e+03 8.326260030552447290e-40
9.555200117315220268e+03 8.006121523675273518e-40
1.000518244189528741e+04 7.683585764361597225e-40
1.047635575043680547e+04 7.381804828042868200e-40
1.096971798836277230e+04 7.109587123782877516e-40
1.148631409726542915e+04 6.836626976168807234e-40
1.202723822809321427e+04 6.590725135298408951e-40
1.259363605856338290e+04 6.345058695207190045e-40
1.318670721970822160e+04 6.104615634256310846e-40
1.380770783669459888e+04 5.875702828782120394e-40
1.445795318929784844e+04 5.663803982741326761e-40
1.513882049766540149e+04 5.456026713738527264e-40
1.585175183927019862e+04 5.252642721158651914e-40
1.659825720323167479e+04 5.060543732779512079e-40
1.737991768847398998e+04 4.890536845783417343e-40
1.819838885249465602e+04 4.722080307236010471e-40
1.905540421783673082e+04 4.559234257165335603e-40
1.995277894369063870e+04 4.406828442588303618e-40
2.089241367040282421e+04 4.261811824538838217e-40
2.187629854503355455e+04 4.125874142961928489e-40
2.290651743648965930e+04 3.988676614585552471e-40
2.398525234916060799e+04 3.859159674581089081e-40
2.511478804440535168e+04 3.735311525451043314e-40
2.629751687967882390e+04 3.612240930207505416e-40
2.753594387554653076e+04 3.507292240346047990e-40
2.883269202132012288e+04 3.397510595302217603e-40
3.019050783055094143e+04 3.289501964807841316e-40
3.161226715814743511e+04 3.183554145875304022e-40
3.310098129143825645e+04 3.079671397179799851e-40
3.465980332808096864e+04 2.977455837278086248e-40
3.629203485432555317e+04 2.875480982427162108e-40
3.800113293777613580e+04 2.774488683263468853e-40
3.979071744946300169e+04 2.677561393406344381e-40
4.166457873073242081e+04 2.585077468566202302e-40
4.362668562119198032e+04 2.498244924566148773e-40
4.568119386471611506e+04 2.416593153170669775e-40
4.783245491131503513e+04 2.339664825094135540e-40
5.008502513350859954e+04 2.266881572784206930e-40
5.244367547672713408e+04 2.156519678709760641e-40
5.491340156417719118e+04 1.970834912451214463e-40
5.749943427757577592e+04 1.730135949594777162e-40
6.020725083616107440e+04 1.457790136076445866e-40
6.304258639744725224e+04 1.172526579270974452e-40
6.601144620429279166e+04 8.818222114227253947e-41
6.912011830400867620e+04 5.821198309314170291e-41
7.237518686644776608e+04 2.923143569877370709e-41
7.578354612928129791e+04 1.436998557304297618e-41
7.935241500000008091e+04 8.366176519724195369e-42
