1.056583745000000130e-01 7.985808688387264866e-36
1.106428097432755192e-01 9.360563087299329518e-36
1.158623857864353873e-01 1.070595854495061292e-35
1.213281953998881502e-01 1.194332475576163780e-35
1.270518546556362316e-01 1.319927327996860149e-35
1.330455276140354859e-01 1.433469192202837051e-35
1.393219521751533352e-01 1.500556993062300877e-35
1.458944671496646972e-01 1.536093405541188469e-35
1.527770406068182929e-01 1.552160236168259639e-35
1.599842995597180462e-01 1.558715161700794364e-35
1.675315610510086373e-01 1.556239520638320733e-35
1.754348647050281429e-01 1.540405244085063654e-35
1.837110068156093956e-01 1.521529389852979697e-35
1.923775760419735026e-01 1.502619954914121820e-35
2.014529907885777571e-01 1.478833869239429836e-35
2.109565383483582024e-01 1.451085699797977998e-35
2.209084158925556929e-01 1.422201597900073598e-35
2.313297733942369649e-01 1.394773758373433881e-35
2.422427585767335800e-01 1.369473489611256606e-35
2.536705639825242442e-01 1.344048044765201721e-35
2.656374762625922092e-01 1.318203790686158202e-35
2.781689277910087688e-01 1.290371594644512624e-35
2.912915507144351879e-01 1.262937376874629887e-35
3.050332335514109316e-01 1.236146060412279818e-35
3.194231804617141957e-01 1.209908977399616848e-35
3.344919733117550087e-01 1.184233256451368176e-35
3.502716366679036741e-01 1.159217147052507420e-35
3.667957058558817818e-01 1.133780078349276469e-35
3.840992982308542025e-01 1.107593141560710032e-35
4.022191878096899043e-01 1.081592377699434207e-35
4.211938834239998819e-01 1.055392865393302241e-35
4.410637105600464514e-01 1.027290024633979511e-35
4.618708970594503915e-01 9.989564755050628855e-36
4.836596628628311856e-01 9.707441823956079529e-36
5.064763139871040210e-01 9.429066869463184790e-36
5.303693409361566191e-01 9.157478017569615587e-36
5.553895217540528728e-01 8.896847550138084019e-36
5.815900299397701589e-01 8.636924395485927777e-36
6.090265474528184786e-01 8.374719149277475006e-36
6.377573830498987073e-01 8.117726256293497744e-36
6.678435962040968343e-01 7.865239269882819853e-36
6.993491268699653096e-01 7.610435699049526359e-36
7.323409313702761159e-01 7.367393368698604948e-36
7.668891246932315608e-01 7.136140943280472045e-36
8.030671295025491041e-01 6.900387624279633689e-36
8.409518321770976801e-01 6.665333533573441961e-36
8.806237462117079140e-01 6.441136324513187883e-36
9.221671833264153406e-01 6.220412688790901067e-36
9.656704326477864031e-01 6.001507707048457519e-36
1.011225948343125403e+00 5.791366510402373024e-36
1.058930546106326975e+00 5.588841138148254844e-36
1.108885608912951293e+00 5.389031787749736278e-36
1.161197302481800975e+00 5.194279920821585035e-36
1.215976800900894883e+00 5.004270554366330856e-36
1.273340522897354887e+00 4.819623731513685192e-36
1.333410379253326061e+00 4.637414468675027087e-36
1.396314031893748808e+00 4.457129071341485627e-36
1.462185165196593140e+00 4.282141222191385239e-36
1.531163770102166310e+00 4.117347008890784303e-36
1.603396441625271951e+00 3.961670936700191707e-36
1.679036690402519572e+00 3.810761894085729052e-36
1.758245268936869943e+00 3.662407854646714279e-36
1.841190513232781489e+00 3.518352022710592721e-36
1.928048700547994709e+00 3.379228226903770863e-36
2.019004424022266431e+00 3.245074848053923793e-36
2.114250984979209935e+00 3.115934455715248387e-36
2.213990803734989576e+00 2.991726667018118296e-36
2.318435849786919967e+00 2.871920676829632908e-36
2.427808092296209974e+00 2.755885454133546836e-36
2.542339971822245914e+00 2.643858856184323027e-36
2.662274894310939111e+00 2.536996335992465771e-36
2.787867748386988698e+00 2.434736003684392398e-36
2.919385447049401172e+00 2.336427813100025735e-36
3.057107494921515123e+00 2.240706907753597616e-36
3.201326582261046827e+00 2.147516755090887607e-36
3.352349206992575326e+00 2.058104249204472291e-36
3.510496326084404650e+00 1.972576913916944486e-36
3.676104037654152723e+00 1.890943299062194769e-36
3.849524295252670480e+00 1.813189902275663253e-36
4.031125655844327582e+00 1.738901861787854023e-36
4.221294063073256275e+00 1.666327960956229936e-36
4.420433667480211604e+00 1.594972028410345215e-36
4.628967685413169164e+00 1.526407551051005846e-36
4.847339298457026047e+00 1.461573235378220841e-36
5.076012595293934559e+00 1.400184451778168148e-36
5.315473557995886722e+00 1.341198215937578342e-36
5.566231094845688787e+00 1.284419366643973093e-36
5.828818121881250924e+00 1.229315963744794253e-36
6.103792695461767615e+00 1.175520191092216840e-36
6.391739198262707866e+00 1.123366130630872794e-36
6.693269581220155473e+00 1.074103512866414710e-36
7.009024664063852050e+00 1.027540271215246593e-36
7.339675497202946097e+00 9.832597323148480921e-37
7.685924787858689378e+00 9.408570844655463632e-37
8.048508393474994804e+00 9.002970083699771441e-37
8.428196885580613085e+00 8.619177689460092622e-37
8.825797187426566381e+00 8.256305506641194930e-37
9.242154288879145696e+00 7.908061318461339296e-37
9.678153042212979784e+00 7.570861044792919406e-37
1.013472004262069959e+01 7.245093436254801444e-37
1.061282559743566267e+01 6.932045628667723734e-37
1.111348578825276689e+01 6.630582752321834770e-37
1.163776463032985831e+01 6.339501440921779345e-37
1.218677633385896897e+01 6.057713971847216054e-37
1.276168767191294329e+01 5.786266952931105244e-37
1.336372046010009917e+01 5.526930406700422802e-37
1.399415415319657363e+01 5.279331934627652997e-37
1.465432856427483443e+01 5.043488856174193363e-37
1.534564671210712916e+01 4.819032766407583137e-37
1.606957780289522475e+01 4.605422516192760962e-37
1.682766035266327620e+01 4.403923384394749056e-37
1.762150545694968784e+01 4.213354783448366836e-37
1.845280021474659193e+01 4.030148467866761259e-37
1.932331131396386681e+01 3.852697667546016046e-37
2.023488878603738073e+01 3.681749274941034545e-37
2.118946993766096298e+01 3.517752696897875222e-37
2.218908346799787878e+01 3.360522359892823812e-37
2.323585378012177571e+01 3.210660083743301208e-37
2.433200549585005490e+01 3.068112137673972718e-37
2.547986818356431016e+01 2.931517464907627365e-37
2.668188130906600009e+01 2.798902953967369586e-37
2.794059941998870045e+01 2.670211783673898540e-37
2.925869757478509214e+01 2.548044792642822728e-37
3.063897702782645283e+01 2.432808997420981072e-37
3.208437118269685584e+01 2.323620960925217557e-37
3.359795182633400401e+01 2.219322598092788296e-37
3.518293565726595062e+01 2.119721121639634852e-37
3.684269112181715400e+01 2.025093320495111716e-37
3.858074557281289430e+01 1.935311350109740681e-37
4.040079276599563229e+01 1.849757110239286966e-37
4.230670071008481870e+01 1.767594906194836942e-37
4.430251988716346290e+01 1.688663351014720956e-37
4.639249186086146892e+01 1.613456669346484889e-37
4.858105829063038072e+01 1.541918227873286957e-37
5.087287037126617406e+01 1.473833339303638647e-37
5.327279871774217668e+01 1.409019049495606691e-37
5.578594371635880833e+01 1.347193474056523219e-37
5.841764636420906953e+01 1.287234726398779988e-37
6.117349961999591557e+01 1.228919151913697340e-37
6.405936029032461931e+01 1.173103863371186500e-37
6.708136147673101846e+01 1.120693648161397414e-37
7.024592560989894707e+01 1.071320350355199680e-37
7.355977809876618778e+01 1.024108138278323429e-37
7.702996162352803822e+01 9.788218696742877886e-38
8.066385110291309957e+01 9.353540216872799865e-38
8.446916936754048777e+01 8.936271224576644648e-38
8.845400357266805713e+01 8.536741341402278525e-38
9.262682238521203715e+01 8.159959428065432965e-38
9.699649398156500979e+01 7.805475696949261699e-38
1.015723048944602880e+02 7.465960064806963133e-38
1.063639797489383483e+02 7.135131974749431715e-38
1.113817019293572343e+02 6.813265944708057114e-38
1.166361352213694857e+02 6.501907653870231690e-38
1.221384464748598191e+02 6.201151410475189301e-38
1.279003293360069478e+02 5.914416825791038039e-38
1.339340290989057962e+02 5.644265130105506806e-38
1.402523687295658874e+02 5.389331245188356581e-38
1.468687761175910111e+02 5.147296047403644974e-38
1.537973126134583310e+02 4.917277516304078109e-38
1.610527029120435714e+02 4.697731710386068499e-38
1.686503663459020572e+02 4.487240158468990743e-38
1.766064496548104898e+02 4.285890385828886175e-38
1.849378613012122798e+02 4.095270087529296209e-38
1.936623074044955217e+02 3.914939348607729349e-38
2.027983293704687924e+02 3.742524072153090967e-38
2.123653432960101668e+02 3.576484377500835027e-38
2.223836812326300674e+02 3.416618459236081916e-38
2.328746343966433301e+02 3.262656211189909458e-38
2.438604984177819119e+02 3.114443609697363803e-38
2.553646207224112743e+02 2.972295611059486898e-38
2.674114501520505769e+02 2.836349281200537497e-38
2.800265889226484433e+02 2.706855055357238016e-38
2.932368470350357370e+02 2.585100337787388027e-38
3.070702992521946726e+02 2.470637674752021767e-38
3.215563447644299799e+02 2.360855552995977711e-38
3.367257696692460627e+02 2.254550001986353234e-38
3.526108123987125396e+02 2.152213411609914105e-38
3.692452322333667780e+02 2.055201122716883239e-38
3.866643810482622143e+02 1.963295703962473734e-38
4.049052784436341312e+02 1.876088631878101620e-38
4.240066904198589555e+02 1.793318555218682753e-38
4.440092117639040907e+02 1.714408796124226322e-38
4.649553523223602269e+02 1.638271864156791638e-38
4.868896273444046869e+02 1.564831160561006874e-38
5.098586520866956562e+02 1.494494327092726425e-38
5.339112408812528656e+02 1.427178621319217890e-38
5.590985108768696819e+02 1.362852891761754860e-38
5.854739906745220424e+02 1.301600370609577070e-38
6.130937340876602093e+02 1.243272577605246751e-38
6.420164392691406192e+02 1.187747203086987209e-38
6.723035734579726750e+02 1.135005326712509932e-38
7.040195036109962530e+02 1.084801376782852611e-38
7.372316331971079535e+02 1.036730635518500559e-38
7.720105454447617603e+02 9.907181146296484639e-39
8.084301533471647190e+02 9.469038848890176060e-39
8.465678567439764493e+02 9.051898511831560653e-39
8.865047068133376342e+02 8.653136607320075739e-39
9.283255783238116692e+02 8.269292842212943381e-39
9.721193500123147260e+02 7.899927627821385167e-39
1.017979093471376700e+03 7.545411601262874907e-39
1.066002270947161378e+03 7.206395294187768146e-39
1.116290942468609728e+03 6.884699855456125570e-39
1.168951982747910279e+03 6.582307750922332248e-39
1.224097308313233725e+03 6.297460871447337978e-39
1.281844115356484963e+03 6.023936867504516315e-39
1.342315128801503988e+03 5.759140943037670455e-39
1.405638863122062048e+03 5.503596603151652905e-39
1.471949895463975736e+03 5.258042550630386525e-39
1.541389151651720795e+03 5.022422520252773002e-39
1.614104205687457352e+03 4.798462198635772894e-39
1.690249593378876625e+03 4.586205213447311568e-39
1.769987140762492800e+03 4.384229347115864791e-39
1.853486308020278784e+03 4.190405413127773044e-39
1.940924549620566950e+03 4.004452340353136254e-39
2.032487691448644910e+03 3.826321943401924981e-39
2.128370325728430544e+03 3.656187792391535264e-39
2.228776224574648950e+03 3.494310013173267631e-39
2.333918773054270332e+03 3.340863535131483963e-39
2.444021422677697956e+03 3.195158852359676394e-39
2.559318166283334904e+03 3.055542780989295114e-39
2.680054035324909819e+03 2.921584221869467087e-39
2.806485620618289431e+03 2.793784601620640306e-39
2.938881617654525598e+03 2.671866346541258580e-39
3.077523397638110055e+03 2.555711645560768980e-39
3.222705605463881056e+03 2.445815050729162643e-39
3.374736785903593045e+03 2.341723893403457064e-39
3.533940039332746437e+03 2.242333205483321446e-39
3.700653708391438158e+03 2.146834928091752264e-39
3.875232097038378924e+03 2.055150107021519893e-39
4.058046223526291669e+03 1.967397192663967682e-39
4.249484608899010709e+03 1.883546283574363459e-39
4.449954102685826001e+03 1.803393981847622698e-39
4.659880747548097133e+03 1.726166579859716649e-39
4.879710684715447314e+03 1.651850771220668819e-39
5.109911102136059526e+03 1.580673189853541235e-39
5.350971227355878000e+03 1.512772618302851338e-39
5.603403367236900522e+03 1.448132670030715427e-39
5.867743996724296267e+03 1.386650774722332173e-39
6.144554898975971810e+03 1.328183407805067599e-39
6.434424359277936674e+03 1.272644601683234079e-39
6.737968415282459318e+03 1.219960698098471219e-39
7.055832166226409754e+03 1.170042815539649931e-39
7.388691143911863946e+03 1.122199097418079634e-39
7.737252748362738203e+03 1.076539368102778006e-39
8.102257751208685477e+03 1.033555415872321808e-39
8.484481869990922860e+03 9.931299233337484065e-40
8.884737416736212253e+03 9.540740936042824453e-40
9.303875024302073143e+03 9.158464672696438960e-40
9.742785454162636597e+03 8.786073834294065259e-40
1.020240148947652051e+04 8.435358018017983906e-40
1.068369991746049891e+04 8.092443146910566958e-40
1.118770360528148922e+04 7.776917702787696928e-40
1.171548367387874532e+04 7.488456932716563453e-40
1.226816177433638222e+04 7.207633015823554779e-40
1.284691247164345441e+04 6.941383494596780112e-40
1.345296574090832655e+04 6.669282677379693997e-40
1.408760958133159875e+04 6.410291644878601008e-40
1.475219275349362943e+04 6.181214703415084691e-40
1.544812764577336384e+04 5.961554556831369363e-40
1.617689327599049466e+04 5.742596254716172704e-40
1.694003843465045429e+04 5.540161030034005052e-40
1.773918497647154072e+04 5.348944611737436741e-40
1.857603126719041393e+04 5.155366365613049812e-40
1.945235579297014920e+04 4.973766766721638076e-40
2.037002094008267886e+04 4.795734642181680872e-40
2.133097695289746480e+04 4.633120720408965196e-40
2.233726607858827992e+04 4.481372915267066860e-40
2.339102690736708246e+04 4.326209329046621430e-40
2.449449891746775393e+04 4.184207172886720361e-40
2.565002723454027728e+04 4.044838704943346348e-40
2.686006761556863785e+04 3.913751665329397003e-40
2.812719166790589225e+04 3.791328560726571244e-40
2.945409231451647793e+04 3.684211844417803827e-40
3.084358951704218634e+04 3.551569262560656944e-40
3.229863626885335179e+04 3.449488005325973832e-40
3.382232487082220177e+04 3.349956683982845282e-40
3.541789350315664342e+04 3.252620520445963015e-40
3.708873310725929332e+04 3.156304460764551317e-40
3.883839459223952872e+04 3.059291390773394140e-40
4.067059638139157323e+04 2.962049878971682203e-40
4.258923231467897858e+04 2.864988031718541353e-40
4.459837992401817610e+04 2.770279063934487029e-40
4.670230909894849174e+04 2.678327699769355209e-40
4.890549116110629984e+04 2.593222344946399592e-40
5.121260836678613123e+04 2.514510588913548027e-40
5.362856385778682306e+04 2.441738954788787554e-40
5.615849208168732730e+04 2.374426110156868474e-40
5.880776970370077470e+04 2.278697556843046293e-40
6.158202703329431824e+04 2.107009721274176193e-40
6.448715998985984334e+04 1.876376073690028073e-40
6.752934263286665373e+04 1.609033689780795605e-40
7.071504028312230366e+04 1.324281802174758135e-40
7.405102326303132577e+04 1.030422761112439134e-40
7.754438128504842462e+04 7.197727411372045839e-41
8.120253851890953956e+04 3.916135749685461237e-41
8.503326936965817004e+04 1.904967448620161281e-41
8.904471500000009837e+04 1.157929819194703559e-41
