1.056583745000000130e-01 5.328959993817710981e-36
1.106425868960521086e-01 6.229226478457801807e-36
1.158619190668169763e-01 7.167771359767530913e-36
1.213274622949423731e-01 8.105168658696912762e-36
1.270508310710917466e-01 9.025495907428630343e-36
1.330441877751858126e-01 9.872264906711968200e-36
1.393202685219302461e-01 1.055903908689238225e-35
1.458924102255517441e-01 1.108094779606668264e-35
1.527745789412564559e-01 1.145498016995633154e-35
1.599813995436371317e-01 1.179432257825203502e-35
1.675281868050969847e-01 1.211190019856407166e-35
1.754309779403334379e-01 1.238549523357566062e-35
1.837065666860391022e-01 1.264886616784335269e-35
1.923725389882414982e-01 1.291233332453943789e-35
2.014473103731183878e-01 1.317271448739299196e-35
2.109501650807028283e-01 1.341403948347928848e-35
2.209012970446389001e-01 1.361169313089989712e-35
2.313218528050711154e-01 1.379246934724530879e-35
2.422339764458599221e-01 1.396848154817500093e-35
2.536608566516163066e-01 1.413243478641334467e-35
2.656267759845526433e-01 1.429276619381686197e-35
2.781571624858665270e-01 1.445470409033713995e-35
2.912786437113109583e-01 1.461341659681292406e-35
3.050191033157803600e-01 1.475155039981849794e-35
3.194077403071549637e-01 1.482176364685439399e-35
3.344751310953210655e-01 1.485472117206554030e-35
3.502532944682248961e-01 1.491394466932858518e-35
3.667757596330341041e-01 1.493669069888099030e-35
3.840776374669996884e-01 1.490564390335769099e-35
4.021956951294277105e-01 1.489817910266782641e-35
4.211684341933141229e-01 1.488762124312868822e-35
4.410361724626755131e-01 1.480496330250992523e-35
4.618411296494419060e-01 1.472106077501071767e-35
4.836275170919767663e-01 1.465700013143401104e-35
5.064416317058801909e-01 1.457114310355567659e-35
5.303319543667243119e-01 1.447176499076898995e-35
5.553492529337882289e-01 1.438220442840446926e-35
5.815466901337220662e-01 1.428940904444792030e-35
6.089799365333964376e-01 1.418142946626587505e-35
6.377072888420085572e-01 1.403238288504723408e-35
6.677897937938437334e-01 1.385840991032727308e-35
6.992913778749459963e-01 1.368266302313162710e-35
7.322789831693721219e-01 1.349919812985842554e-35
7.668227096137082421e-01 1.329903465278613183e-35
8.029959639621450096e-01 1.306984605152567954e-35
8.408756157786690943e-01 1.282356625295659221e-35
8.805421607878580748e-01 1.258057976624132382e-35
9.220798919314064923e-01 1.234047805582873476e-35
9.655770784938864093e-01 1.210154517581265585e-35
1.011126153678390427e+00 1.185874460817942076e-35
1.058823911030660536e+00 1.161090109888610919e-35
1.108771710129116572e+00 1.135289084209280683e-35
1.161075691977875746e+00 1.109409908850500990e-35
1.215847004560494327e+00 1.084095829870403998e-35
1.273202039033727306e+00 1.058705034969385230e-35
1.333262677063235202e+00 1.032889265651644368e-35
1.396156549826838678e+00 1.006684471283938013e-35
1.462017309235703388e+00 9.801759490009313829e-36
1.530984911949819560e+00 9.534190190381783081e-36
1.603205916791315300e+00 9.267477105551180312e-36
1.678833796187617189e+00 9.001728926065490060e-36
1.758029262306296747e+00 8.734535314915418935e-36
1.840960608574636614e+00 8.469432470789791528e-36
1.927804067309668357e+00 8.206954772497803058e-36
2.018744184218664195e+00 7.946188686753513103e-36
2.113974210565896072e+00 7.685509690514744684e-36
2.213696513839045199e+00 7.425438387338804679e-36
2.318123007787936452e+00 7.169362033932921105e-36
2.427475602749447514e+00 6.921020417112193919e-36
2.541986677215559265e+00 6.679842364738260978e-36
2.661899571646630935e+00 6.443681209920694624e-36
2.787469105579285511e+00 6.210879841310647469e-36
2.918962119127780586e+00 5.984712844561339789e-36
3.056658040029565093e+00 5.767482079847221422e-36
3.200849477440024238e+00 5.560281839054995646e-36
3.351842843738249478e+00 5.357915335369509259e-36
3.509959005665183263e+00 5.159604720558143421e-36
3.675533966177859657e+00 4.969081476584628119e-36
3.848919578468670721e+00 4.789687986414546121e-36
4.030484293667001339e+00 4.618294113167923085e-36
4.220613943812133506e+00 4.450875505327137979e-36
4.419712561761235392e+00 4.286271705649244081e-36
4.628203239774812516e+00 4.124360217150725505e-36
4.846529028604114053e+00 3.964464208630875679e-36
5.075153878991102374e+00 3.808227517137573680e-36
5.314563627581728511e+00 3.659894036728756623e-36
5.565267029347583438e+00 3.519740888880195666e-36
5.827796838709870642e+00 3.384497179489478272e-36
6.102710941663166189e+00 3.251479981566769923e-36
6.390593541304713909e+00 3.121217757924952196e-36
6.692056399288595081e+00 2.995807799452507732e-36
7.007740135842901452e+00 2.875074733948305241e-36
7.338315591112468006e+00 2.758912349835842883e-36
7.684485250720141103e+00 2.646944354044017730e-36
8.046984738575872598e+00 2.538568914333949222e-36
8.426584380105961003e+00 2.432507066611911769e-36
8.824090839224380645e+00 2.328767937336238150e-36
9.240348832524775347e+00 2.229082546208910021e-36
9.676242924335882734e+00 2.134457319699748401e-36
1.013269940645493072e+01 2.044615032517974117e-36
1.061068826655348474e+01 1.957949711392340934e-36
1.111122524943884393e+01 1.874101574427466650e-36
1.163537401555089446e+01 1.794298935454471140e-36
1.218424840128177600e+01 1.719012696178066399e-36
1.275901478592122906e+01 1.647321704033041987e-36
1.336089457025768290e+01 1.577667843252180083e-36
1.399116677210215975e+01 1.509966741984265386e-36
1.465117074425056209e+01 1.445031730786642731e-36
1.534230902066017066e+01 1.383208988005350570e-36
1.606605029688845576e+01 1.324320699618713601e-36
1.682393255112801356e+01 1.267845241600178440e-36
1.761756631246963423e+01 1.213578024443158394e-36
1.844863808333887434e+01 1.161257708759305581e-36
1.931891392337894686e+01 1.110701530713857519e-36
2.023024320239571239e+01 1.062028614874139423e-36
2.118456253034003112e+01 1.015586758198076273e-36
2.218389987267876862e+01 9.712970331716206631e-37
2.323037885989985440e+01 9.288782579098124212e-37
2.432622330030906355e+01 8.881725608566110850e-37
2.547376190570878052e+01 8.491872777076221739e-37
2.667543324000053673e+01 8.119773595757230087e-37
2.793379090122757091e+01 7.764182203885376146e-37
2.925150894806942858e+01 7.422550881934154882e-37
3.063138758232000214e+01 7.093501447832941954e-37
3.207635909942467123e+01 6.778907884796368250e-37
3.358949411972134413e+01 6.484054514392095287e-37
3.517400811362755775e+01 6.207516053201821685e-37
3.683326823463934119e+01 5.941527908096752296e-37
3.857080047466259742e+01 5.683322054825925271e-37
4.039029715688218403e+01 5.433624692102135344e-37
4.229562478209147258e+01 5.194074388148349494e-37
4.429083224515601103e+01 4.964239079810735195e-37
4.638015943907162608e+01 4.744963472859610747e-37
4.856804626490101384e+01 4.536082781908534767e-37
5.085914206673497517e+01 4.336181133893375891e-37
5.325831551172862532e+01 4.142820108465732009e-37
5.577066493620714027e+01 3.956042852401720041e-37
5.840152917982760528e+01 3.777908085364598217e-37
6.115649893081969424e+01 3.608648848933686168e-37
6.404142860641428570e+01 3.447668498655596283e-37
6.706244879370650835e+01 3.294103583380095298e-37
7.022597927739002444e+01 3.147403547774763726e-37
7.353874268204815223e+01 3.006455358114724981e-37
7.700777875799070671e+01 2.870829535671136903e-37
8.064045934099563340e+01 2.740753383182251677e-37
8.444450401774507498e+01 2.616872273108717781e-37
8.842799653024549400e+01 2.498873686766532343e-37
9.259940195409194530e+01 2.386289849736045539e-37
9.696758468708102896e+01 2.278825380960636748e-37
1.015418272863989841e+02 2.176410272998726896e-37
1.063318501944141872e+02 2.078919326249288294e-37
1.113478323949935742e+02 1.986020722537803917e-37
1.166004330442365386e+02 1.897230794370093654e-37
1.221008141215937712e+02 1.812303767621304085e-37
1.278606641495051690e+02 1.730917176482509216e-37
1.338922230319619189e+02 1.652766655776660914e-37
1.402083080647757356e+02 1.577801565235150716e-37
1.468223411728276062e+02 1.506284932284046047e-37
1.537483774321777332e+02 1.438127108217953470e-37
1.610011349376450767e+02 1.373166263923267060e-37
1.685960260793279701e+02 1.311223199449645303e-37
1.765491902945289837e+02 1.252186361235928178e-37
1.848775283646830587e+02 1.196259997948847875e-37
1.935987383301716420e+02 1.143318575032766167e-37
2.027313530993424706e+02 1.093218775942610706e-37
2.122947798316567969e+02 1.045824081706464385e-37
2.223093411786524314e+02 1.000819478102521724e-37
2.327963184703654633e+02 9.572260462914935149e-38
2.437779969389783048e+02 9.148994351873088078e-38
2.552777130757999942e+02 8.738325999850802356e-38
2.673199042222124149e+02 8.339997424052182724e-38
2.799301604999654387e+02 7.955408045291900301e-38
2.931352791911753570e+02 7.591384490228778578e-38
3.069633216835841836e+02 7.247589280788488293e-38
3.214436731020952038e+02 6.917985279648121145e-38
3.366071047532983016e+02 6.598779975058091419e-38
3.524858395156866209e+02 6.292004942197060243e-38
3.691136203145186983e+02 6.005981122065306802e-38
3.865257818268395340e+02 5.740096667045132314e-38
4.047593255690352976e+02 5.487734690888173465e-38
4.238529985264862034e+02 5.244649423914395534e-38
4.438473754924085597e+02 5.010993016143622694e-38
4.647849452908578769e+02 4.788141414086179525e-38
4.867102010671246148e+02 4.575756374193002048e-38
5.096697348373868408e+02 4.374307057317507793e-38
5.337123364985460512e+02 4.183678807628460918e-38
5.588890975086443405e+02 4.001943994996045524e-38
5.852535194581884070e+02 3.824237571458144991e-38
6.128616277630977720e+02 3.650464379567527855e-38
6.417720907208777135e+02 3.486234486043926758e-38
6.720463441830228248e+02 3.333767489300286169e-38
7.037487221085748388e+02 3.190479374711362786e-38
7.369465932762726652e+02 3.050541767168343649e-38
7.717105044458122620e+02 2.913672317762415937e-38
8.081143302724382238e+02 2.780570347418795304e-38
8.462354302934422776e+02 2.651848955972880114e-38
8.861548133201710016e+02 2.528763392882845684e-38
9.279573095848821822e+02 2.414585767334714388e-38
9.717317510082650642e+02 2.308724289496397856e-38
1.017571159970711165e+03 2.207744315793872519e-38
1.065572946988464309e+03 2.110008974478846926e-38
1.115839117714741178e+03 2.015693427222864948e-38
1.168476489705672293e+03 1.925255171536528581e-38
1.223596919411757199e+03 1.838603736186301142e-38
1.281317539877134550e+03 1.756119323554290177e-38
1.341761009651833547e+03 1.677752800089477418e-38
1.405055773445933028e+03 1.603171091556930217e-38
1.471336335079538003e+03 1.531929687647730676e-38
1.540743543308595690e+03 1.463817456701916388e-38
1.613424891133948677e+03 1.397884000036236986e-38
1.689534829229663046e+03 1.333963484480108491e-38
1.769235094156682408e+03 1.272726654458645518e-38
1.852695052059272484e+03 1.215377191272835438e-38
1.940092058574625980e+03 1.161616123624788977e-38
2.031611835720448425e+03 1.110271705525105998e-38
2.127448866561425348e+03 1.060902908989697935e-38
2.227806808493258359e+03 1.013645975406945356e-38
2.332898926022487558e+03 9.687723003104168635e-39
2.442948543961838368e+03 9.261345624496867384e-39
2.558189522004066021e+03 8.853050241255466514e-39
2.678866751682847735e+03 8.461081950232019213e-39
2.805236676776758941e+03 8.085845251301674057e-39
2.937567838262218174e+03 7.727947308784636677e-39
3.076141444973444777e+03 7.386479354032957137e-39
3.221251971182100078e+03 7.059543069152085305e-39
3.373207782366504034e+03 6.746030695595839178e-39
3.532331790500194074e+03 6.445625363407639550e-39
3.698962140252355766e+03 6.158085692370552811e-39
3.873452927558317242e+03 5.883030321032298464e-39
4.056174952087100337e+03 5.621326110271897008e-39
4.247516505205055182e+03 5.373031283217505531e-39
4.447884195110021210e+03 5.137083763126582675e-39
4.657703810889473971e+03 4.912081912775459693e-39
4.877421227338800236e+03 4.697232851149107689e-39
5.107503352462441399e+03 4.489998310073818870e-39
5.348439119671512344e+03 4.289461642928770909e-39
5.600740526786162263e+03 4.097022478954187940e-39
5.864943724050746823e+03 3.914119111530107860e-39
6.141610153473826358e+03 3.740036220102740597e-39
6.431327741914140461e+03 3.573010015440182904e-39
6.734712150447910062e+03 3.412810299323428104e-39
7.052408082672431192e+03 3.260125343236354077e-39
7.385090654726137473e+03 3.115262262298097204e-39
7.733466829936503018e+03 2.977912013605840684e-39
8.098276921144437438e+03 2.848421102086660496e-39
8.480296163897699444e+03 2.726445441967114155e-39
8.880336363856404205e+03 2.609871678098215667e-39
9.299247621911439637e+03 2.496939964747325793e-39
9.737920140681742851e+03 2.387999054605150906e-39
1.019728611622920107e+04 2.284959913151377373e-39
1.067832171901144284e+04 2.187779883570192168e-39
1.118204916828172281e+04 2.095381375264878822e-39
1.170953890434437199e+04 2.006679206158041304e-39
1.226191186328183176e+04 1.921521840388743413e-39
1.284034185898716350e+04 1.839676037445228399e-39
1.344605807756395188e+04 1.760820987906506224e-39
1.408034768939429887e+04 1.685386118929564022e-39
1.474455858442564568e+04 1.613604861988923327e-39
1.544010223648902684e+04 1.545304866597747967e-39
1.616845670273552423e+04 1.480446013843909974e-39
1.693116976456486009e+04 1.419210320883689225e-39
1.772986221672071406e+04 1.361083368382526957e-39
1.856623131154220027e+04 1.305426914138182992e-39
1.944205436569072845e+04 1.252174549769764588e-39
2.035919253701659909e+04 1.201366352247651573e-39
2.131959477959145443e+04 1.152827190401061317e-39
2.232530198531083443e+04 1.106476485912208651e-39
2.337845132086863305e+04 1.062226019976777762e-39
2.448128076931877513e+04 1.019913790079673911e-39
2.563613388587575901e+04 9.792201006336615342e-40
2.684546477806010444e+04 9.399351123695274563e-40
2.811184332077170620e+04 9.023692798190512153e-40
2.943796061737335185e+04 8.663949027627286320e-40
3.082663471838940677e+04 8.319128848268538203e-40
3.228081660997213112e+04 7.988613562998200322e-40
3.380359648486133665e+04 7.676846767668148592e-40
3.539821030916343443e+04 7.388482876392648423e-40
3.706804669890451623e+04 7.120891990458504182e-40
3.881665412097040098e+04 6.853146485082480608e-40
4.064774843373599288e+04 6.603219379500543055e-40
4.256522078340802545e+04 6.363528681709301363e-40
4.457314587286087772e+04 6.125981000709136684e-40
4.667579062053821690e+04 5.905192775528004551e-40
4.887762322781932016e+04 5.692100258742483880e-40
5.118332267411980865e+04 5.486679594271816948e-40
5.359778865990384656e+04 5.297409480259485553e-40
5.612615201873701153e+04 5.128142161646574898e-40
5.877378562050600885e+04 4.949404586373555262e-40
6.154631578897489089e+04 4.787165565692787709e-40
6.444963425794059003e+04 4.631297877661546583e-40
6.748991069139499450e+04 4.480596992466517055e-40
7.067360579429948120e+04 4.347873992298312400e-40
7.400748504183272598e+04 4.220174499117379435e-40
7.749863305628699891e+04 4.101393329373587745e-40
8.115446866216447961e+04 3.985876289777470008e-40
8.498276065146610199e+04 3.878086087281680419e-40
8.899164429267490050e+04 3.769432556142742737e-40
9.318963861851632828e+04 3.676383189723258188e-40
9.758566452923126053e+04 3.584814077200884990e-40
1.021890637498351571e+05 3.493236728315461109e-40
1.070096186816440313e+05 3.410745489807864127e-40
1.120575731902557018e+05 3.338382147922183492e-40
1.173436543741602072e+05 3.279079783241632697e-40
1.228790953602387890e+05 3.182253463804986624e-40
1.286756591745928308e+05 3.127049924732118102e-40
1.347456637394290883e+05 3.078358932064172711e-40
1.411020080491205736e+05 3.035817716717010731e-40
1.477581995810683584e+05 2.997328478795797044e-40
1.547283829996131535e+05 2.960109993007837718e-40
1.620273702139940287e+05 2.924077171134024414e-40
1.696706718542280141e+05 2.890042344257137795e-40
1.776745302317987371e+05 2.859935009790140899e-40
1.860559538551964215e+05 2.834706722974932953e-40
1.948327535736547434e+05 2.819198599425556790e-40
2.040235804258960707e+05 2.813122012900925958e-40
2.136479652743084298e+05 2.815879450201134505e-40
2.237263603087835363e+05 2.827217981624325608e-40
2.342801825084110023e+05 2.832993431044178228e-40
2.453318591533868748e+05 2.810373357241565135e-40
2.569048754838511813e+05 2.756486031941758184e-40
2.690238246069311281e+05 2.668431371918409469e-40
2.817144597580445698e+05 2.542709832263935748e-40
2.950037490275208838e+05 2.374918401191212189e-40
3.089199326688355650e+05 2.160963303874128046e-40
3.234925831102408119e+05 1.902847259158492076e-40
3.387526677973184851e+05 1.535005051019660499e-40
3.547326150000003399e+05 1.040744973694382186e-40
