1.056583745000000130e-01 2.766350465487616415e-36
1.106423599732593299e-01 3.296766458540174554e-36
1.158614438125043639e-01 3.828575165344831976e-36
1.213267157855496409e-01 4.329915472934181278e-36
1.270497887729486464e-01 4.871963564340721200e-36
1.330428234436177581e-01 5.418711167583627132e-36
1.393185540944275602e-01 5.848219382810998398e-36
1.458903157086677838e-01 6.187204193834580849e-36
1.527720722908799400e-01 6.467057607297410961e-36
1.599784465382659560e-01 6.747713003914762805e-36
1.675247509117191447e-01 7.016379247291469447e-36
1.754270201724997535e-01 7.224109126109807273e-36
1.837020454536894276e-01 7.453922511130754708e-36
1.923674099388226477e-01 7.731347762957184786e-36
2.014415262235058623e-01 7.940774766932960926e-36
2.109436754394124203e-01 8.116309279857134159e-36
2.208940482237860825e-01 8.360095292777749218e-36
2.313137876215068667e-01 8.603172369289800871e-36
2.422250340108801359e-01 8.808083172752327444e-36
2.536509721486088220e-01 8.990066577288776435e-36
2.656158804339125434e-01 9.158870724527144057e-36
2.781451824964726316e-01 9.321338001323909711e-36
2.912655012178199110e-01 9.484254117110124950e-36
3.050047153009516343e-01 9.649527333407023246e-36
3.193920185083801710e-01 9.823587894891768445e-36
3.344579816944854844e-01 1.000564651736083268e-35
3.502346177639808489e-01 1.019312952897023831e-35
3.667554496945175102e-01 1.037524782958575285e-35
3.840555817679686679e-01 1.054913303647408078e-35
4.021717741617452657e-01 1.073299653629642088e-35
4.211425210586423051e-01 1.092773361434311768e-35
4.410081324411841419e-01 1.112437381021281683e-35
4.618108197442722940e-01 1.129491950239336113e-35
4.835947855481322888e-01 1.143143734065267012e-35
5.064063175021453755e-01 1.158497548739447241e-35
5.302938866791389039e-01 1.171583641053568498e-35
5.553082505691212534e-01 1.174762844141539412e-35
5.815025609313116961e-01 1.178226793107073389e-35
6.089324767336291577e-01 1.185918112048925985e-35
6.376562824196254642e-01 1.192572078323844279e-35
6.677350117541557273e-01 1.196984445890461337e-35
6.992325775109462516e-01 1.198084813726103595e-35
7.322159072776199817e-01 1.196845837394112956e-35
7.667550856667503245e-01 1.194024648622627263e-35
8.029235032351160761e-01 1.192279392185306602e-35
8.407980124275918898e-01 1.190416884478290867e-35
8.804590908770280056e-01 1.186038524799728183e-35
9.219910124071117874e-01 1.179836776893686139e-35
9.654820261015605309e-01 1.171971910953365811e-35
1.011024543820145505e+00 1.161585162897262291e-35
1.058715336559988396e+00 1.150541848879643764e-35
1.108655740079369290e+00 1.141479061708863301e-35
1.160951870220961579e+00 1.133137947664510138e-35
1.215714848392033698e+00 1.122265648253541670e-35
1.273061037680716323e+00 1.109069825601779310e-35
1.333112290110055609e+00 1.095716740665842253e-35
1.395996205555223968e+00 1.082913151904400551e-35
1.461846402874058537e+00 1.070252075869437650e-35
1.530802803827024716e+00 1.056941387386965280e-35
1.603011930389903750e+00 1.042848694651018394e-35
1.678627216090940122e+00 1.027476122362571947e-35
1.757809332034006466e+00 1.010468884184520101e-35
1.840726528300518305e+00 9.923075021445827129e-36
1.927554991455541433e+00 9.732350743033391743e-36
2.018479218917727636e+00 9.533392460663224893e-36
2.113692410988571968e+00 9.331635795311705961e-36
2.213396881373979497e+00 9.129122930239239180e-36
2.317804487070443731e+00 8.922806938763796420e-36
2.427137078529289838e+00 8.707907825183692707e-36
2.541626971055499506e+00 8.487357922442493802e-36
2.661517438442774441e+00 8.272411040862190375e-36
2.787063229893740335e+00 8.063539700428204020e-36
2.918531111323674043e+00 7.859366600442948595e-36
3.056200432197926808e+00 7.655669761171461468e-36
3.200363719107507166e+00 7.452001240572386669e-36
3.351327297344061318e+00 7.246790380876780276e-36
3.509411941795033130e+00 7.040470280355771728e-36
3.674953558542024545e+00 6.836284275797731596e-36
3.848303898610678786e+00 6.637479984444730948e-36
4.029831305388668738e+00 6.443166794948784044e-36
4.219921497299983670e+00 6.246034863618980541e-36
4.418978387398533769e+00 6.044317983113181212e-36
4.627424941622601651e+00 5.843816138575962213e-36
4.845704077533827814e+00 5.649073082611257733e-36
5.074279605450375819e+00 5.460055812478828237e-36
5.313637213974070406e+00 5.274348334901772442e-36
5.564285502005575701e+00 5.091886456252909876e-36
5.826757059440552666e+00 4.913968611372540859e-36
6.101609598843028337e+00 4.741487064128073693e-36
6.389427140500679059e+00 4.574144053021377926e-36
6.690821253380051736e+00 4.413377160560216329e-36
7.006432354618606695e+00 4.258655477504832072e-36
7.336931070314758330e+00 4.107786570884418443e-36
7.683019660507425463e+00 3.958596109459031816e-36
8.045433511372928947e+00 3.811438598200496839e-36
8.424942697809978398e+00 3.667465962318124815e-36
8.822353619732949070e+00 3.527001329719622454e-36
9.238510715550331653e+00 3.391289897067479230e-36
9.674298256469326063e+00 3.261091675692769275e-36
1.013064222543905935e+01 3.135677079911878087e-36
1.060851228472504104e+01 3.011722723861033932e-36
1.110892383629554381e+01 2.888852153940092690e-36
1.163294017939802139e+01 2.770152167620290365e-36
1.218167476990995546e+01 2.657282406071393520e-36
1.275629358626511767e+01 2.549773817180275166e-36
1.335801760698224427e+01 2.446571838307193674e-36
1.398812540506067670e+01 2.347471647528229669e-36
1.464795586475558231e+01 2.251639582762805365e-36
1.533891102650553862e+01 2.158573726138232695e-36
1.606245906605748530e+01 2.068858404202508501e-36
1.682013741411928009e+01 1.983825112193158870e-36
1.761355602316853464e+01 1.903181664085830165e-36
1.844440078835949137e+01 1.825297421420547562e-36
1.931443712979644900e+01 1.749249416257425164e-36
2.022551374378586075e+01 1.675349102224712713e-36
2.117956653103780695e+01 1.604884208751488833e-36
2.217862271016368325e+01 1.537804495422780898e-36
2.322480512521074658e+01 1.473684218739304697e-36
2.432033675638616543e+01 1.412243593797551906e-36
2.546754544355560768e+01 1.353143437111961410e-36
2.666886883255258667e+01 1.296053124635799968e-36
2.792685955480905591e+01 1.240879624065942951e-36
2.924419065131310802e+01 1.188207772837636787e-36
3.062366125241884163e+01 1.138186668642079121e-36
3.206820252557716344e+01 1.090498864985526610e-36
3.358088390362559039e+01 1.044273867822382797e-36
3.516491960687102392e+01 9.994605917864595268e-37
3.682367547282441933e+01 9.560670114372049259e-37
3.856067610809892443e+01 9.140837226100072572e-37
4.037961237766855760e+01 8.737365531802411572e-37
4.228434924740093237e+01 8.354862534032536668e-37
4.427893399652811723e+01 7.991858265312910425e-37
4.636760481750604157e+01 7.643450274288352114e-37
4.855479982153553919e+01 7.307530223093463226e-37
5.084516646888108937e+01 6.984175203115969151e-37
5.324357144402438990e+01 6.674753301829496563e-37
5.575511099663656722e+01 6.378844996536146571e-37
5.838512177034193229e+01 6.096645418780162309e-37
6.113919214228257459e+01 5.827748991719759445e-37
6.402317409757893074e+01 5.571387063648636117e-37
6.704319566391762919e+01 5.326774472283620045e-37
7.020567393268794376e+01 5.093053043799957939e-37
7.351732869433578799e+01 4.867775125686011506e-37
7.698519671690694111e+01 4.650072824592994607e-37
8.061664669812043371e+01 4.442838030455021650e-37
8.441939492274229906e+01 4.250324716069736232e-37
8.840152165852968835e+01 4.070884848332494179e-37
9.257148832558398510e+01 3.895544052416382424e-37
9.693815547559491108e+01 3.722104144628112530e-37
1.015108016191801994e+02 3.553518894348735202e-37
1.062991429413240354e+02 3.394175188238266743e-37
1.113133539468082489e+02 3.243421648736900371e-37
1.165640890795038729e+02 3.100045505728832448e-37
1.220625053614612341e+02 2.963459214334206235e-37
1.278202860999029156e+02 2.832465152004617399e-37
1.338496657124936462e+02 2.705520170562201459e-37
1.401634557236363889e+02 2.582874676204247508e-37
1.467750719870346643e+02 2.466887495191360468e-37
1.536985631923623430e+02 2.357716077748678236e-37
1.609486407166153583e+02 2.254143691460618497e-37
1.685407098835741806e+02 2.154841158191757119e-37
1.764909026977987025e+02 2.059636871089135686e-37
1.848161121227105639e+02 1.968690460162901136e-37
1.935340279755978088e+02 1.881866667937389899e-37
2.026631745158158537e+02 1.798630036042526800e-37
2.122229498060503090e+02 1.718436412951177356e-37
2.222336669302815721e+02 1.641309056736651002e-37
2.327165971560316109e+02 1.567826402948679084e-37
2.436940151326066086e+02 1.497933313186891959e-37
2.551892462213750719e+02 1.431222980329567059e-37
2.672267160586509931e+02 1.367310857127043360e-37
2.798320024564944219e+02 1.306107291087510825e-37
2.930318897517151981e+02 1.247750270462827071e-37
3.068544257185567403e+02 1.192140638133772203e-37
3.213289811659965380e+02 1.138920736978828521e-37
3.364863123462952785e+02 1.087779804793512722e-37
3.523586263074051317e+02 1.038734565441857190e-37
3.689796493281004359e+02 9.921469168459913683e-38
3.863846985812437538e+02 9.479491503648087827e-38
4.046107571774659277e+02 9.058132931491608528e-38
4.236965527487098484e+02 8.654660133516918566e-38
4.436826397386209351e+02 8.267742189663493151e-38
4.646114855746376975e+02 7.894275472274457402e-38
4.865275609048843535e+02 7.533675200099953688e-38
5.094774340916066535e+02 7.189341400090805995e-38
5.335098701619348276e+02 6.863498310090187462e-38
5.586759344262259219e+02 6.554822525972831612e-38
5.850291009841674850e+02 6.261299763522699124e-38
6.126253663491910402e+02 5.982004768459216736e-38
6.415233684326369712e+02 5.714765884290156363e-38
6.717845111404933505e+02 5.458101496884794540e-38
7.034730948474555134e+02 5.211945245394743975e-38
7.366564530255482168e+02 4.977181662875297015e-38
7.714050953176179064e+02 4.753407538233829883e-38
8.077928573597190507e+02 4.540410210235719829e-38
8.458970576707265536e+02 4.337516700602387016e-38
8.857986619425553272e+02 4.143832957232109668e-38
9.275824550800714405e+02 3.957552969617340209e-38
9.713372213562577144e+02 3.778346206420322839e-38
1.017155933065433487e+03 3.607001448108828841e-38
1.065135948075390161e+03 3.444014604272504001e-38
1.115379216698210030e+03 3.288777421710664341e-38
1.167992498319338893e+03 3.140371635296137690e-38
1.223087588245215102e+03 2.998455447080377432e-38
1.280781555251476220e+03 2.862487171330997186e-38
1.341196990336480212e+03 2.732101116056830602e-38
1.404462267208746425e+03 2.607601799330858382e-38
1.470711815061758216e+03 2.490175024027886692e-38
1.540086404215773655e+03 2.379430442646086716e-38
1.612733445233573548e+03 2.273773501791972888e-38
1.688807302145725089e+03 2.172370972900495474e-38
1.768469620450920047e+03 2.075525977878753227e-38
1.851889670588335093e+03 1.984236816874383757e-38
1.939244707611843069e+03 1.898177427079830402e-38
2.030720347830332230e+03 1.815952004883357893e-38
2.126510963214429466e+03 1.736884785285820027e-38
2.226820094407692068e+03 1.660761730568605062e-38
2.331860883219844254e+03 1.587231390327609321e-38
2.441856525521054209e+03 1.516272422866912489e-38
2.557040745499574768e+03 1.448612114037098020e-38
2.677658292290453574e+03 1.384358004466146654e-38
2.803965460030648956e+03 1.322885126285348477e-38
2.936230632445482570e+03 1.263097464874996229e-38
3.074734853123676203e+03 1.205043984867458107e-38
3.219772422692687996e+03 1.149881776940343579e-38
3.371651524163260092e+03 1.098016764096534283e-38
3.530694877771943993e+03 1.049026400130460496e-38
3.697240426713039142e+03 1.002318773102389023e-38
3.871642055217032066e+03 9.577429335021977713e-39
4.054270340501332157e+03 9.147319311689906859e-39
4.245513340191097996e+03 8.729665339467393194e-39
4.445777416883295700e+03 8.328529107612919669e-39
4.655488101606071723e+03 7.950562161250666222e-39
4.875090998008156021e+03 7.594004601671486773e-39
5.105052729199571331e+03 7.252947936058899846e-39
5.345861929255486757e+03 6.925631806513351798e-39
5.598030281490162452e+03 6.612395202107417988e-39
5.862093605706952985e+03 6.313942668348613524e-39
6.138612996734775152e+03 6.029676232176088768e-39
6.428176016670187892e+03 5.760263655386607441e-39
6.731397943358430894e+03 5.505945218895685256e-39
7.048923077766266033e+03 5.264510394474806174e-39
7.381426113024575898e+03 5.033131426943193306e-39
7.729613568049745481e+03 4.811492203282012494e-39
8.094225288790044033e+03 4.599969335164948541e-39
8.476036020286936036e+03 4.397821132925401975e-39
8.875857052891715284e+03 4.203371482048879872e-39
9.294537946135424136e+03 4.014750751428481192e-39
9.732968333915014227e+03 3.832546612463255579e-39
1.019207981483153526e+04 3.661328488781999623e-39
1.067284793169689146e+04 3.501574541076273291e-39
1.117629424441565061e+04 3.350583800634931582e-39
1.170348850064603539e+04 3.205443346105546461e-39
1.225555090885275058e+04 3.066082898179903988e-39
1.283365451858140295e+04 2.933066452456859638e-39
1.343902771301227222e+04 2.805784624182655602e-39
1.407295681908972801e+04 2.684342209579382847e-39
1.473678884077342809e+04 2.568868691361151512e-39
1.543193432121903425e+04 2.458637106401297274e-39
1.615987033997017716e+04 2.350954955784788971e-39
1.692214365153020844e+04 2.245815203372003704e-39
1.772037397198278632e+04 2.144937503602641489e-39
1.855625742064481528e+04 2.049582492581240305e-39
1.943157012406477588e+04 1.959284234777579914e-39
2.034817199002441339e+04 1.873092341927861800e-39
2.130801065956275124e+04 1.790859822928789687e-39
2.231312564542044856e+04 1.713338684209095070e-39
2.336565266569734013e+04 1.641013998632968786e-39
2.446782818193204730e+04 1.573019974342775269e-39
2.562199415124623192e+04 1.506607013175682895e-39
2.683060300265105252e+04 1.441301289310399410e-39
2.809622284808980839e+04 1.378966291099400004e-39
2.942154293928934931e+04 1.320715761338190379e-39
3.080937938201535871e+04 1.265984275787293202e-39
3.226268111987333396e+04 1.213345505318359455e-39
3.378453620037000655e+04 1.162609712647149827e-39
3.537817833654963033e+04 1.113468320028451559e-39
3.704699377814758918e+04 1.065716422669990950e-39
3.879452850686154125e+04 1.019684579420513344e-39
4.062449577102904004e+04 9.766221619311017709e-40
4.254078397572115500e+04 9.365043386470787558e-40
4.454746494501863344e+04 8.984635301125968951e-40
4.664880257402503048e+04 8.618533576071423869e-40
4.884926188900230045e+04 8.266187224724442318e-40
5.115351853487967310e+04 7.926994529865591815e-40
5.356646871029563772e+04 7.600857873318763038e-40
5.609323957128320035e+04 7.290546080948527509e-40
5.873920012570502149e+04 6.996985321287855669e-40
6.150997264158717735e+04 6.718867870713948159e-40
6.441144459359271423e+04 6.454332464195429522e-40
6.744978117301937891e+04 6.202930579358462780e-40
7.063143838790342852e+04 5.963191238326293365e-40
7.396317678106523817e+04 5.732969519266504239e-40
7.745207579524550238e+04 5.512379289615050651e-40
8.110554881585588737e+04 5.302833621679525703e-40
8.493135892330692150e+04 5.105436592486302171e-40
8.893763538838668319e+04 4.919354825678907337e-40
9.313289094573722105e+04 4.742390474807523372e-40
9.752603988213502453e+04 4.565948701980669967e-40
1.021264169780089287e+05 4.397512920262458028e-40
1.069437973424439115e+05 4.242521387002576040e-40
1.119884171838169714e+05 4.094284385601123686e-40
1.172709955601996626e+05 3.950061533673984283e-40
1.228027571557435149e+05 3.816725858609217129e-40
1.285954561314448074e+05 3.687028720046023208e-40
1.346614011009680107e+05 3.561451743673095692e-40
1.410134812845976267e+05 3.444284362037415813e-40
1.476651938968918403e+05 3.328981326086994051e-40
1.546306728262323886e+05 3.230296111708360641e-40
1.619247186672110111e+05 3.132854698919697849e-40
1.695628301696644048e+05 3.038497634772000708e-40
1.775612371711874148e+05 2.948491011973958246e-40
1.859369350830944604e+05 2.865707472564999816e-40
1.947077210031116265e+05 2.784230169161742629e-40
2.038922315315310261e+05 2.713456600601006096e-40
2.135099823711823556e+05 2.646044354385725276e-40
2.235814097953645978e+05 2.579659153300635792e-40
2.341279140718517592e+05 2.521161024268712804e-40
2.451719049352414440e+05 2.462961408474262857e-40
2.567368492042690923e+05 2.412611422057043001e-40
2.688473206452662707e+05 2.369610179210735874e-40
2.815290521877167048e+05 2.330021650812818736e-40
2.948089906028589467e+05 2.295979382671732463e-40
3.087153537615207024e+05 2.246227288468733043e-40
3.232776905928486376e+05 2.216009821431085885e-40
3.385269438713340787e+05 2.188134618719629268e-40
3.544955159655563766e+05 2.162608816808822814e-40
3.712173376883379533e+05 2.140743812555950430e-40
3.887279403946162201e+05 2.124365579190599481e-40
4.070645314802264911e+05 2.113374725474777644e-40
4.262660734420190565e+05 2.108552143796683213e-40
4.463733666673024418e+05 2.110899118486263081e-40
4.674291361285264720e+05 2.119885826814253392e-40
4.894781221674203407e+05 2.136852995009026861e-40
5.125671755614856957e+05 2.161877418942158099e-40
5.367453570748496568e+05 2.195322739852271119e-40
5.620640417050056858e+05 2.237631132116116229e-40
5.885770278469527839e+05 2.287238347933177051e-40
6.163406516066893237e+05 2.341117460321020314e-40
6.454139065069626085e+05 2.398763197756540974e-40
6.758585688396226615e+05 2.459292976214233379e-40
7.077393289309535176e+05 2.518847014703378637e-40
7.411239285988780903e+05 2.570618931504107972e-40
7.760833050941284746e+05 2.597125426304311564e-40
8.126917418312296504e+05 2.553736536594481613e-40
8.510270262295773719e+05 2.334576305957386432e-40
8.911706149999996414e+05 1.687885891772863438e-40
