1.056583745000000130e-01 3.251768031834960905e-36
1.106422423171853769e-01 3.772233247710398831e-36
1.158611974006354406e-01 4.274445693433266774e-36
1.213263287328005813e-01 4.727295234645524383e-36
1.270492483594758970e-01 5.151613893757947990e-36
1.330421160625124000e-01 5.497700339380216904e-36
1.393176651963313750e-01 5.666833645372404310e-36
1.458892297431378660e-01 5.687910730679435806e-36
1.527707726443187364e-01 5.596202474351146051e-36
1.599769154682230410e-01 5.458495098480850845e-36
1.675229694773603673e-01 5.292144568553403851e-36
1.754249681610288158e-01 5.097267324194294318e-36
1.836997013024942726e-01 4.898158444532238156e-36
1.923647506531074303e-01 4.702929914157220019e-36
2.014385272891554557e-01 4.519007519886787749e-36
2.109403107308232828e-01 4.336203745043503608e-36
2.208902899063825143e-01 4.138263716669194646e-36
2.313096060486458938e-01 3.957410843959819583e-36
2.422203976148333826e-01 3.802734129370290494e-36
2.536458473252906631e-01 3.650616062255410843e-36
2.656102314210088133e-01 3.503856987603023827e-36
2.781389712446025730e-01 3.366371190779422288e-36
2.912586872543450056e-01 3.236506831281637538e-36
3.049972555860260837e-01 3.110601205490185641e-36
3.193838672828117065e-01 2.987285401063524759e-36
3.344490903189564768e-01 2.870717006513519302e-36
3.502249345491511012e-01 2.767198512819819108e-36
3.667449197215083556e-01 2.666330966228981330e-36
3.840441466986965757e-01 2.564572964795121878e-36
4.021593720385494564e-01 2.467326015619770637e-36
4.211290860926152901e-01 2.374936639426546424e-36
4.409935947885887941e-01 2.284455599226546174e-36
4.617951052703890835e-01 2.197470055036413485e-36
4.835778155778510667e-01 2.113424029921119232e-36
5.063880085565747313e-01 2.032238745847078999e-36
5.302741501974694849e-01 1.954347173758339257e-36
5.552869926149391899e-01 1.880367510167390605e-36
5.814796818825112013e-01 1.808170622740068876e-36
6.089078709550340696e-01 1.737648736733295889e-36
6.376298379173751529e-01 1.672705606131834044e-36
6.677066098108659364e-01 1.610094107450209101e-36
6.992020923005982658e-01 1.543340835538520454e-36
7.321832054590791117e-01 1.479218509868945574e-36
7.667200259547524155e-01 1.419594745036296878e-36
8.028859359475039037e-01 1.363033304632795384e-36
8.407577790075115853e-01 1.308560797961775654e-36
8.804160233887345921e-01 1.255172569125510675e-36
9.219449330039534152e-01 1.204548106969485517e-36
9.654327464646418333e-01 1.156906332093706526e-36
1.010971864566085010e+00 1.110278272416181673e-36
1.058659046616106103e+00 1.065195827086861317e-36
1.108595616024545372e+00 1.022025545479004972e-36
1.160887675590325907e+00 9.810095589383924947e-37
1.215646332943527863e+00 9.411249504412746017e-37
1.272987936621489347e+00 9.024352379057880287e-37
1.333034323280533506e+00 8.653631279666831716e-37
1.395913076568577882e+00 8.299958149909219046e-37
1.461757798208682013e+00 7.962594609591753098e-37
1.530708391869500140e+00 7.640899840763512956e-37
1.602911360425806508e+00 7.333369493685932490e-37
1.678520117240696052e+00 7.034633594566549582e-37
1.757695312130847176e+00 6.738481475595152706e-37
1.840605172707460380e+00 6.453565687169258747e-37
1.927425861818114594e+00 6.188723532160590070e-37
2.018341851849043245e+00 5.942881789573789528e-37
2.113546316683100112e+00 5.704408521506834831e-37
2.213241542146250573e+00 5.468484712505517122e-37
2.317639355814683277e+00 5.237268847353283897e-37
2.426961577095751554e+00 5.015736746989037550e-37
2.541440488539094211e+00 4.803494054134165935e-37
2.661319329379313814e+00 4.599921933742436319e-37
2.786852812358904696e+00 4.402230562613431530e-37
2.918307664929518097e+00 4.212837856512321542e-37
3.055963195981508118e+00 4.031289076021235706e-37
3.200111889305909507e+00 3.857613514178999985e-37
3.351060025049791502e+00 3.692387433647597918e-37
3.509128330485459024e+00 3.535644950504368339e-37
3.674652661476184523e+00 3.386535411803196294e-37
3.847984716086447321e+00 3.243306103636836386e-37
4.029492781852919592e+00 3.105486063617372836e-37
4.219562518303932031e+00 2.974221120507894430e-37
4.418597776390140730e+00 2.848816457458816989e-37
4.627021456567404378e+00 2.729540586469609183e-37
4.845276407355167514e+00 2.612764733979192114e-37
5.073826366279484468e+00 2.497998586322437804e-37
5.313156945200010917e+00 2.387722239806747415e-37
5.563776662114522154e+00 2.283512949716849772e-37
5.826218021633255972e+00 2.184540868683157982e-37
6.101038646418881051e+00 2.088427365574798510e-37
6.388822461996046975e+00 1.995343373977376537e-37
6.690180937448016785e+00 1.906225830409504103e-37
7.005754384636477816e+00 1.820980023667038200e-37
7.336213318705114617e+00 1.740253154931439123e-37
7.682259882757652925e+00 1.664479593435934009e-37
8.044629339737420892e+00 1.593251923171912364e-37
8.424091634678392282e+00 1.524591106039878007e-37
8.821453030647004923e+00 1.456921744292880627e-37
9.237557821850788997e+00 1.390795576369969733e-37
9.673290127553745066e+00 1.328722627088553120e-37
1.012957577061000869e+01 1.270812052430628544e-37
1.060738424460734208e+01 1.216074538259301822e-37
1.110773077380004104e+01 1.163309956919136267e-37
1.163167847020815948e+01 1.112730281493298210e-37
1.218034059246633660e+01 1.063730505924075764e-37
1.275488291122166906e+01 1.016218413400230136e-37
1.335652618610666131e+01 9.708315727651191975e-38
1.398654875955001664e+01 9.282376795864180951e-38
1.464628927293653504e+01 8.881247371119481922e-38
1.533714951088743383e+01 8.493538183360772142e-38
1.606059737970424450e+01 8.116882598801071482e-38
1.681817002630481639e+01 7.755443266445109318e-38
1.761147710427857049e+01 7.413042265790086995e-38
1.844220419400027211e+01 7.089453978439916366e-38
1.931211638406941589e+01 6.776460244020652077e-38
2.022306202168473988e+01 6.472333597758159120e-38
2.117697663992276347e+01 6.181061521178920818e-38
2.217588707026446215e+01 5.908023059781517836e-38
2.322191574910834788e+01 5.651318775921555789e-38
2.431728522742045939e+01 5.402169299938643210e-38
2.546432289310267549e+01 5.158429957456582075e-38
2.666546591611362871e+01 4.923009691852161056e-38
2.792326642684901827e+01 4.700003103779985734e-38
2.924039693878458479e+01 4.489194378100573268e-38
3.061965602690293053e+01 4.289316660211897056e-38
3.206397427396972688e+01 4.099560148808645370e-38
3.357642049729390266e+01 3.918225344735954226e-38
3.516020826920161113e+01 3.742788786980787226e-38
3.681870274507878804e+01 3.573324259588704014e-38
3.855542781348982828e+01 3.412856904104634739e-38
4.037407358356519893e+01 3.261853876151591196e-38
4.227850422556611676e+01 3.118742680769963651e-38
4.427276618128580310e+01 2.980966191964719837e-38
4.636109676173290239e+01 2.848630375471900099e-38
4.854793315036404522e+01 2.722331987497343231e-38
5.083792183099598105e+01 2.602173985868598703e-38
5.323592846042870264e+01 2.487337501448945013e-38
5.574704820675710693e+01 2.376182566312511415e-38
5.837661657533676163e+01 2.268679029147203721e-38
6.113022074540648987e+01 2.166597047846407798e-38
6.401371144145602443e+01 2.070339421137944560e-38
6.703321536456115837e+01 1.978993701558182286e-38
7.019514821010099581e+01 1.890974000077255613e-38
7.350622829951574033e+01 1.806248551463718259e-38
7.697349085507053701e+01 1.724669650843153622e-38
8.060430294795395412e+01 1.646158025425068778e-38
8.440637915147311787e+01 1.571035435018574945e-38
8.838779793260503936e+01 1.500266245962856749e-38
9.255701881673090270e+01 1.433628196995457303e-38
9.692290036202510350e+01 1.370024456051307195e-38
1.014947189816893598e+02 1.308879651979069702e-38
1.062821886540257594e+02 1.250105537555123419e-38
1.112954815622261719e+02 1.193546394736906755e-38
1.165452497077329213e+02 1.139171128627987924e-38
1.220426475430952280e+02 1.087201879632118215e-38
1.277993556724081543e+02 1.037729451731136412e-38
1.338276056696929288e+02 9.906613470559982035e-39
1.401402060679524482e+02 9.458615826318391726e-39
1.467505695741200498e+02 9.032118321472445772e-39
1.536727415677285080e+02 8.623539989146071384e-39
1.609214299438500007e+02 8.229947990442066624e-39
1.685120363637187779e+02 7.851580661721086500e-39
1.764606889794328595e+02 7.494764730091128829e-39
1.847842767022683006e+02 7.158883473742293933e-39
1.935004850874191220e+02 6.838557640808287854e-39
2.026278339114059861e+02 6.530566131614075397e-39
2.121857165219988417e+02 6.236107217367930637e-39
2.221944410442600031e+02 5.957025408897075204e-39
2.326752735302639508e+02 5.692756166125198552e-39
2.436504831441720853e+02 5.441669930659133035e-39
2.551433894786709118e+02 5.202258477600297842e-39
2.671784121033123256e+02 4.973240463852272283e-39
2.797811224500286471e+02 4.751932847737055268e-39
2.929782981460708129e+02 4.537736194789859412e-39
3.067979799098096123e+02 4.333911165508057928e-39
3.212695311302949790e+02 4.142903026048502189e-39
3.364237002571590551e+02 3.962516639532175729e-39
3.522926861334282762e+02 3.787843463056841619e-39
3.689102064100644611e+02 3.618089857471791601e-39
3.863115691875916013e+02 3.453462312897782698e-39
4.045337480370347976e+02 3.294404670584448618e-39
4.236154605595679072e+02 3.142009186599285798e-39
4.435972506517955480e+02 2.999384778643795687e-39
4.645215746514557509e+02 2.866292888385293717e-39
4.864328915465840737e+02 2.739715551601055771e-39
5.093777574398164916e+02 2.616335417103966458e-39
5.334049244685345457e+02 2.496346266041873820e-39
5.585654443910416376e+02 2.382628959002647493e-39
5.849127770588590920e+02 2.275452236993671943e-39
6.125029040056271015e+02 2.173715368747993930e-39
6.413944473939486670e+02 2.076143836994059495e-39
6.716487945729135163e+02 1.982622099624804529e-39
7.033302285109613194e+02 1.893791354040242209e-39
7.365060643812120134e+02 1.809385562229737518e-39
7.712467925894749214e+02 1.729103447252217184e-39
8.076262285488469388e+02 1.652672548655492174e-39
8.457216695191164035e+02 1.580049583139725594e-39
8.856140588442302715e+02 1.510871959382334518e-39
9.273881579367791801e+02 1.444916751489784880e-39
9.711327263749384429e+02 1.382065237263062514e-39
1.016940710494508949e+03 1.322198582172769311e-39
1.064909440876776671e+03 1.265027532114621361e-39
1.115140839151815726e+03 1.210129651573971770e-39
1.167741634556610279e+03 1.157128344909925127e-39
1.222823590708171423e+03 1.106009412833462323e-39
1.280503743073428041e+03 1.056790103026530325e-39
1.340904647640525809e+03 1.009489410275768155e-39
1.404154641319824805e+03 9.643797652556615636e-40
1.470388114627945470e+03 9.214708623462082943e-40
1.539745797234222891e+03 8.805246033379526550e-40
1.612375056976262613e+03 8.411517654462224785e-40
1.688430212979975295e+03 8.032059477967884780e-40
1.768072863549377189e+03 7.669748596671302641e-40
1.851472229522801854e+03 7.323424699029309670e-40
1.938805513825134994e+03 6.993308653181727664e-40
2.030258277979999093e+03 6.681375516803855678e-40
2.126024836381850037e+03 6.389649520230036801e-40
2.226308669165781339e+03 6.108300938200680032e-40
2.331322854552253375e+03 5.833087746492327025e-40
2.441290521585328406e+03 5.566699888845314577e-40
2.556445324226442608e+03 5.324356662709624517e-40
2.677031937811023454e+03 5.082923664445622485e-40
2.803306578922725748e+03 4.857844747446404547e-40
2.935537549790039520e+03 4.636648983168859536e-40
3.074005808361801428e+03 4.429281360608716433e-40
3.219005565273023421e+03 4.229329967079985958e-40
3.370844908969391781e+03 4.036587452378191847e-40
3.529846460318603476e+03 3.857884855828768341e-40
3.696348058099544687e+03 3.686230367297914254e-40
3.870703476825755388e+03 3.517242190484930661e-40
4.053283178428298470e+03 3.352494429016414903e-40
4.244475099395311190e+03 3.199307586214414990e-40
4.444685475040654637e+03 3.048946896145407528e-40
4.654339702652936467e+03 2.906149160120676646e-40
4.873883245359052125e+03 2.765842974021861923e-40
5.103782578622638539e+03 2.633535193410683576e-40
5.344526181388438090e+03 2.505953988683097888e-40
5.596625573978722969e+03 2.379728562507465879e-40
5.860616404946785224e+03 2.257957368250092018e-40
6.137059589197003334e+03 2.142238860122328962e-40
6.426542499789654357e+03 2.033266476661008561e-40
6.729680215962604052e+03 1.926124250986503994e-40
7.047116830021853275e+03 1.813254925285937708e-40
7.379526815877654371e+03 1.703183642105559618e-40
7.727616462133851201e+03 1.599435004031329954e-40
8.092125372775663891e+03 1.495901750784291249e-40
8.473828038644393018e+03 1.394554606138939859e-40
8.873535483037865561e+03 1.296315736139257963e-40
9.292096984933426938e+03 1.199915701381173832e-40
9.730401883494738286e+03 1.102393804040604533e-40
1.018938146769634841e+04 9.993130664458420380e-41
1.067001095508144681e+04 8.975690398628960692e-41
1.117331156385663417e+04 7.948695425021051819e-41
1.170035268272685425e+04 6.937223526053791242e-41
1.225225414308068321e+04 5.923607010571323792e-41
1.283018859835357762e+04 4.938158027046202029e-41
1.343538401562503350e+04 3.984408493021876358e-41
1.406912628474352641e+04 3.087094077312258713e-41
1.473276195052268667e+04 2.269738043452987935e-41
1.542770107381443449e+04 1.543983389410669560e-41
1.615542022753793935e+04 9.519864040261002987e-42
1.691746563402990796e+04 5.099783656565525421e-42
1.771545645038284056e+04 2.500622541095410391e-42
1.855108820875154197e+04 1.328529298210223014e-42
1.942613641893733438e+04 6.358975726426020943e-43
2.034246034090522153e+04 2.155574145968293111e-43
2.130200693524932649e+04 3.809662898341043419e-44
2.230681499999998778e+04 1.272164334620343059e-45
