1.056583745000000130e-01 5.583154716648126509e-36
1.106426175250672522e-01 6.447906081551509771e-36
1.158619832145753453e-01 7.301088582044531402e-36
1.213275630556480134e-01 8.095522901548126046e-36
1.270509717562855745e-01 8.844168766089305659e-36
1.330443719273650682e-01 9.447861147604581380e-36
1.393204999289691659e-01 9.721757683743361416e-36
1.458926929359687374e-01 9.769275710520708308e-36
1.527749172803758160e-01 9.671171185569204415e-36
1.599817981306953518e-01 9.488098942150626150e-36
1.675286505713471930e-01 9.255904693341284501e-36
1.754315121482037110e-01 8.997848940705373107e-36
1.837071769494039442e-01 8.717252077634886297e-36
1.923732312938692124e-01 8.413496820498794511e-36
2.014480911033594279e-01 8.117578674311910382e-36
2.109510410374891287e-01 7.833952839099483573e-36
2.209022754748670991e-01 7.562743273706249850e-36
2.313229414274470541e-01 7.302670356300790235e-36
2.422351834792854097e-01 7.051444300739803566e-36
2.536621908452042495e-01 6.801671321825979944e-36
2.656282466493609662e-01 6.556864178530334548e-36
2.781587795284459208e-01 6.314753646228827518e-36
2.912804176691677904e-01 6.084157446803162678e-36
3.050210453948594691e-01 5.864499394116273249e-36
3.194098624214554150e-01 5.656732212114903300e-36
3.344774459087617724e-01 5.456768413204219312e-36
3.502558154388840661e-01 5.258682197684080999e-36
3.667785010598945683e-01 5.066366895497764547e-36
3.840806145393367288e-01 4.882042516849184959e-36
4.021989239789849346e-01 4.708492038211793590e-36
4.211719319494207636e-01 4.545437511944624313e-36
4.410399573104677451e-01 4.387570006984411603e-36
4.618452208913556012e-01 4.227848670711162566e-36
4.836319352126929871e-01 4.063951605086947007e-36
5.064463984409119934e-01 3.908693162445179253e-36
5.303370927748431995e-01 3.763300277773830422e-36
5.553547874735009771e-01 3.627067476588082810e-36
5.815526467440172986e-01 3.493057464387644542e-36
6.089863427189941003e-01 3.359828423132691935e-36
6.377141737633602592e-01 3.234484238679071449e-36
6.677971883621373062e-01 3.114247853881852629e-36
6.992993148523901636e-01 2.992032242668497670e-36
7.322874972750463840e-01 2.873665766261786846e-36
7.668318376352805110e-01 2.760829193386251714e-36
8.030057448737752956e-01 2.654716453239179787e-36
8.408860908654320898e-01 2.552371197381498578e-36
8.805533737770395719e-01 2.449750326793821402e-36
9.220918891310463383e-01 2.352627872875898056e-36
9.655899089389555767e-01 2.262220867027161637e-36
1.011139869285017090e+00 2.173697667480472882e-36
1.058838566758838695e+00 2.087532760210717179e-36
1.108787364154353750e+00 2.004193375437112780e-36
1.161092405872263589e+00 1.924559810401415541e-36
1.215864843483702717e+00 1.847982684408900708e-36
1.273221071934464321e+00 1.773662579455240191e-36
1.333282976891728255e+00 1.702319076070566417e-36
1.396178193758929709e+00 1.634094012159092243e-36
1.462040378909184257e+00 1.568497526885929450e-36
1.531009493713660019e+00 1.504864728023937322e-36
1.603232101968474987e+00 1.443288426416014481e-36
1.678861681352172619e+00 1.383919845356931099e-36
1.758058949575641572e+00 1.326152738173847438e-36
1.840992205917564961e+00 1.270596035388633247e-36
1.927837688871193000e+00 1.217197065772415081e-36
2.018779950662453082e+00 1.166057782598811122e-36
2.114012249435277102e+00 1.117498702875021694e-36
2.213736959937562254e+00 1.071466852795730732e-36
2.318166003580500067e+00 1.027292055374134175e-36
2.427521298785180193e+00 9.842290977942145360e-37
2.542035232573477188e+00 9.424062552937795117e-37
2.661951154405395314e+00 9.028747765632557668e-37
2.787523893312284340e+00 8.653741361844456351e-37
2.919020299424892606e+00 8.295540441494196034e-37
3.056719811047023949e+00 7.946988763338907109e-37
3.200915048479869629e+00 7.607449298689591757e-37
3.351912435858932060e+00 7.277494352515862698e-37
3.510032852324981967e+00 6.957296403472089243e-37
3.675612313912834939e+00 6.651963856301269895e-37
3.849002687606983830e+00 6.365554440254963517e-37
4.030572439081536729e+00 6.095424564475086657e-37
4.220707415713421007e+00 5.832408818105688886e-37
4.419811666532831751e+00 5.573670434333937540e-37
4.628308300853352542e+00 5.325777787571324842e-37
4.846640387406408124e+00 5.091762680905326840e-37
5.075271895890760554e+00 4.871046196459187196e-37
5.314688682937896758e+00 4.662687446092558084e-37
5.565399524588570124e+00 4.465872203822547983e-37
5.827937197474529540e+00 4.275567175954147638e-37
6.102859611003069951e+00 4.088641454717293258e-37
6.390750992950334997e+00 3.906805753314427334e-37
6.692223130982841717e+00 3.735370504953695577e-37
7.007916672745543529e+00 3.573261449633924078e-37
7.338502487279194852e+00 3.419321800690338263e-37
7.684683090660141325e+00 3.272156075595439339e-37
8.047194138892054482e+00 3.130813772853642600e-37
8.426805991222176218e+00 2.993092142969766334e-37
8.824325347204167613e+00 2.858964532611112398e-37
9.240596960986438901e+00 2.731277730609925980e-37
9.676505436468941568e+00 2.611154148183872167e-37
1.013297710714323685e+01 2.497563010831162260e-37
1.061098200461063712e+01 2.388546280443243723e-37
1.111153591996161261e+01 2.283379824651678797e-37
1.163570256239706779e+01 2.182301654356012620e-37
1.218459581967867322e+01 2.085110415078949230e-37
1.275938212521186088e+01 1.991969803599905668e-37
1.336128293679167101e+01 1.903468033619861365e-37
1.399157733227902511e+01 1.819374361969993708e-37
1.465160472772320510e+01 1.739011309407571628e-37
1.534276772370698971e+01 1.662031784562134253e-37
1.606653508596291147e+01 1.588470048690180229e-37
1.682444486659472460e+01 1.518831576792239213e-37
1.761810767253684418e+01 1.452621667428876721e-37
1.844921008819747499e+01 1.388561814072512835e-37
1.931951825955873758e+01 1.326160817945422721e-37
2.023088164735025885e+01 1.266108760699855590e-37
2.118523695727191836e+01 1.209402674501538438e-37
2.218461225561781092e+01 1.155820934653491109e-37
2.323113127904727548e+01 1.104603319197502065e-37
2.432701794766163061e+01 1.055471000096514722e-37
2.547460109097714920e+01 1.008289321370764283e-37
2.667631939683723630e+01 9.628850476841170613e-38
2.793472659378074141e+01 9.191623461178946110e-38
2.925249687787887964e+01 8.777769564836935142e-38
3.063243059557363068e+01 8.387486720884912134e-38
3.207746019459366948e+01 8.016626949039587576e-38
3.359065645559402924e+01 7.659718302502223311e-38
3.517523501776209827e+01 7.316594365794142577e-38
3.683456321225728658e+01 6.989330216882529810e-38
3.857216721800595138e+01 6.677750814221922219e-38
4.039173955505788882e+01 6.381759571148493581e-38
4.229714693142851445e+01 6.101672184063336875e-38
4.429243846010158592e+01 5.835701391755742913e-38
4.638185426365421193e+01 5.579090464277282874e-38
4.856983448478948873e+01 5.330775058809109011e-38
5.086102872192478941e+01 5.091835282093922023e-38
5.326030590988681013e+01 4.863416180891427139e-38
5.577276466671068533e+01 4.645528101256695713e-38
5.840374412853047659e+01 4.440564543350675094e-38
6.115883529558643517e+01 4.248183139064326903e-38
6.404389291345906088e+01 4.063385802096355534e-38
6.706504791477948402e+01 3.881884458873361744e-38
7.022872044785485457e+01 3.704999055575151232e-38
7.354163351989551245e+01 3.539454811036572096e-38
7.701082728383697429e+01 3.385382385667074183e-38
8.064367399911672862e+01 3.238269392404164656e-38
8.444789369819883973e+01 3.094717830685598674e-38
8.843157059213844207e+01 2.955342110596911358e-38
9.260317025004921732e+01 2.822502290692431975e-38
9.697155758898109923e+01 2.696164035722217111e-38
1.015460157124380913e+02 2.574828073947274952e-38
1.063362656375690989e+02 2.457461645579277406e-38
1.113524869529533419e+02 2.344214551330643832e-38
1.166053394508794554e+02 2.235980003090962488e-38
1.221059857800887443e+02 2.132650554346791017e-38
1.278661151671196592e+02 2.035021683661048304e-38
1.338979682566649672e+02 1.943487995065667727e-38
1.402143631237273951e+02 1.856996663921269799e-38
1.468287225128516695e+02 1.773079564795769755e-38
1.537551023623184676e+02 1.691600340338268203e-38
1.610082216739153580e+02 1.614678164523899735e-38
1.686034937917605419e+02 1.543092552522698860e-38
1.765570591566484211e+02 1.475703922693431405e-38
1.848858196055223573e+02 1.410025052236423616e-38
1.936074742889631466e+02 1.345969641328421670e-38
2.027405572830201095e+02 1.284585345507665139e-38
2.123044769753123546e+02 1.226233430930317575e-38
2.223195573090983999e+02 1.170797359405814656e-38
2.328070809729601081e+02 1.118234850666224518e-38
2.437893346278821127e+02 1.068354498119027572e-38
2.552896562678367332e+02 1.020208519854589860e-38
2.673324848145202850e+02 9.734622619456947153e-39
2.799434120516288544e+02 9.286542115763593445e-39
2.931492370090425084e+02 8.868460718950635688e-39
3.069780229124836524e+02 8.477983577499489805e-39
3.214591568196732396e+02 8.101835227296650498e-39
3.366234120697145045e+02 7.735897947259074019e-39
3.525030136784143906e+02 7.383338371892211553e-39
3.691317068185101675e+02 7.049840058800716666e-39
3.865448285303280045e+02 6.734308914148961858e-39
4.047793828152616697e+02 6.433805368364318773e-39
4.238741192716510682e+02 6.146873524355536266e-39
4.438696154401658873e+02 5.873141699704403080e-39
4.648083630336841452e+02 5.611660270978601278e-39
4.867348582349099502e+02 5.362093001618111993e-39
5.096956962536170295e+02 5.126168544458354359e-39
5.337396703444628656e+02 4.903530019614257402e-39
5.589178754957836190e+02 4.691483927762460136e-39
5.852838170097264765e+02 4.486686535940904675e-39
6.128935242044501592e+02 4.289237433290926965e-39
6.418056694800234254e+02 4.101467570746444670e-39
6.720816930010403212e+02 3.923470183840743759e-39
7.037859332609151579e+02 3.752865949020117336e-39
7.369857638053094888e+02 3.586250472163501156e-39
7.717517364052426956e+02 3.424159582003176576e-39
8.081577309841329679e+02 3.269822204403285496e-39
8.462811126173781986e+02 3.123585023849198628e-39
8.862028959381060531e+02 2.984396366564533321e-39
9.280079172984707157e+02 2.851230059915221782e-39
9.717850150523461252e+02 2.723765229252127243e-39
1.017627218342531478e+03 2.601393158206584176e-39
1.065631944793650064e+03 2.484142378616482494e-39
1.115901207530854890e+03 2.373146896302483558e-39
1.168541831964272660e+03 2.268673865717594895e-39
1.223665682799845627e+03 2.170028515182442219e-39
1.281389901759029271e+03 2.075358930271788801e-39
1.341837156512450520e+03 1.984114219000655039e-39
1.405135901356603199e+03 1.896689312722907080e-39
1.471420650187450065e+03 1.813355089126275064e-39
1.540832262351111467e+03 1.733957236495893324e-39
1.613518241978991682e+03 1.658509873229227003e-39
1.689633051443549448e+03 1.586902158500081248e-39
1.769338439600744550e+03 1.519145781270998083e-39
1.852803785516729477e+03 1.454605674337444012e-39
1.940206458409261586e+03 1.392898263251938510e-39
2.031732194568647401e+03 1.333044918696912656e-39
2.127575492059312182e+03 1.275143355840205300e-39
2.227940024040640765e+03 1.219474306279785020e-39
2.333039071585546480e+03 1.166144536934969115e-39
2.443095976916409654e+03 1.115192012365737888e-39
2.558344618021670613e+03 1.066930792253035539e-39
2.679029905661530393e+03 1.021144382743819082e-39
2.805408303819078810e+03 9.775331865408798548e-40
2.937748374702676301e+03 9.354057769629046096e-40
3.076331349457931537e+03 8.949677586758228929e-40
3.221451725801891371e+03 8.568861734391359531e-40
3.373417893849636130e+03 8.211859314277170760e-40
3.532552791463052472e+03 7.871141753723303529e-40
3.699194590514495758e+03 7.541954793366682734e-40
3.873697415523779000e+03 7.219822190380424472e-40
4.056432096195446775e+03 6.919386475823269178e-40
4.247786955455765565e+03 6.617732836303499206e-40
4.448168634663801640e+03 6.340842086009885213e-40
4.658002957750481983e+03 6.085387198124533221e-40
4.877735836121707507e+03 5.836019442730253908e-40
5.107834216248791563e+03 5.593263487276894760e-40
5.348787071959602144e+03 5.356180301057673489e-40
5.601106443539420980e+03 5.142473539343726709e-40
5.865328525849326979e+03 4.932626058292012422e-40
6.142014807774790825e+03 4.727576771391457979e-40
6.431753265425495556e+03 4.531205008252374795e-40
6.735159611622405464e+03 4.346850580272936235e-40
7.052878604326995628e+03 4.173748261867095961e-40
7.385585416793262993e+03 4.002949977161905942e-40
7.733987072354328120e+03 3.838235215976718204e-40
8.098823946892289314e+03 3.687618065441110584e-40
8.480871342184618698e+03 3.543442116701990827e-40
8.880941133470074419e+03 3.397106695078502912e-40
9.299883494735833665e+03 3.258977328105403714e-40
9.738588705391654003e+03 3.124156786361502199e-40
1.019798904217090603e+04 2.993812762070229833e-40
1.067906076027831841e+04 2.866735612455600897e-40
1.118282616799512653e+04 2.745534143734552125e-40
1.171035579914961636e+04 2.623685267742161445e-40
1.226277068807040450e+04 2.505448756137512861e-40
1.284124475185616393e+04 2.390575005922933787e-40
1.344700728502500533e+04 2.278339382137195772e-40
1.408134557184402911e+04 2.169575765934274606e-40
1.474560762189121670e+04 2.060974274498102512e-40
1.544120503466223636e+04 1.958159007684458372e-40
1.616961599930987904e+04 1.850551192021696008e-40
1.693238843589111639e+04 1.740477442807424483e-40
1.773114328479632604e+04 1.623506974377209256e-40
1.856757795135194465e+04 1.506125722141451970e-40
1.944346991291545055e+04 1.381789732797690501e-40
2.036068049612914183e+04 1.250038472833520441e-40
2.132115883235844376e+04 1.110076910782165039e-40
2.232694599972146170e+04 9.646010463849418127e-41
2.338017936051069046e+04 8.133519805982094943e-41
2.448309710322543833e+04 6.598364732804377032e-41
2.563804299886566514e+04 5.116489008765765387e-41
2.684747138159620954e+04 3.679780394739047719e-41
2.811395236436403138e+04 2.371268172541759993e-41
2.944017730055361244e+04 1.414254845352687160e-41
3.082896450328522405e+04 8.260756778718798359e-42
3.228326523451161484e+04 5.073764983970674594e-42
3.380616997663893562e+04 2.609409705666129922e-42
3.540091500000001543e+04 8.660414214668691269e-43
