1.056583745000000130e-01 4.101274147287972147e-38
1.106356850985608653e-01 4.233962191568113870e-38
1.158474647670064139e-01 4.392125894148796755e-38
1.213047587764010393e-01 4.574782360950186990e-38
1.270191327138275317e-01 4.781294392231813515e-38
1.330026969932168734e-01 5.011314587947847817e-38
1.392681325208239562e-01 5.264747557225465170e-38
1.458287175697418891e-01 5.541728236901658626e-38
1.526983559204096175e-01 5.842615463785333278e-38
1.598916063267507848e-01 6.168000993413369582e-38
1.674237133703912750e-01 6.518735207667155895e-38
1.753106397683443229e-01 6.884903582979217477e-38
1.835691002026325902e-01 7.278599685713887055e-38
1.922165967435418565e-01 7.701848551695584804e-38
2.012714559415784699e-01 8.157225819640886294e-38
2.107528676667398126e-01 8.647609376774226559e-38
2.206809257774081379e-01 9.156894024742154804e-38
2.310766707050581070e-01 9.674367856640606381e-38
2.419621340450268387e-01 1.019759938883117318e-37
2.533603852478475971e-01 1.072404724669525666e-37
2.652955805100988829e-01 1.125109576887567838e-37
2.777930139683835176e-01 1.176682833398607401e-37
2.908791713049322936e-01 1.227751548785094992e-37
3.045817858784380938e-01 1.278061658763622431e-37
3.189298974990776858e-01 1.327358339175702086e-37
3.339539139722829120e-01 1.375600254631686788e-37
3.496856755416899443e-01 1.426225772926265217e-37
3.661585223678406331e-01 1.480738562137460378e-37
3.834073651856413911e-01 1.539346130234857934e-37
4.014687592903252167e-01 1.602289717656418097e-37
4.203809820087128779e-01 1.669847980012999267e-37
4.401841138199579229e-01 1.741582847724508390e-37
4.609201232976939400e-01 1.818595958721149493e-37
4.826329560536017915e-01 1.901317411956825634e-37
5.053686278708919843e-01 1.990227444911111448e-37
5.291753222250811239e-01 2.085480792600028250e-37
5.541034923987357974e-01 2.183937220538324499e-37
5.802059684065964396e-01 2.284675601025402248e-37
6.075380689576835858e-01 2.387442373210652795e-37
6.361577186916691495e-01 2.491963877629438480e-37
6.661255709379699796e-01 2.597949853695695641e-37
6.975051362577254777e-01 2.704474982123668931e-37
7.303629170410765870e-01 2.811832534826655728e-37
7.647685484449969762e-01 2.919719533929999709e-37
8.007949459703654904e-01 3.027824405473045528e-37
8.385184599910383563e-01 3.136243497455324522e-37
8.780190375624102872e-01 3.247109678888489494e-37
9.193803918523875129e-01 3.360842881382153500e-37
9.626901795538431728e-01 3.477438175028042162e-37
1.008040186654546533e+00 3.596905819785318766e-37
1.055526522958262214e+00 3.719275213912733261e-37
1.105249825769268890e+00 3.844075025105534431e-37
1.157315473171963705e+00 3.971895068047281778e-37
1.211833807357554083e+00 4.102860414333814975e-37
1.268920368471128324e+00 4.237122497890584058e-37
1.328696139474694560e+00 4.372693896362875284e-37
1.391287802545133623e+00 4.501297723331843206e-37
1.456828007550429183e+00 4.621173968748280565e-37
1.525455653173171555e+00 4.731236373225366475e-37
1.597316181277107727e+00 4.830491594935608431e-37
1.672561885140583904e+00 4.918059726084937355e-37
1.751352232210130255e+00 4.992729810956830742e-37
1.833854202058178062e+00 5.054351726207618323e-37
1.920242640261147660e+00 5.102498984743117086e-37
2.010700628947887036e+00 5.136903369333472152e-37
2.105419874803739599e+00 5.163095259602244780e-37
2.204601115352554430e+00 5.194894351607616516e-37
2.308454544377656514e+00 5.232978463993575245e-37
2.417200257383366413e+00 5.277412128219186411e-37
2.531068718041145971e+00 5.328351086686853471e-37
2.650301246608885108e+00 5.386046796177776184e-37
2.775150531358437700e+00 5.450428464040734604e-37
2.905881164095287961e+00 5.522374847871839071e-37
3.042770200905235534e+00 5.602490287308716031e-37
3.186107749316513971e+00 5.691506570427808458e-37
3.336197583121689902e+00 5.787336628897634047e-37
3.493357786162335721e+00 5.885123417329569157e-37
3.657921426440852386e+00 5.984246178696506842e-37
3.830237261988057362e+00 6.084219778544377077e-37
4.010670479982488601e+00 6.184687461885245731e-37
4.199603470687848450e+00 6.285436705019809655e-37
4.397436637848748830e+00 6.386011406240213628e-37
4.604589247262253160e+00 6.486925418951606029e-37
4.821500315323572927e+00 6.588505523357423092e-37
5.048629539428987734e+00 6.691267842294472535e-37
5.286458272207828379e+00 6.792762776429281820e-37
5.535490541648145246e+00 6.889293686070885763e-37
5.796254119278033912e+00 6.980103155312099458e-37
6.069301638666422249e+00 7.064532032464094652e-37
6.355211766613706459e+00 7.142042066897658696e-37
6.654590429514344763e+00 7.212227290824089410e-37
6.968072097490446204e+00 7.274434219544179227e-37
7.296321129017758977e+00 7.328925337316173701e-37
7.640033178893781418e+00 7.375755984073272403e-37
7.999936672531806181e+00 7.415207738698659206e-37
8.376794349705404485e+00 7.458606326578550567e-37
8.771404881014998267e+00 7.513587108089288767e-37
9.184604560502251047e+00 7.580065038527265024e-37
9.617269077999424098e+00 7.658145933465355704e-37
1.007031537496983731e+01 7.748108709815477019e-37
1.054470358777248684e+01 7.850413055101522215e-37
1.104143908246913952e+01 7.949678756562737806e-37
1.156157458548634764e+01 8.023468426370544925e-37
1.210621241464765241e+01 8.076816948423902593e-37
1.267650681530450818e+01 8.155798056022616113e-37
1.327366640651650798e+01 8.272715956497200732e-37
1.389895674246536039e+01 8.401052032533534529e-37
1.455370299453089977e+01 8.497687438525164207e-37
1.523929275971308073e+01 8.561444591145399586e-37
1.595717900135207579e+01 8.621572529478925234e-37
1.670888312837858791e+01 8.685416089244592893e-37
1.749599821962005208e+01 8.751516588303291775e-37
1.832019239999632987e+01 8.818851507441836690e-37
1.918321237575959515e+01 8.886326002039814695e-37
2.008688713627098821e+01 8.933354107078609345e-37
2.103313183015900378e+01 8.954396971288583632e-37
2.202395182407417096e+01 8.955226783648850883e-37
2.306144695264212885e+01 8.944737116042500320e-37
2.414781596862140844e+01 8.926168305213325395e-37
2.528536120269761867e+01 8.926021268186651659e-37
2.647649344278926620e+01 8.950758552772741574e-37
2.772373704320564869e+01 8.982659568963594818e-37
2.902973527448507696e+01 8.996714192159414114e-37
3.039725592525101661e+01 8.998243187481227305e-37
3.182919716795790421e+01 9.002038025512100904e-37
3.332859370095830087e+01 9.011755952690491723e-37
3.489862317990802154e+01 9.029211814569045421e-37
3.654261295213885319e+01 9.054746756511281141e-37
3.826404710827182498e+01 9.077952902481260419e-37
4.006657386601438731e+01 9.080384313510589031e-37
4.195401330179078059e+01 9.057473999084955575e-37
4.393036544659089060e+01 9.016434109236587379e-37
4.599981876319444041e+01 8.971083997423470217e-37
4.816675902273749443e+01 8.927722209921144546e-37
5.043577859943181352e+01 8.877391070151072767e-37
5.281168620313639650e+01 8.817795935201247675e-37
5.529951707040704889e+01 8.757359418498533478e-37
5.790454363562110984e+01 8.707284616981003771e-37
6.063228670479355031e+01 8.660684170229514033e-37
6.348852715576463623e+01 8.595440198454281452e-37
6.647931818955446204e+01 8.506457338278541683e-37
6.961099815884988118e+01 8.407168172208005479e-37
7.289020400081032847e+01 8.318544619005009683e-37
7.632388530266010207e+01 8.239985668558423744e-37
7.991931902987758463e+01 8.151756567125825223e-37
8.368412494819291680e+01 8.049091015677383629e-37
8.762628177207936631e+01 7.935294860167510851e-37
9.175414407396111471e+01 7.815895000248911916e-37
9.607645998997209347e+01 7.694589509539671035e-37
1.006023897597917056e+02 7.578020352057647860e-37
1.053415251398458850e+02 7.467636690947008088e-37
1.103039097310181660e+02 7.358424960057706277e-37
1.155000602639501324e+02 7.243539317812579298e-37
1.209409888870398220e+02 7.122037164418701911e-37
1.266382265043749697e+02 6.996958637237336817e-37
1.326038472130598223e+02 6.869292412292225369e-37
1.388504938917242839e+02 6.740747480148034375e-37
1.453914049944469298e+02 6.613274976971044549e-37
1.522404426068750638e+02 6.484892264415495082e-37
1.594121218239993425e+02 6.352024196093908933e-37
1.669216415118464454e+02 6.214126477802038053e-37
1.747849165182785498e+02 6.073269326930324323e-37
1.830186114011672487e+02 5.932979686859512056e-37
1.916401757454202084e+02 5.792354830494612577e-37
2.006678811437057846e+02 5.646620633199565322e-37
2.101208599192530357e+02 5.495064639337545630e-37
2.200191456727862374e+02 5.340862508806642282e-37
2.303837157395294639e+02 5.189061958016143489e-37
2.412365356462581758e+02 5.042330382886034201e-37
2.526006056626129350e+02 4.900091093927655357e-37
2.645000095453349331e+02 4.762029534398633384e-37
2.769599655787249048e+02 4.625365125860061708e-37
2.900068800194921437e+02 4.486437568332385134e-37
3.036684030592637100e+02 4.345552393343514800e-37
3.179734874233519690e+02 4.210099133073819078e-37
3.329524497299657355e+02 4.081668993986600218e-37
3.486370347399098932e+02 3.957380618399479671e-37
3.650604826329284833e+02 3.832981504598732927e-37
3.822575994532765549e+02 3.708064054906084600e-37
4.002648308738132528e+02 3.582793588199198224e-37
4.191203394349388986e+02 3.457467481301426345e-37
4.388640854220774372e+02 3.334869576257156500e-37
4.595379115530959098e+02 3.219509266103124683e-37
4.811856316551471764e+02 3.111370286028453443e-37
5.038531235188647770e+02 3.005245896143877966e-37
5.275884261266902513e+02 2.899882233611821489e-37
5.524418414613959385e+02 2.795926022389477550e-37
5.784660411105614912e+02 2.694288175656355416e-37
6.057161778929246339e+02 2.595374461732151475e-37
6.342500027431846092e+02 2.501271038250842959e-37
6.641279871029660171e+02 2.412277573169842260e-37
6.954134510773187685e+02 2.326684978246336352e-37
7.281726976283713384e+02 2.242145974151997377e-37
7.624751530905114123e+02 2.158247280526863293e-37
7.983935143049047838e+02 2.075752924221524345e-37
8.360039026851658264e+02 1.994921049416499372e-37
8.753860255406810893e+02 1.916281578462328766e-37
9.166233449994971352e+02 1.840562076802333144e-37
9.598032548887442772e+02 1.767545839875709753e-37
1.005017265947478450e+03 1.696549666696698005e-37
1.052361199764452749e+03 1.627405072247210116e-37
1.101935391851817485e+03 1.559932872741247433e-37
1.153844904285149596e+03 1.494060613657320243e-37
1.208199748360419107e+03 1.430401698850630147e-37
1.265115117739804418e+03 1.370795378046877366e-37
1.324711632580432934e+03 1.315459335258703812e-37
1.387115595163438229e+03 1.263255601522667641e-37
1.452459257565097460e+03 1.212604957106195140e-37
1.520881101937278572e+03 1.163326460774113691e-37
1.592526133991253573e+03 1.115206462553512234e-37
1.667546190306807148e+03 1.068213136092235066e-37
1.746100260117937296e+03 1.022802728555528686e-37
1.828354822257116439e+03 9.797060600503826576e-38
1.914484197972150469e+03 9.387648872319588372e-38
2.004670920363418418e+03 8.987747070892493396e-38
2.099106121224393519e+03 8.594638258239050856e-38
2.197989936105288052e+03 8.215820529043334209e-38
2.301531928458260609e+03 7.861931636909228584e-38
2.409951533763106454e+03 7.529821783807648544e-38
2.523478524574583844e+03 7.210681909482315148e-38
2.642353497477047767e+03 6.902047909667552060e-38
2.766828382978309492e+03 6.605336776349523914e-38
2.897166979423368502e+03 6.323227623616422957e-38
3.033645512059553766e+03 6.055528034500871789e-38
3.176553218437818032e+03 5.799461612489394393e-38
3.326192961390926484e+03 5.553938703754848876e-38
3.482881870887538753e+03 5.318180440861672987e-38
3.646952016122485020e+03 5.091245056087034897e-38
3.818751109267623178e+03 4.873074143055894436e-38
3.998643242374629153e+03 4.664902181690725688e-38
4.187009658991563811e+03 4.466675096502612334e-38
4.384249562128399702e+03 4.276517825915542477e-38
4.590780960283845161e+03 4.091648608698696413e-38
4.807041553326494068e+03 3.911098938436203609e-38
5.033489660107604323e+03 3.737037025194114220e-38
5.270605189771560617e+03 3.569914669175429941e-38
5.518890658822383557e+03 3.408914653129192652e-38
5.778872256101786661e+03 3.253121558688214314e-38
6.051100957935766928e+03 3.103529995444050660e-38
6.336153695813120066e+03 2.961925044168368480e-38
6.634634579070332620e+03 2.828374912328701770e-38
6.947176175174343371e+03 2.702133408144819781e-38
7.274440850316254910e+03 2.582551942929408490e-38
7.617122173157178622e+03 2.469714492808733223e-38
7.975946384701227544e+03 2.362383326210982251e-38
8.351673937410518192e+03 2.260015876332348108e-38
8.745101106824316957e+03 2.162393170379473892e-38
9.157061679097585511e+03 2.069054908691634566e-38
9.588428718035404017e+03 1.978699193961646123e-38
1.004011641536810384e+04 1.890994740601171552e-38
1.051308202818847531e+04 1.805890418922842416e-38
1.100832790765676509e+04 1.723672877449331344e-38
1.152690362327326511e+04 1.644908033432213487e-38
1.206990818722013864e+04 1.569824163522187834e-38
1.263849238348661493e+04 1.498455596815351250e-38
1.323386120671376921e+04 1.430658479999095307e-38
1.385727641592712098e+04 1.365988610008003078e-38
1.451005920856966623e+04 1.303953078390712679e-38
1.519359302050200677e+04 1.244857738097012899e-38
1.590932645790371316e+04 1.188548686860881914e-38
1.665877636728963989e+04 1.134873838830710977e-38
1.744353105014695029e+04 1.083971740980893913e-38
1.826525362900625623e+04 1.036099911473868192e-38
1.912568557208006678e+04 9.907336955317673104e-39
2.002665038393842769e+04 9.472525505707255568e-39
2.097005747004356454e+04 9.054518145666903292e-39
2.195790618333300517e+04 8.655706790959368096e-39
2.299229006142786238e+04 8.280441364434775504e-39
2.407540126344556120e+04 7.927045212275017695e-39
2.520953521582009489e+04 7.588209683314070709e-39
2.639709547697563175e+04 7.261574308505226522e-39
2.764059883116337369e+04 6.947068525360078220e-39
2.894268062225622270e+04 6.644864680785630024e-39
3.030610033880617630e+04 6.354359712366658322e-39
3.173374746219997542e+04 6.074164041426689589e-39
3.322864759030724235e+04 5.803737276342018298e-39
3.479396884959919407e+04 5.542359955246069601e-39
3.643302860932611657e+04 5.288844838266525187e-39
3.814930051198416186e+04 5.042998478279817248e-39
3.994642183497008955e+04 4.809169994524435147e-39
4.182820119902589795e+04 4.588061707375847558e-39
4.379862663980948128e+04 4.378054473255710363e-39
4.586187405969795509e+04 4.177316520132618570e-39
4.802231607773410360e+04 3.986452653093602519e-39
5.028453129647331662e+04 3.803135181064841220e-39
5.265331400536879664e+04 3.626538711449593214e-39
5.513368434125981730e+04 3.459075161130146818e-39
5.773089892749654973e+04 3.304782273266796490e-39
6.045046201424719766e+04 3.161803369590912278e-39
6.329813714359924779e+04 3.024043603167314495e-39
6.627995936417483608e+04 2.889763982675250111e-39
6.940224802114709746e+04 2.759404748715002898e-39
7.267162014876397734e+04 2.633609589126505255e-39
7.609500449376006145e+04 2.512262599552809665e-39
7.967965619937882002e+04 2.398577146942944951e-39
8.343317218112295086e+04 2.293050298184149231e-39
8.736350722681911429e+04 2.192229442686362044e-39
9.147899085511869635e+04 2.090711897539888672e-39
9.578834496816003229e+04 1.989740542283735999e-39
1.003007023358065489e+05 1.895448517806797824e-39
1.050256259506319038e+05 1.809095273223694706e-39
1.099731292946718168e+05 1.728676207119876533e-39
1.151536975608933571e+05 1.651278137140089921e-39
1.205783098743575392e+05 1.576739492188756935e-39
1.262584625601647422e+05 1.505508361192678306e-39
1.322061935074992653e+05 1.437606672278014036e-39
1.384341076814038388e+05 1.373475080908872322e-39
1.449554038363521395e+05 1.314011104856953564e-39
1.517839024882346857e+05 1.258684241699012441e-39
1.589340752040341322e+05 1.204694880485352424e-39
1.664210752712698304e+05 1.151274152401770310e-39
1.742607698122036236e+05 1.099499359875893508e-39
1.824697734108692675e+05 1.051133198137257695e-39
1.910654833241888264e+05 1.005796107070261592e-39
2.000661163518021931e+05 9.623476035111582982e-40
2.094907474427408597e+05 9.204177570068184467e-40
2.193593501207727531e+05 8.797643965505573746e-40
2.296928388140854659e+05 8.400015509872725411e-40
2.405131131790184008e+05 8.013200919216806402e-40
2.518431045117811591e+05 7.648202617614834342e-40
2.637068243465110427e+05 7.307076989057344792e-40
2.761294153426721459e+05 6.984323134430891176e-40
2.891372045696349815e+05 6.671418431227000903e-40
3.027577593013627920e+05 6.367682563354127846e-40
3.170199454394546920e+05 6.075417010075754675e-40
3.319539886883501313e+05 5.795076697303213786e-40
3.475915386123562348e+05 5.527413698059814786e-40
3.639657357102433452e+05 5.274145824909290368e-40
3.811112816495623556e+05 5.034668818977775860e-40
3.990645128095352557e+05 4.808446798191379723e-40
4.178634772883654805e+05 4.594760481643433913e-40
4.375480155381838558e+05 4.391667839871423050e-40
4.581598447985089733e+05 4.196477987313940383e-40
4.797426475071634050e+05 4.009911406841922940e-40
5.023421638760145870e+05 3.832371712438924640e-40
5.260062888277390739e+05 3.663608068175624653e-40
5.507851734990339028e+05 3.503415551173003908e-40
5.767313315254091285e+05 3.351656338016095871e-40
6.038997503327943850e+05 3.206939710908451737e-40
6.323480076718239579e+05 3.068090671964474833e-40
6.621363936417768709e+05 2.934650281267529998e-40
6.933280384627569001e+05 2.805698296762756553e-40
7.259890462669240078e+05 2.679673327143420738e-40
7.601886351923004258e+05 2.556933136314840081e-40
7.959992840760590043e+05 2.441017754855852173e-40
8.334968860581760528e+05 2.332647299541975628e-40
8.727609094209891045e+05 2.230529882676631412e-40
9.138745660055008484e+05 2.132810248911815915e-40
9.569249875613843324e+05 2.039377243145468040e-40
1.002003410404402995e+06 1.948891595520564031e-40
1.049205368772594258e+06 1.860935329910706841e-40
1.098630897291006288e+06 1.776575802623869500e-40
1.150384742974038236e+06 1.697696322278622819e-40
1.204576587214718107e+06 1.623663267144146716e-40
1.261321278231350239e+06 1.552771134018003586e-40
1.320739074464160716e+06 1.484434486529278108e-40
1.382955899437783286e+06 1.418936977994869992e-40
1.448103608629674884e+06 1.356890454000540427e-40
1.516320268910084153e+06 1.298147088883239604e-40
1.587750451145746512e+06 1.241727448071470717e-40
1.662545536587432725e+06 1.187276917845958597e-40
1.740864037690690951e+06 1.135376656103425554e-40
1.822871934049643343e+06 1.087189072595017410e-40
1.908743024155846564e+06 1.042538920039614138e-40
1.998659293727645185e+06 9.993079768623890542e-41
2.092811301390632987e+06 9.568156626338792498e-41
2.191398582526584156e+06 9.154598980271589030e-41
2.294630072146755178e+06 8.759260944027125711e-41
2.402724547685677651e+06 8.380279412032837214e-41
2.515911092653945554e+06 8.019841692344916422e-41
2.634429582132537384e+06 7.678004819099178617e-41
2.758531191137605347e+06 7.352582665837078857e-41
2.888478926933124196e+06 7.039972567411813604e-41
3.024548186419451144e+06 6.739317404971889116e-41
3.167027339779165573e+06 6.452227637409396948e-41
3.316218341617026832e+06 6.178783282152806109e-41
3.472437370889263228e+06 5.917382262153790838e-41
3.636015500978376716e+06 5.665714050247510886e-41
3.807299401333585382e+06 5.424281926199825615e-41
3.986652072163782082e+06 5.194689051729511927e-41
4.174453613740172237e+06 4.976967827390853253e-41
4.371102031938862056e+06 4.769745385108735570e-41
4.577014081730611622e+06 4.570662416766250096e-41
4.792626150405396707e+06 4.379575650599386811e-41
5.018395182403449900e+06 4.198564788536889272e-41
5.254799647712952457e+06 4.027880573184568286e-41
5.502340555886546150e+06 3.866263203277326394e-41
5.761542517825722694e+06 3.711873429624732177e-41
6.032954857583354227e+06 3.564378216021795847e-41
6.317152776540446095e+06 3.423771487994959990e-41
6.614738572424548678e+06 3.289813911684377096e-41
6.926342915753133595e+06 3.162340471052381656e-41
7.252626186407119036e+06 3.041028676334078104e-41
7.594279873167219572e+06 2.925654337001330527e-41
7.952028039178923704e+06 2.815146287940658506e-41
8.326628856452130713e+06 2.709004265099959697e-41
8.718876212647281587e+06 2.608209248335974286e-41
9.129601393553312868e+06 2.514709599159930227e-41
9.559674844823066145e+06 2.426468814765549436e-41
1.001000801669988409e+07 2.337767708995044318e-41
1.048155529564462788e+07 2.249544155488115400e-41
1.097531602695714310e+07 2.172836839918981780e-41
1.149233663267854787e+07 2.094829554973904355e-41
1.203371282926257141e+07 2.022897388252090914e-41
1.260059194971626252e+07 1.955268756588592456e-41
1.319417537513100728e+07 1.895504550797171372e-41
1.381572108075711876e+07 1.834050996928343103e-41
1.446654630201786757e+07 1.776237380781527061e-41
1.514803032611295022e+07 1.720090946418909669e-41
1.586161741512768529e+07 1.664111480279701808e-41
1.660881986684279330e+07 1.618514645914281573e-41
1.739122121973146126e+07 1.574811554281635148e-41
1.821047960893644020e+07 1.532852724727827490e-41
1.906833128033837304e+07 1.489867909725856042e-41
1.996659427016411722e+07 1.451329304832701310e-41
2.090717225793216750e+07 1.410809660723152808e-41
2.189205860090107098e+07 1.374742763987923006e-41
2.292334055857098475e+07 1.342582241449165946e-41
2.400320371619126573e+07 1.315010034809558000e-41
2.513393661664881185e+07 1.290082690367713315e-41
2.631793561055349186e+07 1.265342318218445454e-41
2.755770993479932472e+07 1.242736764975626191e-41
2.885588703036434203e+07 1.226715024382317056e-41
3.021521811061967909e+07 1.211345490167097443e-41
3.163858399194711074e+07 1.196933357875518979e-41
3.312900119902402908e+07 1.184880415545879939e-41
3.468962835771308094e+07 1.165573016391504850e-41
3.632377288910546154e+07 1.157723863577599583e-41
3.803489801890445501e+07 1.151476075108770744e-41
3.982663011700402945e+07 1.146908061007196136e-41
4.170276638281729072e+07 1.146152706200198744e-41
4.366728289264211804e+07 1.150406663567001352e-41
4.572434302611884475e+07 1.159448260093575377e-41
4.787830628963766992e+07 1.173595104060817098e-41
5.013373755539652705e+07 1.193229318561257758e-41
5.249541673568663001e+07 1.217610546483626655e-41
5.496834891291224211e+07 1.246350548958737534e-41
5.755777494681011140e+07 1.280035564738185030e-41
6.026918258134967089e+07 1.319435266695649017e-41
6.310831807485239208e+07 1.365647422622564076e-41
6.608119837797795981e+07 1.437617685850185332e-41
6.919412388538593054e+07 1.555701945010409614e-41
7.245369178809738159e+07 1.732526804581800650e-41
7.586681005485369265e+07 1.989182038963683989e-41
7.944071207210485637e+07 2.360322911898548882e-41
8.318297197364924848e+07 2.903933166488194397e-41
8.710152069241869450e+07 3.722618853110878200e-41
9.120466276842276752e+07 5.021280208878325904e-41
9.550109394847506285e+07 7.373835274030169489e-41
9.999991961499999464e+07 7.439862543044666245e-41
