1.056583745000000130e-01 7.311943586310553608e-36
1.106427768336606665e-01 8.484298162811927185e-36
1.158623168621927962e-01 9.644544386028553553e-36
1.213280871362872604e-01 1.072770559613315240e-35
1.270517034944084467e-01 1.176461465912728673e-35
1.330453297487390052e-01 1.263753374924830454e-35
1.393217035356768552e-01 1.311733141202935850e-35
1.458941633858215348e-01 1.330269676420295643e-35
1.527766770709791389e-01 1.328270716734824454e-35
1.599838712884285863e-01 1.316734954317849266e-35
1.675310627455345591e-01 1.298395058571114009e-35
1.754342907107677985e-01 1.272499969238274727e-35
1.837103511003098655e-01 1.244326309318176671e-35
1.923768321726833930e-01 1.215235539356492565e-35
2.014521519072658973e-01 1.184929071900202809e-35
2.109555971461241908e-01 1.153332933450468689e-35
2.209073645823525223e-01 1.120492843999522631e-35
2.313286036820237090e-01 1.088329804220590520e-35
2.422414616309706004e-01 1.057778285648535764e-35
2.536691304019185189e-01 1.029250219073550360e-35
2.656358960419955562e-01 1.001920366442930584e-35
2.781671902853662948e-01 9.731460704560604793e-36
2.912896446006766338e-01 9.443661431251027119e-36
3.050311467881703931e-01 9.156673379642318576e-36
3.194209002467582326e-01 8.873854133357486057e-36
3.344894860369921896e-01 8.602161915994607791e-36
3.502689278718439381e-01 8.351561970145151741e-36
3.667927601734021215e-01 8.107210747116204356e-36
3.840960993401250634e-01 7.863408161661646454e-36
4.022157183761046473e-01 7.626495559974575306e-36
4.211901250409436082e-01 7.394684295942724036e-36
4.410596436863293834e-01 7.157194554998164577e-36
4.618665009532246235e-01 6.920585404430739679e-36
4.836549155117972343e-01 6.687180303902550806e-36
5.064711920348043961e-01 6.469934433369677375e-36
5.303638196041426944e-01 6.260625503293167380e-36
5.553835747596987948e-01 6.045292038453868666e-36
5.815836294094987036e-01 5.834192432783169516e-36
6.090196638304856691e-01 5.631152714545916022e-36
6.377499850000764026e-01 5.433261835598797360e-36
6.678356505099731777e-01 5.236927666397720096e-36
6.993405983255737146e-01 5.035042844798886096e-36
7.323317826667412600e-01 4.849850731818018455e-36
7.668793162987107559e-01 4.682883245642871650e-36
8.030566195355247627e-01 4.506813320439780808e-36
8.409405762726641642e-01 4.329751997545155412e-36
8.806116973804699599e-01 4.167555234489140245e-36
9.221542918056008231e-01 4.014758083776506648e-36
9.656566457441519979e-01 3.868673564506288220e-36
1.011211210267213501e+00 3.728815476315298317e-36
1.058914797797605445e+00 3.592703383107528945e-36
1.108868787855347815e+00 3.455571263369255185e-36
1.161179342509107038e+00 3.320651474775652469e-36
1.215957631991507748e+00 3.190364469960311834e-36
1.273320070957772332e+00 3.065286864966874274e-36
1.333388565889793487e+00 2.946905400480405668e-36
1.396290774171423665e+00 2.835342104231415213e-36
1.462160375385559652e+00 2.727767687782709240e-36
1.531137355409588618e+00 2.619970612981519644e-36
1.603368303912952042e+00 2.512885375128255890e-36
1.679006725889065299e+00 2.411121366440777792e-36
1.758213367883669775e+00 2.314706428975245386e-36
1.841156559612904253e+00 2.222886540876910422e-36
1.928012571697106159e+00 2.133498194187915444e-36
2.018965990270605637e+00 2.046223550896365797e-36
2.114210109263617632e+00 1.960811900452161142e-36
2.213947341189918649e+00 1.877302421124959796e-36
2.318389647313309876e+00 1.797225899397850347e-36
2.427758988107049376e+00 1.722334367346684933e-36
2.542287794963588254e+00 1.652129407694597084e-36
2.662219464157056237e+00 1.584229223485464770e-36
2.787808874108287149e+00 1.517738815338818162e-36
2.919322927051673400e+00 1.453474165864611183e-36
3.057041116254984647e+00 1.391750751168120173e-36
3.201256119997615723e+00 1.332541551714805907e-36
3.352274423569583384e+00 1.275786501894275139e-36
3.510416970613131404e+00 1.221399206792596522e-36
3.676019845191198510e+00 1.169066681500358273e-36
3.849434986032249206e+00 1.118499532708049108e-36
4.031030934469389315e+00 1.069659935007642536e-36
4.221193617663302255e+00 1.022895048925716786e-36
4.420327168773482640e+00 9.779496664556775361e-37
4.628854785820800011e+00 9.352896928693848281e-37
4.847219631066659318e+00 8.950338526767777159e-37
5.075885772820091901e+00 8.569847583976573308e-37
5.315339171674332341e+00 8.204700164062416901e-37
5.566088713268800170e+00 7.853640557964909747e-37
5.828667289771309434e+00 7.517995142030626836e-37
6.103632932378913800e+00 7.198370266106684231e-37
6.391569997244106460e+00 6.893636016871879405e-37
6.693090407346750759e+00 6.601698721416201910e-37
7.008834952950952157e+00 6.320665164053478770e-37
7.339474653410577254e+00 6.050802045248550456e-37
7.685712183217574101e+00 5.791232072222887091e-37
8.048283365323674943e+00 5.541342571946600149e-37
8.427958734909084981e+00 5.301549270579549611e-37
8.825545176921558266e+00 5.071537994598333066e-37
9.241887640865813935e+00 4.848897519614672564e-37
9.677870936487694919e+00 4.632400192009205147e-37
1.013442161416914900e+01 4.424036641723337167e-37
1.061250993403029597e+01 4.229382997152996860e-37
1.111315192792333661e+01 4.047098213634042699e-37
1.163741155870032529e+01 3.870948882095926133e-37
1.218640298134382149e+01 3.697854870366712550e-37
1.276129291076574113e+01 3.529892489597560318e-37
1.336330310130627552e+01 3.371451868624965388e-37
1.399371294320257064e+01 3.222142691099837735e-37
1.465386218154502274e+01 3.080074099525560873e-37
1.534515376349941818e+01 2.944303573520816028e-37
1.606905681984604684e+01 2.814235850827202728e-37
1.682710978717204497e+01 2.688782952230839275e-37
1.762092367735207077e+01 2.567598031705268514e-37
1.845218550126599411e+01 2.452763032663708540e-37
1.932266185402921010e+01 2.344605623656186793e-37
2.023420266935528034e+01 2.242202046886159440e-37
2.118874515102953282e+01 2.144373600899885993e-37
2.218831788984855180e+01 2.050889826198928572e-37
2.323504517477537235e+01 1.961592217033859397e-37
2.433115150747180877e+01 1.876303269930807671e-37
2.547896632980272713e+01 1.794485678361637701e-37
2.668092897435894173e+01 1.715191524391477008e-37
2.793959384851929073e+01 1.638343986058208115e-37
2.925763586306957009e+01 1.565354381877097196e-37
3.063785611691493216e+01 1.496389073731350744e-37
3.208318784996663453e+01 1.430290981700394022e-37
3.359670267685471856e+01 1.365467609853117987e-37
3.518161711471424979e+01 1.302136620786981845e-37
3.684129941891753646e+01 1.241804930623310777e-37
3.857927674128060858e+01 1.184696315915723200e-37
4.039924262595528148e+01 1.130671523464553486e-37
4.230506485893815238e+01 1.079595769363963077e-37
4.430079368787785654e+01 1.031233527870044736e-37
4.639067042964880017e+01 9.855377544688568287e-38
4.857913648398531592e+01 9.423547240342622490e-38
5.087084277233065421e+01 9.011284555854831332e-38
5.327065962196130045e+01 8.612806159593481823e-38
5.578368711639192412e+01 8.228396562758346360e-38
5.841526593405716028e+01 7.861572307910613384e-38
6.117098869830541474e+01 7.512264780196540882e-38
6.405671186282528140e+01 7.177927210416801345e-38
6.707856815776284520e+01 6.856109191836703315e-38
7.024297962298146558e+01 6.546442365298659267e-38
7.355667125616164981e+01 6.249883362586873715e-38
7.702668530474532815e+01 5.966105508892553457e-38
8.066039623209940146e+01 5.696521413095484230e-38
8.446552638970248950e+01 5.442214800187168988e-38
8.845016242866314826e+01 5.201708098481557025e-38
9.262277248544661745e+01 4.971403240975352217e-38
9.699222417833227894e+01 4.750473467370392969e-38
1.015678034528498728e+02 4.538789407222782796e-38
1.063592343162422935e+02 4.336111568600397039e-38
1.113766995028965567e+02 4.142239029113481515e-38
1.166308621146605873e+02 3.958029730123619776e-38
1.221328882820343011e+02 3.783093775183266667e-38
1.278944708943967186e+02 3.614201039688803263e-38
1.339278544496995664e+02 3.449362061383317189e-38
1.402458610764364835e+02 3.289818030202183311e-38
1.468619177831921263e+02 3.139896410538347069e-38
1.537900849936807504e+02 2.999393527858683727e-38
1.610450864279149812e+02 2.866599131111531033e-38
1.686423403930125176e+02 2.740280342080771722e-38
1.765979925501345349e+02 2.619507391279325834e-38
1.849289502271964807e+02 2.502034609307126407e-38
1.936529183502708804e+02 2.387782578943820788e-38
2.027884370700413683e+02 2.279687230517134573e-38
2.123549211632763729e+02 2.178854545983755440e-38
2.223727012930526712e+02 2.084000442892155129e-38
2.328630672154197327e+02 1.992418362864781935e-38
2.438483130243255061e+02 1.903871755426311426e-38
2.553517845309562233e+02 1.818449258442363002e-38
2.673979288781843593e+02 1.736287430625651582e-38
2.800123464955636337e+02 1.657554885024433867e-38
2.932218455052828290e+02 1.582766072140983649e-38
3.070544986947068651e+02 1.511721615971241715e-38
3.215397031765807583e+02 1.443605742463050478e-38
3.367082428636821874e+02 1.378109860629234605e-38
3.525923538907027819e+02 1.315642194809913823e-38
3.692257931223817877e+02 1.257213650010349725e-38
3.866439098934936851e+02 1.202525332981619452e-38
4.048837211331490948e+02 1.150039548952232232e-38
4.239839900330576938e+02 1.099118814050443282e-38
4.439853084269493024e+02 1.049982245819768893e-38
4.649301830562134796e+02 1.002981272754586608e-38
4.868631259050987978e+02 9.580700903917831847e-39
5.098307487974489618e+02 9.156112389896920872e-39
5.338818624560068429e+02 8.756132244826602658e-39
5.590675802348164325e+02 8.373759430625688481e-39
5.854414267451700198e+02 7.998168756614631835e-39
6.130594516059467196e+02 7.630575904489549993e-39
6.419803485600954218e+02 7.281501959122188755e-39
6.722655802104009126e+02 6.952546484786279679e-39
7.039795086396178476e+02 6.640386826014801343e-39
7.371895321925792359e+02 6.339974939954254182e-39
7.719662287109504177e+02 6.051137791360415448e-39
8.083835055250472124e+02 5.775935315351405175e-39
8.465187565214729375e+02 5.515157049659721006e-39
8.864530266203668134e+02 5.268148337542184984e-39
9.282711840118296323e+02 5.034287072936503237e-39
9.720621005175395339e+02 4.812358677882666620e-39
1.017918840460880347e+03 4.597782160315826860e-39
1.065938858446963195e+03 4.389128621047805744e-39
1.116224206472856167e+03 4.190948862340781804e-39
1.168881750808178595e+03 4.007506285318500149e-39
1.224023399106976285e+03 3.836740778239826987e-39
1.281766338233529950e+03 3.671166512845656190e-39
1.342233283307523152e+03 3.509651298690283329e-39
1.405552738497842711e+03 3.353777027306920475e-39
1.471859270119259918e+03 3.205025880801550521e-39
1.541293792612340212e+03 3.063289830370921971e-39
1.614003868014396176e+03 2.929643982221178221e-39
1.690144019557881393e+03 2.804157634030575807e-39
1.769876060062693114e+03 2.685098212559355556e-39
1.853369435820301987e+03 2.570255844433454991e-39
1.940801586700477628e+03 2.459568831257444477e-39
2.032358323245976862e+03 2.353105055140910263e-39
2.128234221556545435e+03 2.250472287753471126e-39
2.228633036801455091e+03 2.152406026016108734e-39
2.333768136239370051e+03 2.059402780638126736e-39
2.443862952665818284e+03 1.970850075770074918e-39
2.559151459251866527e+03 1.885049900025472697e-39
2.679878666783211884e+03 1.801913019200449088e-39
2.806301144356361874e+03 1.722640666036774659e-39
2.938687564638493313e+03 1.647256351869271070e-39
3.077319274849819067e+03 1.575675507185449058e-39
3.222490894681812733e+03 1.508180561036273395e-39
3.374510942422111384e+03 1.444597871824322274e-39
3.533702490616639807e+03 1.383757097220537684e-39
3.700403852662402642e+03 1.324966792974054441e-39
3.874969301790124064e+03 1.268394818014699285e-39
4.057769823964598345e+03 1.214729930819389130e-39
4.249193906302974938e+03 1.164151045506795459e-39
4.449648362686394648e+03 1.116450426559039947e-39
4.659559198319612733e+03 1.070809717166816875e-39
4.879372515076008312e+03 1.027039558930804385e-39
5.109555459551882450e+03 9.847094851586303984e-40
5.350597215845029496e+03 9.434444161831857544e-40
5.603010045167293356e+03 9.036065597148378309e-40
5.867330374500545076e+03 8.656147563425372689e-40
6.144119936609674369e+03 8.306216679257271785e-40
6.433966963835408933e+03 7.953347069064576453e-40
6.737487438203836064e+03 7.627070502026677761e-40
7.055326400509589803e+03 7.323876885346788908e-40
7.388159321154586905e+03 7.038725869035550794e-40
7.736693535655664164e+03 6.742109455269853536e-40
8.101669747871947948e+03 6.470299024725059013e-40
8.483863604146359648e+03 6.215208345506854846e-40
8.884087341706945153e+03 5.972933976690573610e-40
9.303191514830954475e+03 5.739506464687218796e-40
9.742066802440225729e+03 5.516020429789627229e-40
1.020164590096931715e+04 5.308870419062980277e-40
1.068290550652922866e+04 5.101312929042087112e-40
1.118686839057890575e+04 4.920179953384217351e-40
1.171460557351612988e+04 4.736197861423531641e-40
1.226723860080681879e+04 4.566403023538795258e-40
1.284594192649001889e+04 4.399763825648700435e-40
1.345194540912419870e+04 4.238843473451479124e-40
1.408653692547877472e+04 4.088320445790104960e-40
1.475106510752603754e+04 3.942245892814548227e-40
1.544694220854970808e+04 3.796558516776547865e-40
1.617564710446132631e+04 3.657300911751655988e-40
1.693872843670298971e+04 3.523359662621057856e-40
1.773780790341527609e+04 3.396593420490777644e-40
1.857458370586534875e+04 3.276624361735852489e-40
1.945083415745914317e+04 3.149763612020645608e-40
2.036842146300756940e+04 3.040278818245356570e-40
2.132929567627875076e+04 2.934607250071240846e-40
2.233549884424611810e+04 2.832558192597109888e-40
2.338916934684064472e+04 2.731640804316821315e-40
2.449254644142936741e+04 2.628383729608049912e-40
2.564797502167837592e+04 2.523581737072075714e-40
2.685791060091368490e+04 2.417481344340015886e-40
2.812492453057095190e+04 2.310321237239722950e-40
2.945170946482345244e+04 2.203882224758897462e-40
3.084108508300279573e+04 2.100603527069823192e-40
3.229600408197288561e+04 2.000021046913146928e-40
3.381955845119227160e+04 1.901403778965941984e-40
3.541498604380109464e+04 1.803717802148532828e-40
3.708567745769637986e+04 1.673804676930350515e-40
3.883518324122070771e+04 1.470632762213818483e-40
4.066722143877673807e+04 1.221012713604567779e-40
4.258568549240397260e+04 9.534056729618262219e-41
4.459465251610987616e+04 6.887236450213461922e-41
4.669839196054061904e+04 4.392495911762451103e-41
4.890137468640414590e+04 2.213151088404699282e-41
5.120828246593021322e+04 8.532612825525265882e-42
5.362401793255843950e+04 4.187720435262494127e-42
5.615371500000002561e+04 1.982776657512453143e-42
