1.056583745000000130e-01 5.341878269566067960e-37
1.106353398792354337e-01 6.119398263916946410e-37
1.158467418045878022e-01 6.948198863499225178e-37
1.213036232490270067e-01 7.800185114810332887e-37
1.270175473572028590e-01 8.641084061688032101e-37
1.330006219477758711e-01 9.433652535446896149e-37
1.392655251699133623e-01 1.014181616904842326e-36
1.458255323683176619e-01 1.073508926295751781e-36
1.526945442137128128e-01 1.122223130969932197e-36
1.598871161583983735e-01 1.172436699078480976e-36
1.674184892792875412e-01 1.225617665106985198e-36
1.753046225737848463e-01 1.280493548661173567e-36
1.835622267769392302e-01 1.338278930560262376e-36
1.922087997715312135e-01 1.398483501560868990e-36
2.012626636661277446e-01 1.459226388273226244e-36
2.107430036196731860e-01 1.519965394489726718e-36
2.206699084948868794e-01 1.580560986604208774e-36
2.310644134266100769e-01 1.640962177819950482e-36
2.419485443953064696e-01 1.701940860158543206e-36
2.533453649001671804e-01 1.766420778701623967e-36
2.652790248307190790e-01 1.834747815901893261e-36
2.777748116404983869e-01 1.906013391071069819e-36
2.908592039312240529e-01 1.981476553935407724e-36
3.045599275610171297e-01 2.059643381431212591e-36
3.189060143955598781e-01 2.136294068515232967e-36
3.339278638266871546e-01 2.210840673986641765e-36
3.496573071887697504e-01 2.283035312190198452e-36
3.661276752093869380e-01 2.352683131165540192e-36
3.833738686372167304e-01 2.421168235497024609e-36
4.014324321968044673e-01 2.491682920904046377e-36
4.203416320269207640e-01 2.564287877936685874e-36
4.401415367665996170e-01 2.638052169178317193e-36
4.608741024606785031e-01 2.713865395031121434e-36
4.825832614647572183e-01 2.790504532355794899e-36
5.053150155379625419e-01 2.865832620791204646e-36
5.291175333207838172e-01 2.939584253528138301e-36
5.540412524045369436e-01 3.011676956704704045e-36
5.801389862087384941e-01 3.082064903076355453e-36
6.074660358928657411e-01 3.151557651499934669e-36
6.360803075396453954e-01 3.221340725733795457e-36
6.660424348581782672e-01 3.291337945397857599e-36
6.974159076669127488e-01 3.360713398507225891e-36
7.302672064287186737e-01 3.430156252971051344e-36
7.646659431231460635e-01 3.501439524257674804e-36
8.006850087543736505e-01 3.576531594116679531e-36
8.384007278074178116e-01 3.655574292016681824e-36
8.778930199798976597e-01 3.738825819682903160e-36
9.192455695320621567e-01 3.826578324830936530e-36
9.625460026139341929e-01 3.912426839998321884e-36
1.007886072945330280e+00 3.990408542763439564e-36
1.055361856242209351e+00 4.059953627061940112e-36
1.105073953801339215e+00 4.119940513933839800e-36
1.157127705674685370e+00 4.170681280313975504e-36
1.211633413885226274e+00 4.217771397468053523e-36
1.268706576157200949e+00 4.265084566678100590e-36
1.328468130656061064e+00 4.312565266086544112e-36
1.391044712256725768e+00 4.360228167050811715e-36
1.456568920883181573e+00 4.408141021559252937e-36
1.525179602488035524e+00 4.456911396872095405e-36
1.597022143267413652e+00 4.506834858245896993e-36
1.672248777734653302e+00 4.557886044209285532e-36
1.751018911305600501e+00 4.609489649543070799e-36
1.833499458079056010e+00 4.662047500248667183e-36
1.919865194528146635e+00 4.710514940849683770e-36
2.010299129852087141e+00 4.752380688900447613e-36
2.104992893773100171e+00 4.787447327322435987e-36
2.204147142600250575e+00 4.815543334219323689e-36
2.307971984420642109e+00 4.836757346434765229e-36
2.416687424318942679e+00 4.855174889271384465e-36
2.530523830568680577e+00 4.872334028397316400e-36
2.649722422783163278e+00 4.888207708868524811e-36
2.774535783060399829e+00 4.902235272364486579e-36
2.905228391205164851e+00 4.914758529877466389e-36
3.042077185162335162e+00 4.923560845735874473e-36
3.185372147849035773e+00 4.927924728643511486e-36
3.335416921629133391e+00 4.927832137321554630e-36
3.492529451732123924e+00 4.923249415548387311e-36
3.657042659979814037e+00 4.914223122346447342e-36
3.829305150248452971e+00 4.901467081937539128e-36
4.009681947161172211e+00 4.885180489502699924e-36
4.198555269576011106e+00 4.865395491193868488e-36
4.396325340508593804e+00 4.841628968999696667e-36
4.603411235205627783e+00 4.814386343873509025e-36
4.820251769166347344e+00 4.783255147008028334e-36
5.047306427993596856e+00 4.748206314560154890e-36
5.285056341044897188e+00 4.709324005744486819e-36
5.534005300946687633e+00 4.666688164326034474e-36
5.794680831132107635e+00 4.620632223319299129e-36
6.067635303664370205e+00 4.572706626903247084e-36
6.353447109714481122e+00 4.523210814892228674e-36
6.652721885173501271e+00 4.472204292683487777e-36
6.966093793996407157e+00 4.419246222077158942e-36
7.294226871997022243e+00 4.364486187464090874e-36
7.637816433941475580e+00 4.306068678747449225e-36
7.997590546921817811e+00 4.243903454928527269e-36
8.374311573131908659e+00 4.178176181856559293e-36
8.768777785314723516e+00 4.109120131099022409e-36
9.181825058304147191e+00 4.037373867139956617e-36
9.614328640245735969e+00 3.964595685213301050e-36
1.006720500724960665e+01 3.891020476837286374e-36
1.054141380540547068e+01 3.816737435611214338e-36
1.103795988427494557e+01 3.739833489533380302e-36
1.155789542617015897e+01 3.658768653605219666e-36
1.210232217573057945e+01 3.574695195353519133e-36
1.267239377452244398e+01 3.490577216421327644e-36
1.326931820560800013e+01 3.407143065851502657e-36
1.389436035326445129e+01 3.324713753223015587e-36
1.454884468327672842e+01 3.243865125258883456e-36
1.523415804948359131e+01 3.164841036243795690e-36
1.595175263252424536e+01 3.084732262204546792e-36
1.670314901701245347e+01 3.003005194046381356e-36
1.748993941365897342e+01 2.921209656253997895e-36
1.831379103316979950e+01 2.841843998123559454e-36
1.917644961906957235e+01 2.763727167647200079e-36
2.007974314693621665e+01 2.684579751831925435e-36
2.102558569788556753e+01 2.604071523124997729e-36
2.201598151451366192e+01 2.524055505161637508e-36
2.305302924789159746e+01 2.447116077173460077e-36
2.413892640461208572e+01 2.373309541659523764e-36
2.527597400331110578e+01 2.298984120473161625e-36
2.646658145053178757e+01 2.223442468901849115e-36
2.771327164626266892e+01 2.148362062550347950e-36
2.901868632996856689e+01 2.076469848994763178e-36
3.038559167844282882e+01 2.007861216974324667e-36
3.181688416734246161e+01 1.941519702223295680e-36
3.331559670882688806e+01 1.877152943916782597e-36
3.488490507830589848e+01 1.814265111008990644e-36
3.652813464391542198e+01 1.751999837798848326e-36
3.824876741298020022e+01 1.689954147396314555e-36
4.005044941039566453e+01 1.629428645574253823e-36
4.193699840456328332e+01 1.570722360838634271e-36
4.391241199725070743e+01 1.513403828768544654e-36
4.598087609451959423e+01 1.457175641594307956e-36
4.814677377667008784e+01 1.402302630851744166e-36
5.041469458599853937e+01 1.348574052916535455e-36
5.278944425204836932e+01 1.295958093449202421e-36
5.527605487496236236e+01 1.244756056491602145e-36
5.787979558851460382e+01 1.195401819885716602e-36
6.060618372541767229e+01 1.147941343096148911e-36
6.346099650856329077e+01 1.101954233978442828e-36
6.645028329297147707e+01 1.057324249684537100e-36
6.958037838438808365e+01 1.014395046208810150e-36
7.285791446169353947e+01 9.737251503791298428e-37
7.628983663156506623e+01 9.349468320092966815e-37
7.988341714517432024e+01 8.970690891492137266e-37
8.364627080810433313e+01 8.598835408064802685e-37
8.758637111614085313e+01 8.238352208048133081e-37
9.171206715112859342e+01 7.895818661821029530e-37
9.603210127269539953e+01 7.572646885756817063e-37
1.005556276433327412e+02 7.270362924627773277e-37
1.052922316260881104e+02 6.988221441943468464e-37
1.102519500959712531e+02 6.716753839345329414e-37
1.154452927081164404e+02 6.443073038475646776e-37
1.208832641677663133e+02 6.168419129715606456e-37
1.265773875492683231e+02 5.909141855578568317e-37
1.325397287134962596e+02 5.668251867366472559e-37
1.387829218754384897e+02 5.439349630934072459e-37
1.453201963761283935e+02 5.213699519996957325e-37
1.521654047156499132e+02 4.991148866019073469e-37
1.593330519066176407e+02 4.773215909363295847e-37
1.668383262103325819e+02 4.560454798899283688e-37
1.746971313207445178e+02 4.355884558295375667e-37
1.829261200644156986e+02 4.164248386278221442e-37
1.915427296879005041e+02 3.985270760148638848e-37
2.005652188073118225e+02 3.813098213661083817e-37
2.100127060983714955e+02 3.646179554188862115e-37
2.199052108089292119e+02 3.486072697820971102e-37
2.302636951797966844e+02 3.334925873619657440e-37
2.411101088637841485e+02 3.191841552832760063e-37
2.524674354370672233e+02 3.056932031697569034e-37
2.643597411014388285e+02 2.929858476996292536e-37
2.768122256806474866e+02 2.808003143920032605e-37
2.898512760188831976e+02 2.687811114574812102e-37
3.035045218945634247e+02 2.569602069810430925e-37
3.178008945678970463e+02 2.457074764172119795e-37
3.327706880862941716e+02 2.350889985980539633e-37
3.484456234775238386e+02 2.249202011462118734e-37
3.648589159666463502e+02 2.149566336025910509e-37
3.820453453591536004e+02 2.052614108024180634e-37
4.000413297394599113e+02 1.960022233541388646e-37
4.188850026409070324e+02 1.872027924533603979e-37
4.386162938508124967e+02 1.788649119162623975e-37
4.592770140217825201e+02 1.710098604089668093e-37
4.809109432685838783e+02 1.635795121839752192e-37
5.035639239383096992e+02 1.563436690773013740e-37
5.272839577504229283e+02 1.492502707813168457e-37
5.521213075125101568e+02 1.424416328933335813e-37
5.781286036272916817e+02 1.361175929914106065e-37
6.053609556165678214e+02 1.302094869625332182e-37
6.338760688984265244e+02 1.245273350952545180e-37
6.637343670651587217e+02 1.190202670558466779e-37
6.949991199209964634e+02 1.136921432838697853e-37
7.277365775509726973e+02 1.085574268743266408e-37
7.620161107050104192e+02 1.036384146155384149e-37
7.979103577947049644e+02 9.904222879057659743e-38
8.354953788142884150e+02 9.477749855964834193e-38
8.748508165119403657e+02 9.074652318537441005e-38
9.160600651529535980e+02 8.681155487966355964e-38
9.592104472323827622e+02 8.297543569107823095e-38
1.004393398511616397e+03 7.930028518140231233e-38
1.051704661770970688e+03 7.579674189691649066e-38
1.101244489688867134e+03 7.246339171113517269e-38
1.153117857277493840e+03 6.930447037371319154e-38
1.207434684325105309e+03 6.630139024661502173e-38
1.264310068316308616e+03 6.337636068849686792e-38
1.323864528323916147e+03 6.051095531604594033e-38
1.386224260389129768e+03 5.773650496803353022e-38
1.451521404931259440e+03 5.509924589069014118e-38
1.519894326753581026e+03 5.259311744509209963e-38
1.591487908238680802e+03 5.020889893854914437e-38
1.666453856354565914e+03 4.793964439128115182e-38
1.744951024122086892e+03 4.577921967009846681e-38
1.827145747224864408e+03 4.372230575936085438e-38
1.913212196474994016e+03 4.176236273220563331e-38
2.003332746881408411e+03 3.989574801170753182e-38
2.097698364102951473e+03 3.811818494053498672e-38
2.196509009105054247e+03 3.641379466149727321e-38
2.299974061877512213e+03 3.476145289228791181e-38
2.408312765111148565e+03 3.316858108854950089e-38
2.521754688773612088e+03 3.165890773014370047e-38
2.640540216568675078e+03 3.023474429366013018e-38
2.764921055309868734e+03 2.888293299381982810e-38
2.895160768287815245e+03 2.758478638495360894e-38
3.031535333761460151e+03 2.633355015869764444e-38
3.174333729756656794e+03 2.515271430074088498e-38
3.323858546411281623e+03 2.404531030788105113e-38
3.480426627164452839e+03 2.299244856490055623e-38
3.644369740148515575e+03 2.196722996348550308e-38
3.816035281206526633e+03 2.097312777540666926e-38
3.995787010024821939e+03 2.002280968604630861e-38
4.184005820940678859e+03 1.911809539345669757e-38
4.381090550058305780e+03 1.825790779039722691e-38
4.587458820383492821e+03 1.744311554782557644e-38
4.803547926767738318e+03 1.667333841102764582e-38
5.029815762537075898e+03 1.592892064245416668e-38
5.266741789769112984e+03 1.520436449511826063e-38
5.514828055274299913e+03 1.451031102303098080e-38
5.774600254434306407e+03 1.386305598853123336e-38
6.046608845151777132e+03 1.325546657411836851e-38
6.331430214271911609e+03 1.267739130793799773e-38
6.629667898947597678e+03 1.212516240735631307e-38
6.941953865535989280e+03 1.159332272473269646e-38
7.268949848736756394e+03 1.107353324829370462e-38
7.611348753809459595e+03 1.056681425381281258e-38
7.969876124841431192e+03 1.008822662867771149e-38
8.345291682177408802e+03 9.640476218521460136e-39
8.738390932268735924e+03 9.217573332634099509e-39
9.150006853353404949e+03 8.811110415260649738e-39
9.581011660538915748e+03 8.420337885649274543e-39
1.003231865402813855e+04 8.040661323628738878e-39
1.050488415440459903e+04 7.670888523236433754e-39
1.099970952907803257e+04 7.314923890864630447e-39
1.151784331418436705e+04 6.979399057497073119e-39
1.206038343643614462e+04 6.663816830289390110e-39
1.262847953963189502e+04 6.362541131035817908e-39
1.322333542075404148e+04 6.073549241148484766e-39
1.384621158081753674e+04 5.797413835280077195e-39
1.449842789587449261e+04 5.535517709384822673e-39
1.518136641383464485e+04 5.287473987787543698e-39
1.589647428302813569e+04 5.052759689667790277e-39
1.664526681871623441e+04 4.830659147392958198e-39
1.742933071404794828e+04 4.619792889177967728e-39
1.825032740226652459e+04 4.418059127599781351e-39
1.910999657729053069e+04 4.223786759553308132e-39
2.001015988012917660e+04 4.036978711424946863e-39
2.095272475894405216e+04 3.857515628124594214e-39
2.193968851093622288e+04 3.685644052938124622e-39
2.297314251462373431e+04 3.522069348957872590e-39
2.405527666147760465e+04 3.366601789681850572e-39
2.518838399630703134e+04 3.216744342410316518e-39
2.637486557622674081e+04 3.071687378508941124e-39
2.761723555850267803e+04 2.932504432950832656e-39
2.891812652805718244e+04 2.801202157771162428e-39
3.028029507592265145e+04 2.677625106408253399e-39
3.170662764046436496e+04 2.558560843661597653e-39
3.320014662375045737e+04 2.443004288918312810e-39
3.476401679602862714e+04 2.332207028819389203e-39
3.640155200188203889e+04 2.228302780927379370e-39
3.811622218227371195e+04 2.130423951948583574e-39
3.991166072735962371e+04 2.036532058716144832e-39
4.179167217565102328e+04 1.945960307100342786e-39
4.376024027584049327e+04 1.859171525902424218e-39
4.582153642837483494e+04 1.777029244420421071e-39
4.797992852466245677e+04 1.699264384419602227e-39
5.023999020264555293e+04 1.625122401776124986e-39
5.260651053834970662e+04 1.554263371106530375e-39
5.508450419394715573e+04 1.486151302397154543e-39
5.767922204383821372e+04 1.419936325167430801e-39
6.039616230126586743e+04 1.355718370779478626e-39
6.324108216904298752e+04 1.294825678865442161e-39
6.622001003907861013e+04 1.237505333377599370e-39
6.933925826655459241e+04 1.183031103735750055e-39
7.260543654582111049e+04 1.130257280494398903e-39
7.602546591635460209e+04 1.079287197223496155e-39
7.960659342845674837e+04 1.031194161208614979e-39
8.335640749977109954e+04 9.861592090654723721e-40
8.728285399515801691e+04 9.435324341631400622e-40
9.139425306400081899e+04 9.022938247544743786e-40
9.569931677062272502e+04 8.624086850519562871e-40
1.002071675551705703e+05 8.245014064274334974e-40
1.049273575640877534e+05 7.886821106217887901e-40
1.098698888911348477e+05 7.545930079042711745e-40
1.150452347718498931e+05 7.216467028389367517e-40
1.204643617763592338e+05 6.898308256971434148e-40
1.261387530475654203e+05 6.594108589731945381e-40
1.320804326339541294e+05 6.304223126448271546e-40
1.383019909685812599e+05 6.028446735299743606e-40
1.448166115482302848e+05 5.766987135451209106e-40
1.516380988692729734e+05 5.518797326275135446e-40
1.587809076794295106e+05 5.283979219461357301e-40
1.662601736074142391e+05 5.062038383795385214e-40
1.740917452353667177e+05 4.850939759304441636e-40
1.822922176820358436e+05 4.647230534841363948e-40
1.908789677678754088e+05 4.451067544445215126e-40
1.998701908365675481e+05 4.262162512634209505e-40
2.092849393109989760e+05 4.080256782905062231e-40
2.191431630653899338e+05 3.906664944676183104e-40
2.294657516991247248e+05 3.744067269800127846e-40
2.402745788018621388e+05 3.591329823333326810e-40
2.515925483037235099e+05 3.443384625581840025e-40
2.634436430087740882e+05 3.298633445552328933e-40
2.758529754146434134e+05 3.159085547809052610e-40
2.888468409259642358e+05 3.028050825144361124e-40
3.024527735743985977e+05 2.904755936660783331e-40
3.166996043633155641e+05 2.788076048483281647e-40
3.316175223607553635e+05 2.677416583984474311e-40
3.472381386701356969e+05 2.571168457189855920e-40
3.635945534142545075e+05 2.466541651480633144e-40
3.807214258745280094e+05 2.364201888178957311e-40
3.986550479340901948e+05 2.267606275827822713e-40
4.174334209803783451e+05 2.177565012031679040e-40
4.370963364301627735e+05 2.093025886610737921e-40
4.576854600476519554e+05 2.011906845199575445e-40
4.792444202343489160e+05 1.933875096912916448e-40
5.018189004777310183e+05 1.858960449820409010e-40
5.254567361546717584e+05 1.787093320855932266e-40
5.502080158947160235e+05 1.718444315979233266e-40
5.761251877180042211e+05 1.653518402702275540e-40
6.032631701727506006e+05 1.592343401155454645e-40
6.316794687077768613e+05 1.535208002487344430e-40
6.614342975266930880e+05 1.481074794217045747e-40
6.925907071819378762e+05 1.426347251201582776e-40
7.252147181790473405e+05 1.376523257640929520e-40
7.593754608742618002e+05 1.328180808271394039e-40
7.951453219619126758e+05 1.283300531319458599e-40
8.326000978620043024e+05 1.239258224246460808e-40
8.718191553329977905e+05 1.198683912503584769e-40
9.128855996501647169e+05 1.161451218039283302e-40
9.558864507058608579e+05 1.124908036936751649e-40
1.000912827404882642e+06 1.091074921978052343e-40
1.048060140745641664e+06 1.058404641290431480e-40
1.097428295996295288e+06 1.028230792628734282e-40
1.149121904394245008e+06 9.973942351370676383e-41
1.203250504817595705e+06 9.686895160111292091e-41
1.259928795898297103e+06 9.417089042052073865e-41
1.319276879068811424e+06 9.176432795608666801e-41
1.381420513057343662e+06 8.940005260807663991e-41
1.446491380370866973e+06 8.730229739007025365e-41
1.514627366330676712e+06 8.526876359363448956e-41
1.585972851251707179e+06 8.349550519718926911e-41
1.660679016384761315e+06 8.161383869287781019e-41
1.738904164269936504e+06 8.006899754144054491e-41
1.820814054180081235e+06 7.875037724783865081e-41
1.906582253365083830e+06 7.750190847742610417e-41
1.996390504841285758e+06 7.646241510103392564e-41
2.090429112505361205e+06 7.541962370100896673e-41
2.188897344388722908e+06 7.391036699377249441e-41
2.292003854906945955e+06 7.319646286064930503e-41
2.399967126998985186e+06 7.268607740138157950e-41
2.513015935093009844e+06 7.237724279120561624e-41
2.631389829879976343e+06 7.228170526045872204e-41
2.755339645922101103e+06 7.243348220625809401e-41
2.885128033171889372e+06 7.280336459946599151e-41
3.021030013528005220e+06 7.340365422657979637e-41
3.163333563607323449e+06 7.425417674023405807e-41
3.312340224968057591e+06 7.538762050287993577e-41
3.468365743077035993e+06 7.681934790261488790e-41
3.631740736375088803e+06 7.858358737796279964e-41
3.802811396858303808e+06 8.072482714717217853e-41
3.981940223659674637e+06 8.330187215676241839e-41
4.169506791185652371e+06 8.681122544542804117e-41
4.365908553435156122e+06 9.184976148391802735e-41
4.571561686205571517e+06 9.874807127603224235e-41
4.786901968970231712e+06 1.080051523068552320e-40
5.012385708296155557e+06 1.203722980216105553e-40
5.248490704758735374e+06 1.370147716888419530e-40
5.495717265402287245e+06 1.598282223789894508e-40
5.754589263891849667e+06 1.921155503836299732e-40
6.025655250602725893e+06 2.393806929111856421e-40
6.309489615000000224e+06 1.736585656818871853e-40
