1.056583745000000130e-01 6.538973686335405241e-36
1.106427182236556644e-01 7.607389778935174285e-36
1.158621941123963162e-01 8.630541611559163533e-36
1.213278943256159842e-01 9.544669117544286968e-36
1.270514342858700685e-01 1.044579756994308816e-35
1.330449773633686494e-01 1.122247552336402214e-35
1.393212607249399160e-01 1.161270256686195301e-35
1.458936224023964223e-01 1.171482293670056765e-35
1.527760296378283256e-01 1.162339701604242190e-35
1.599831085660616825e-01 1.147018166967012322e-35
1.675301752973615554e-01 1.126301343127239523e-35
1.754332684664347830e-01 1.095966139347255609e-35
1.837091833169048061e-01 1.063815418017986834e-35
1.923755073936917470e-01 1.032118890148942366e-35
2.014506579191507885e-01 9.982431776808388436e-36
2.109539209323974540e-01 9.645108205511616972e-36
2.209054922749979222e-01 9.350353308882827162e-36
2.313265205101232846e-01 9.064109172551001100e-36
2.422391518663792598e-01 8.772259624912182993e-36
2.536665773018222381e-01 8.485599443572151688e-36
2.656330817881802919e-01 8.207607759293430416e-36
2.781640959200153973e-01 7.930181352649376774e-36
2.912862499585036624e-01 7.670286412156468965e-36
3.050274304246848867e-01 7.427650540622142392e-36
3.194168393624504665e-01 7.192706025617116818e-36
3.344850563972124324e-01 6.962840802835027003e-36
3.502641037221365661e-01 6.736428627827639847e-36
3.667875141500464564e-01 6.514297637144972207e-36
3.840904023756176455e-01 6.298280766458365096e-36
4.022095395993052769e-01 6.096111971898360190e-36
4.211834316715918347e-01 5.901835567885925297e-36
4.410524009236225784e-01 5.699802434646584752e-36
4.618586718581325079e-01 5.497477910672207383e-36
4.836464608827689138e-01 5.297411567254636924e-36
5.064620702765070259e-01 5.107883223784155286e-36
5.303539865888515781e-01 4.926990042715177422e-36
5.553729836809362386e-01 4.750615583094722930e-36
5.815722306274997422e-01 4.576424519156006746e-36
6.090074047090450193e-01 4.405094301512056282e-36
6.377368097343073527e-01 4.244337351322895919e-36
6.678214999444844757e-01 4.090321356745486556e-36
6.993254097625425381e-01 3.934097882706680193e-36
7.323154896633348176e-01 3.788132889051351451e-36
7.668618484532787605e-01 3.653477204953710392e-36
8.030379022619531515e-01 3.517305560885779272e-36
8.409205305622492466e-01 3.383154051403068765e-36
8.805902395506374214e-01 3.257980420106934433e-36
9.221313332347603753e-01 3.133557419543654538e-36
9.656320925919363862e-01 3.007944685155600405e-36
1.011184963179313279e+00 2.887571606472385243e-36
1.058886751594369624e+00 2.773128421573051686e-36
1.108838831203274866e+00 2.663267361800723043e-36
1.161147357574307870e+00 2.557789392683085540e-36
1.215923494074163447e+00 2.453915712841383594e-36
1.273283648106573018e+00 2.351915277553281261e-36
1.333349718495280056e+00 2.254952356174797250e-36
1.396249354537097087e+00 2.163673901319941728e-36
1.462116227275568336e+00 2.077482022394101338e-36
1.531090313571737971e+00 1.995612316861136461e-36
1.603318193575715034e+00 1.917398159410534225e-36
1.678953362231201396e+00 1.841513779004063571e-36
1.758156555474985838e+00 1.766951088045520380e-36
1.841096091824618197e+00 1.694893347842314920e-36
1.927948230080190228e+00 1.625854492018362106e-36
2.018897543900394886e+00 1.559690519088808016e-36
2.114137314048891714e+00 1.496041689539121933e-36
2.213869939144556209e+00 1.434774540673883534e-36
2.318307365788528251e+00 1.375417850547231645e-36
2.427671538982133281e+00 1.317460087796579410e-36
2.542194873792882781e+00 1.261315325740701356e-36
2.662120749270922904e+00 1.208230242310896205e-36
2.787704025665563190e+00 1.157886246060270161e-36
2.919211586041061235e+00 1.109771805100917996e-36
3.056922903442661710e+00 1.062950866730060058e-36
3.201130634818215803e+00 1.017539550995268948e-36
3.352141242957545231e+00 9.744951440280105065e-37
3.510275647771265994e+00 9.338511430492635952e-37
3.675869908293133204e+00 8.948217924092018876e-37
3.849275936855266700e+00 8.567238666287085059e-37
4.030862246953983430e+00 8.195482659097948851e-37
4.221014736395561684e+00 7.837240774882598231e-37
4.420137507386244557e+00 7.490784227372886421e-37
4.628653725309279210e+00 7.159849782953225851e-37
4.847006518014041809e+00 6.845263862939096716e-37
5.075659917528351883e+00 6.546212779320113917e-37
5.315099846195275646e+00 6.259258618442540238e-37
5.565835149330064624e+00 5.983637709843029947e-37
5.828398676591837635e+00 5.720395256281245766e-37
6.103348414368027441e+00 5.469996596224366964e-37
6.391268671578107963e+00 5.231988874490921237e-37
6.692771321416596919e+00 5.005370348684506360e-37
7.008497101674227459e+00 4.788440438661824109e-37
7.339116976400663184e+00 4.580966051406254387e-37
7.685333561802488944e+00 4.381934611611704111e-37
8.047882619406724558e+00 4.191065631927292085e-37
8.427534619663054727e+00 4.008622016790379735e-37
8.825096379307652228e+00 3.834275147308091761e-37
9.241412775968273152e+00 3.666917478282256646e-37
9.677368543654331745e+00 3.505888732952266502e-37
1.013389015294774786e+01 3.350934914349230767e-37
1.061194777989013893e+01 3.201803019910997326e-37
1.111255736775066083e+01 3.057861014848709979e-37
1.163678278605586947e+01 2.921663004027012148e-37
1.218573809147012454e+01 2.793738717673309229e-37
1.276058989533098575e+01 2.672376344767211719e-37
1.336255984287107523e+01 2.554012358094295919e-37
1.399292720939523527e+01 2.438640558533820458e-37
1.465303161892993522e+01 2.328575042398219687e-37
1.534427589112288182e+01 2.224492671743395651e-37
1.606812902244242736e+01 2.126271307937285667e-37
1.682612930801279916e+01 2.034230185001412394e-37
1.761988761071895482e+01 1.947573003930805929e-37
1.845109078452895801e+01 1.863488005195628210e-37
1.932150525930839535e+01 1.780954492787563471e-37
2.023298079474562527e+01 1.701086440520459357e-37
2.118745441136495700e+01 1.625867165056512136e-37
2.218695450698233174e+01 1.555001730466055312e-37
2.323360516735106529e+01 1.487358689874788074e-37
2.432963068015865460e+01 1.422511904229741087e-37
2.547736026196771775e+01 1.360029609195668964e-37
2.667923300814603138e+01 1.299240580167240772e-37
2.793780307630566284e+01 1.240182652277632116e-37
2.925574511426603763e+01 1.184704461888675412e-37
3.063585994407693391e+01 1.133046057206076334e-37
3.208108051417998752e+01 1.083959576961880698e-37
3.359447813235881597e+01 1.035734378706643689e-37
3.517926899272273289e+01 9.885471910453847072e-38
3.683882101059590042e+01 9.436243478730559116e-38
3.857666097983597098e+01 9.011383875629705979e-38
4.039648206779370554e+01 8.609241010402786380e-38
4.230215166384051884e+01 8.228105742271001789e-38
4.429771959814364379e+01 7.865537997918447634e-38
4.638742674815538436e+01 7.514998398255529420e-38
4.857571405110554252e+01 7.175024686215276076e-38
5.086723194165119111e+01 6.850414641867318639e-38
5.326685023473881841e+01 6.546513689708009940e-38
5.577966847468277933e+01 6.260776559718145041e-38
5.841102677245192609e+01 5.984632417199074308e-38
6.116651715419688884e+01 5.716550835138008639e-38
6.405199544513344279e+01 5.458377038799133691e-38
6.707359371403899218e+01 5.211646578387520067e-38
7.023773330480656796e+01 4.975812329656659453e-38
7.355113848275210842e+01 4.751173906592395466e-38
7.702085072467419025e+01 4.537271652337367996e-38
8.065424368303494873e+01 4.332380481672644353e-38
8.445903885606436745e+01 4.135120204585166419e-38
8.844332199708703968e+01 3.945761341044179755e-38
9.261556029794640210e+01 3.766321012410385089e-38
9.698462038304089106e+01 3.596535556031063903e-38
1.015597871522149092e+02 3.434791987945489151e-38
1.063507835125454477e+02 3.279805407116814082e-38
1.113677910409607534e+02 3.131369600816175916e-38
1.166214716215985021e+02 2.989811461580098280e-38
1.221229901038898333e+02 2.854861928445513430e-38
1.278840380295171428e+02 2.726294715547317404e-38
1.339168584786729070e+02 2.603957536138778049e-38
1.402342720884181801e+02 2.487641475505251626e-38
1.468497042984350003e+02 2.377438956352872972e-38
1.537772138820752730e+02 2.273026862226798628e-38
1.610315228233354787e+02 2.173291965325384439e-38
1.686280476032544868e+02 2.077402551979893316e-38
1.765829319622181970e+02 1.985343062545584154e-38
1.849130812078003032e+02 1.897348200496020845e-38
1.936361981410436783e+02 1.813246345663882971e-38
2.027708206775361930e+02 1.732067889148621544e-38
2.123363612432257810e+02 1.653489708290852764e-38
2.223531480287026341e+02 1.577898945147544432e-38
2.328424681896135837e+02 1.506364580471053960e-38
2.438266130850225295e+02 1.438690712612387075e-38
2.553289256498496798e+02 1.373811161928853001e-38
2.673738500020651827e+02 1.311213380234081558e-38
2.799869833900623917e+02 1.251190078968336085e-38
2.931951305905999448e+02 1.194413214387177470e-38
3.070263608729252951e+02 1.140728974511436092e-38
3.215100676501272119e+02 1.089977868190701363e-38
3.366770309444947316e+02 1.041958836291965360e-38
3.525594827996213780e+02 9.961472523627805096e-39
3.691911757782749532e+02 9.516476883343014947e-39
3.866074546915898509e+02 9.085030972376071583e-39
4.048453317120293491e+02 8.678624862641462190e-39
4.239435650297312463e+02 8.300724328642634280e-39
4.439427412194058320e+02 7.944195551620675897e-39
4.648853614928178217e+02 7.597111628086615956e-39
4.868159320201554010e+02 7.259825150723131167e-39
5.097810585122373936e+02 6.938705783044814585e-39
5.338295452645485284e+02 6.633706499796600682e-39
5.590124988736005207e+02 6.342649066919943428e-39
5.853834368460152291e+02 6.062804108828508220e-39
6.129984013311583340e+02 5.793748224696035960e-39
6.419160782190028840e+02 5.534908922083555318e-39
6.721979218563435552e+02 5.286236519698751420e-39
7.039082856463809321e+02 5.048193433190781457e-39
7.371145588092405205e+02 4.820667392904919524e-39
7.718873095940454050e+02 4.603397803017127953e-39
8.083004352468964271e+02 4.397711842110956038e-39
8.464313190534711566e+02 4.203803362335567062e-39
8.863609947899618646e+02 4.018743847685325386e-39
9.281743189318601708e+02 3.839290250548084693e-39
9.719601509865293565e+02 3.665893135057786843e-39
1.017811542332826889e+03 3.501914275593241495e-39
1.065825933969060770e+03 3.347401365785584246e-39
1.116105363589550052e+03 3.201843244759242567e-39
1.168756682429839202e+03 3.064044750256257705e-39
1.223891782341391718e+03 2.933199479406827671e-39
1.281627833578361788e+03 2.806682371342363584e-39
1.342087533801732434e+03 2.683799183263330208e-39
1.405399368830020649e+03 2.565680873929638658e-39
1.471697885690676912e+03 2.453276511608439136e-39
1.541123978552436256e+03 2.345986148700661297e-39
1.613825188146314758e+03 2.242002967924841797e-39
1.689956015311504643e+03 2.141391508197744544e-39
1.769678249332550649e+03 2.045484056896754261e-39
1.853161311765529263e+03 1.954494319815904420e-39
1.940582616483972515e+03 1.868062345089501291e-39
2.032127946709614434e+03 1.785557534144251816e-39
2.127991849829264538e+03 1.706754329514881291e-39
2.228378050836802686e+03 1.631543397708786644e-39
2.333499885278996771e+03 1.559801290937553685e-39
2.443580752625119203e+03 1.491557879300587492e-39
2.558854591023917237e+03 1.427405661916563125e-39
2.679566374456833273e+03 1.367248392548396650e-39
2.805972633343983944e+03 1.310114450465813097e-39
2.938341999709330594e+03 1.254792262211323212e-39
3.076955778063500020e+03 1.201413113693344433e-39
3.222108543217551869e+03 1.150479466938091805e-39
3.374108766298056707e+03 1.101919593394805965e-39
3.533279470293971826e+03 1.055574652496826137e-39
3.699958916528315967e+03 1.011318129182826790e-39
3.874501323513597981e+03 9.691248343052764145e-40
4.057277619718593542e+03 9.290899108021728062e-40
4.248676231846330666e+03 8.910562547540277454e-40
4.449103910298340452e+03 8.544353170994815611e-40
4.658986593579514192e+03 8.186225003702701789e-40
4.878770313480530604e+03 7.850166635279795447e-40
5.108922142961439022e+03 7.525085037231038342e-40
5.349931188750942965e+03 7.213429676840925986e-40
5.602309630770605509e+03 6.922828003444025758e-40
5.866593810593078160e+03 6.634401291211816245e-40
6.143345371247330149e+03 6.364721550628820116e-40
6.433152450793356365e+03 6.101707715611278727e-40
6.736630932202622716e+03 5.857111264938472587e-40
7.054425752200632814e+03 5.614939169507351703e-40
7.387212271852945378e+03 5.390166541411425476e-40
7.735697711807560154e+03 5.180157627965162284e-40
8.100622655243491863e+03 4.979916930831789184e-40
8.482762621719743038e+03 4.789208894171908897e-40
8.882929715269257940e+03 4.600576402132484935e-40
9.301974350240205240e+03 4.420018437398426478e-40
9.740787058552552480e+03 4.254892947575964465e-40
1.020030038221022551e+04 4.093154560485049973e-40
1.068149085509104407e+04 3.927366603869228562e-40
1.118538107822577331e+04 3.784867513485223839e-40
1.171304189297691119e+04 3.649599173697462841e-40
1.226559465673511841e+04 3.508728230503643142e-40
1.284421362596981999e+04 3.374273127672212993e-40
1.345012845169803950e+04 3.245757931789513149e-40
1.408462679267509884e+04 3.119686000558021135e-40
1.474905705186010709e+04 3.003394414464717130e-40
1.544483124197200777e+04 2.874218729518812597e-40
1.617342798622578812e+04 2.761401096782233005e-40
1.693639566062570520e+04 2.653616030776759027e-40
1.773535568449383572e+04 2.550716765659534740e-40
1.857200596622617741e+04 2.449362165069815369e-40
1.944812451159958073e+04 2.344863380699429425e-40
2.036557320229720426e+04 2.237605946767830441e-40
2.132630175268313542e+04 2.127007106891537100e-40
2.233235185323405312e+04 2.014122672204498630e-40
2.338586150943400571e+04 1.900611009758067699e-40
2.448906958535255399e+04 1.787644217013380983e-40
2.564432056156284307e+04 1.674930894184787726e-40
2.685406951750990265e+04 1.561892607464306368e-40
2.812088734891816057e+04 1.447557369683950240e-40
2.944746623132575405e+04 1.302178089725212838e-40
3.083662534135605893e+04 1.092991664096006159e-40
3.229131684788598068e+04 8.525688834859772514e-41
3.381463218584184506e+04 6.118539876015301563e-41
3.540980862595669169e+04 3.921083829956804788e-41
3.708023615444979077e+04 2.077113322266025729e-41
3.882946467724993272e+04 7.941452031327298101e-42
4.066121156407108356e+04 2.897537585362659086e-42
4.257936954837378289e+04 1.232809905152153014e-42
4.458801500000004307e+04 4.780527270838941097e-43
