1.056583745000000130e-01 4.517240887870678084e-36
1.106425323505340341e-01 5.243099806286159156e-36
1.158618048296679720e-01 6.028820630108129726e-36
1.213272828559159577e-01 6.853722201826334959e-36
1.270505805329048832e-01 7.680333783406230852e-36
1.330438598292656427e-01 8.443633047061915628e-36
1.393198564227337843e-01 9.045059036258908951e-36
1.458919067633780431e-01 9.544104309431537895e-36
1.527739764134658784e-01 9.978524297356370593e-36
1.599806897241886072e-01 1.032893768102277861e-35
1.675273609123078544e-01 1.063260082499523781e-35
1.754300266027621347e-01 1.096098371043189253e-35
1.837054799063859989e-01 1.129846176561296000e-35
1.923713061051558204e-01 1.162400971589212214e-35
2.014459200207947831e-01 1.192035024156684732e-35
2.109486051461436917e-01 1.217963993703705000e-35
2.208995546224519213e-01 1.239737426008810854e-35
2.313199141496653233e-01 1.260696394734457931e-35
2.422318269208949548e-01 1.282553527441006585e-35
2.536584806765513900e-01 1.305298239155877709e-35
2.656241569781356282e-01 1.327920320316673181e-35
2.781542828063922057e-01 1.347695172650636661e-35
2.912754845934700798e-01 1.362515264299706339e-35
3.050156448039098023e-01 1.371875771435069767e-35
3.194039611846913873e-01 1.381557039229634778e-35
3.344710088102473833e-01 1.392286775575805776e-35
3.502488050542889031e-01 1.403935037645910281e-35
3.667708776265060644e-01 1.414220540186092892e-35
3.840723358187234093e-01 1.421702700901152394e-35
4.021899451119066438e-01 1.425150721086140793e-35
4.211622053025587120e-01 1.425414161455689953e-35
4.410294323145260154e-01 1.423582953139919434e-35
4.618338438700625992e-01 1.425459994628336095e-35
4.836196492022019622e-01 1.431230246200509452e-35
5.064331429990770461e-01 1.429332286795096622e-35
5.303228037798178862e-01 1.422768185722718119e-35
5.553393969110740347e-01 1.419082256700013723e-35
5.815360824830743125e-01 1.414104400076268350e-35
6.089685282744565775e-01 1.406281842810492275e-35
6.376950280459184883e-01 1.398358886175656077e-35
6.677766254140623525e-01 1.389171203813328530e-35
6.992772435686660515e-01 1.375645604509135547e-35
7.322638211090253257e-01 1.360548236789070547e-35
7.668064542880221879e-01 1.344671500618541598e-35
8.029785459661863412e-01 1.327063754006597963e-35
8.408569615922735219e-01 1.308186890985380519e-35
8.805221925418211804e-01 1.288946202534317002e-35
9.220585271607750766e-01 1.268520448030649377e-35
9.655542298776498278e-01 1.246783447444675463e-35
1.011101728764839391e+00 1.224940549133856682e-35
1.058797811947642442e+00 1.202824126820764100e-35
1.108743833278371227e+00 1.179523400652226981e-35
1.161045927712594850e+00 1.155622738519661268e-35
1.215815236845201763e+00 1.131227036990370725e-35
1.273168145085531888e+00 1.106387799392422846e-35
1.333226526973451787e+00 1.081349423864383880e-35
1.396118006161927383e+00 1.056275814755780589e-35
1.461976226616416019e+00 1.031276403977552026e-35
1.530941136607382180e+00 1.006404395650641024e-35
1.603159286099423930e+00 9.815450699290426839e-36
1.678784138168949225e+00 9.563938586645388966e-36
1.757976395112166967e+00 9.306478567403511286e-36
1.840904339936377587e+00 9.048817893410807147e-36
1.927744193960216457e+00 8.794669616592815558e-36
2.018680491282755174e+00 8.543831904087531777e-36
2.113906470917211955e+00 8.293560614025599305e-36
2.213624487422536369e+00 8.043997505580931635e-36
2.318046440905469741e+00 7.796231704157880508e-36
2.427394227306834296e+00 7.551152101392495427e-36
2.541900209928896981e+00 7.309990598380716427e-36
2.661807713205801118e+00 7.074427586378438905e-36
2.787371539766342110e+00 6.843266488565281416e-36
2.918858511887814533e+00 6.617421520979125664e-36
3.056548038491535113e+00 6.395945818595039618e-36
3.200732708884906685e+00 6.178742653271014451e-36
3.351718914511701009e+00 5.965940010818321060e-36
3.509827500031789338e+00 5.757875675333915507e-36
3.675394445113871367e+00 5.554276808721446972e-36
3.848771578389980963e+00 5.354658115980170172e-36
4.030327325088928880e+00 5.159394327834871156e-36
4.220447489937420471e+00 4.968717434679380027e-36
4.419536076992470086e+00 4.781976739107023644e-36
4.628016148147268360e+00 4.601022356034744859e-36
4.846330722134835511e+00 4.426778337996725507e-36
5.074943715939815192e+00 4.258691499483060096e-36
5.314340930618899783e+00 4.094148219872196827e-36
5.565031083624786490e+00 3.932990919706952068e-36
5.827546889827299736e+00 3.777411410028823723e-36
6.102446193528851204e+00 3.629008317986246492e-36
6.390313153879808361e+00 3.487203122544712871e-36
6.691759486212709440e+00 3.351692459386687872e-36
7.007425761933167685e+00 3.221850700265550616e-36
7.337982769729775256e+00 3.096223302693326543e-36
7.684132940995493044e+00 2.973433403662410946e-36
8.046611842489568289e+00 2.853601335347602396e-36
8.426189739411919177e+00 2.738359615390555642e-36
8.823673232211437067e+00 2.627808739231824752e-36
9.239906970606430292e+00 2.520670582408545019e-36
9.675775448459569716e+00 2.416132099628205111e-36
1.013220488332130031e+01 2.315055439751571589e-36
1.061016518463583758e+01 2.218145532867726992e-36
1.111067201479217204e+01 2.125139813256439426e-36
1.163478894739968084e+01 2.036402516042993617e-36
1.218362972737484284e+01 1.951930973861502483e-36
1.275836063764164230e+01 1.870917232675128556e-36
1.336020297747478303e+01 1.791918800381431653e-36
1.399043565775236964e+01 1.714912624281904164e-36
1.465039791863286389e+01 1.641609523752495125e-36
1.534149217543123811e+01 1.572754035335306675e-36
1.606518699874200706e+01 1.507364914698113512e-36
1.682302023514181144e+01 1.443644903585325333e-36
1.761660227510283150e+01 1.381426429720653750e-36
1.844761947506162869e+01 1.321380384581809943e-36
1.931783774091516293e+01 1.263751106910463468e-36
2.022910628055870674e+01 1.208687691879882359e-36
2.118336153344007755e+01 1.156225945749101080e-36
2.218263128548037955e+01 1.106240305204229674e-36
2.322903897810515517e+01 1.058294625843797493e-36
2.432480822054302649e+01 1.012157328004672446e-36
2.547226751498025976e+01 9.678103775294355670e-37
2.667385520461192527e+01 9.255392594376073494e-37
2.793212465510467624e+01 8.852036593172482460e-37
2.924974968048149293e+01 8.462582510337424311e-37
3.062953022495814537e+01 8.084712822002081314e-37
3.207439831280566267e+01 7.721759561869063859e-37
3.358742427888208226e+01 7.377234865232537385e-37
3.517182329307293998e+01 7.050470801832846552e-37
3.683096219250548842e+01 6.743549203552683774e-37
3.856836663605481874e+01 6.456256887988989393e-37
4.038772859634475054e+01 6.183362983934547128e-37
4.229291420516467781e+01 5.917968256699842104e-37
4.428797196897340172e+01 5.659834239440347991e-37
4.637714137194761577e+01 5.411556920393248489e-37
4.856486188485703082e+01 5.173609247988462606e-37
5.085578239890973151e+01 4.945856224774467063e-37
5.325477110461405061e+01 4.729330773502850479e-37
5.576692583665046499e+01 4.523122509836110827e-37
5.839758490673573732e+01 4.321584057923773895e-37
6.115233844749872105e+01 4.123333793965427977e-37
6.403704029147426979e+01 3.932475716955058421e-37
6.705782041045780772e+01 3.753687689076124380e-37
7.022109794165328367e+01 3.585981058625724937e-37
7.353359482829621641e+01 3.427538013183228333e-37
7.700235010373766897e+01 3.277456876386261253e-37
8.063473484934168312e+01 3.134161809498960401e-37
8.443846785798331211e+01 2.996313717386338296e-37
8.842163203643123381e+01 2.863771447447202862e-37
9.259269158146911138e+01 2.736575789445346271e-37
9.696050996625646690e+01 2.614584778076204784e-37
1.015343687751491188e+02 2.497294369194871673e-37
1.063239874270022085e+02 2.384229855546091477e-37
1.113395438288694805e+02 2.275397142310607916e-37
1.165916960039868542e+02 2.172042628892629866e-37
1.220916047399986013e+02 2.074167128028473736e-37
1.278509573055555535e+02 1.981159701580428200e-37
1.338819922856818039e+02 1.892077427971556221e-37
1.401975255886839307e+02 1.806875191320880153e-37
1.468109776798692963e+02 1.726247456106283821e-37
1.537364020999440299e+02 1.650095346966675194e-37
1.609885153286904824e+02 1.577690150763941640e-37
1.685827280573871008e+02 1.508399340490073633e-37
1.765351779364231959e+02 1.441951146052079009e-37
1.848627638676950369e+02 1.377513908179769355e-37
1.935831819146580131e+02 1.314950771422931500e-37
2.027149629063417819e+02 1.254987883991355103e-37
2.122775118152346181e+02 1.198259017491235496e-37
2.222911489927184618e+02 1.144469815673006564e-37
2.327771533496783150e+02 1.092883209283039796e-37
2.437578075740414647e+02 1.043329462563078156e-37
2.552564454813386305e+02 9.960053170990734845e-38
2.672975015989039207e+02 9.510588295542915289e-38
2.799065630890777925e+02 9.083502463484417072e-38
2.931104241217534536e+02 8.677690285774983636e-38
3.069371428118067797e+02 8.292004551638154879e-38
3.214161008423977250e+02 7.924347755828572505e-38
3.365780659008479461e+02 7.573052404724019164e-38
3.524552570597681438e+02 7.237584580808556056e-38
3.690814132423662386e+02 6.918099454521240539e-38
3.864918649174305756e+02 6.613892754959434566e-38
4.047236091763370496e+02 6.322102692429087342e-38
4.238153883516139899e+02 6.040467838514050748e-38
4.438077723441368789e+02 5.769595674616314895e-38
4.647432448338926747e+02 5.512677125260969241e-38
4.866662935575081974e+02 5.269269026986535346e-38
5.096235048443892879e+02 5.035360527948945692e-38
5.336636626123553242e+02 4.808616171092658993e-38
5.588378520331298205e+02 4.589420799020041040e-38
5.851995680879840620e+02 4.379158288974015043e-38
6.128048292442103957e+02 4.177688404100931842e-38
6.417122964939807161e+02 3.986756262014192728e-38
6.719833980085571739e+02 3.807123238561645410e-38
7.036824596727407197e+02 3.637368020630967681e-38
7.368768417769344978e+02 3.474715058269849546e-38
7.716370821573046896e+02 3.318712233487048747e-38
8.080370460882046473e+02 3.168960948905724334e-38
8.461540832453755456e+02 3.025090502558752659e-38
8.860691920734873293e+02 2.887676546960587599e-38
9.278671919072764922e+02 2.758658733389745290e-38
9.716369032120585416e+02 2.637542322086717127e-38
1.017471336326614733e+03 2.521400654897841768e-38
1.065467889109523185e+03 2.408891070167074588e-38
1.115728553908953472e+03 2.300473904538966343e-38
1.168360134295705848e+03 2.197343004966895221e-38
1.223474472020075837e+03 2.099300149666323851e-38
1.281188684674812976e+03 2.006201287001913140e-38
1.341625414569208488e+03 1.917870286152444325e-38
1.404913089343164302e+03 1.833605600263093842e-38
1.471186194875066803e+03 1.752158264206602312e-38
1.540585561063346404e+03 1.673493824846707445e-38
1.613258661089064617e+03 1.598755064087440935e-38
1.689359924795417783e+03 1.528185901556801956e-38
1.769051066850103780e+03 1.461183498532015231e-38
1.852501430387886558e+03 1.396781895053202256e-38
1.939888346863620654e+03 1.334888154270554040e-38
2.031397512880365184e+03 1.275674245719160712e-38
2.127223384793414880e+03 1.218985148924478528e-38
2.227569591928730006e+03 1.164571517451604132e-38
2.332649369293869313e+03 1.112075925701093947e-38
2.442686010700924726e+03 1.061450460485106320e-38
2.557913343264371633e+03 1.012696761424978866e-38
2.678576224282070143e+03 9.658992306057448088e-39
2.804931061555374527e+03 9.213425038722204641e-39
2.937246358253962626e+03 8.794881301889079736e-39
3.075803283483245195e+03 8.401084249271697554e-39
3.220896269766795740e+03 8.024261430107928034e-39
3.372833638713485925e+03 7.662552267294782055e-39
3.531938256198767704e+03 7.318242192935829113e-39
3.698548218452489891e+03 6.994805955788823670e-39
3.873017570511078702e+03 6.690394840818087894e-39
4.055717058560832356e+03 6.398447980226053502e-39
4.247034917771035907e+03 6.116293190387913215e-39
4.447377697291090044e+03 5.845183315517671191e-39
4.657171124164635330e+03 5.586610790184164556e-39
4.876861007996661101e+03 5.339984158049849342e-39
5.106914188295871099e+03 5.104874822221652774e-39
5.347819526505467365e+03 4.881315768454256684e-39
5.600088944830376022e+03 4.667504623988050725e-39
5.864258514068498698e+03 4.461428033192774038e-39
6.140889592757445826e+03 4.263192868522162090e-39
6.430570020057648435e+03 4.074696918645019572e-39
6.733915364906572904e+03 3.895529913717468339e-39
7.051570234098517176e+03 3.724995002559438659e-39
7.384209642069655274e+03 3.562227690787456211e-39
7.732540445299178828e+03 3.406719591568641343e-39
8.097302844374416964e+03 3.257169085302125955e-39
8.479271956912112728e+03 3.113027354875840159e-39
8.879259464678067161e+03 2.975109585587479594e-39
9.298115338405368675e+03 2.844120892615854469e-39
9.736729643976406805e+03 2.719708770443285256e-39
1.019603443380688623e+04 2.601746196918803402e-39
1.067700572745076352e+04 2.490265595750840989e-39
1.118066558563522449e+04 2.383187568034743799e-39
1.170808428213277330e+04 2.278584497569402434e-39
1.226038257808570233e+04 2.176993916701772406e-39
1.283873410361588321e+04 2.080788586832443144e-39
1.344436785178088394e+04 1.990149963911837433e-39
1.407857079017571414e+04 1.904076748257300089e-39
1.474269059573030063e+04 1.821779858666162329e-39
1.543813851851377876e+04 1.743283948625501287e-39
1.616639238063125049e+04 1.669217552795696631e-39
1.692899971658583672e+04 1.599208008902556482e-39
1.772758106177878653e+04 1.532539412573154175e-39
1.856383339613628050e+04 1.468519593502682883e-39
1.943953375018023871e+04 1.407140581793360161e-39
2.035654298120605381e+04 1.348656567150918791e-39
2.131680972759166616e+04 1.292899957998554326e-39
2.232237454964101926e+04 1.239765550634905810e-39
2.337537426576058715e+04 1.189140719781013881e-39
2.447804649318409793e+04 1.140645855858613763e-39
2.563273440289390783e+04 1.093311721021278021e-39
2.684189169884339208e+04 1.047393500462698663e-39
2.810808783206110456e+04 1.003995998442645093e-39
2.943401346071696025e+04 9.633852259440278479e-40
3.082248616775219489e+04 9.251556239889421166e-40
3.227645644822418399e+04 8.884389159057080462e-40
3.379901397908831132e+04 8.530100923503033914e-40
3.539339418474047125e+04 8.192974302462697434e-40
3.706298511227184645e+04 7.874585334509069302e-40
3.881133463104621478e+04 7.572327567046003232e-40
4.064215797189775185e+04 7.280978738287345445e-40
4.255934562197162450e+04 7.000611512860897781e-40
4.456697159198256122e+04 6.738702593875956731e-40
4.666930207345999952e+04 6.492860974627920629e-40
4.887080450437588297e+04 6.248531846207444521e-40
5.117615706242039596e+04 6.034372382954290155e-40
5.359025860609714437e+04 5.817043843662836400e-40
5.611823908476454380e+04 5.602661610218773612e-40
5.876547043974319240e+04 5.396213223030863008e-40
6.153757801965464751e+04 5.203824470719647328e-40
6.444045253424884868e+04 5.028612128212221117e-40
6.748026257212278142e+04 4.857714173047043204e-40
7.066346770892852510e+04 4.697416395529088770e-40
7.399683223392807122e+04 4.544313947464919985e-40
7.748743952406183234e+04 4.399961992210613992e-40
8.114270709607654135e+04 4.254398530172563317e-40
8.497040236869761429e+04 4.121688002037079358e-40
8.897865916834185191e+04 4.000994621733162326e-40
9.317599501344218152e+04 3.889713679927671445e-40
9.757132921411712596e+04 3.779770236537741614e-40
1.021740018256438489e+05 3.675475233234279557e-40
1.069937934960122366e+05 3.578813983571740832e-40
1.120409462497349887e+05 3.487607121852230954e-40
1.173261852520810062e+05 3.401746531318558897e-40
1.228607415999772347e+05 3.322285301009893264e-40
1.286563761880141974e+05 3.247227184696383136e-40
1.347254047002667212e+05 3.179684067155209791e-40
1.410807237810388033e+05 3.114932812630497938e-40
1.477358384401447838e+05 3.053903618792089279e-40
1.547048907509644632e+05 2.974451490602179400e-40
1.620026899022511789e+05 2.920872091586494535e-40
1.696447436675581557e+05 2.872781963779012926e-40
1.776472913591516553e+05 2.831980881205107737e-40
1.860273383364390756e+05 2.795597327959639802e-40
1.948026921422415471e+05 2.764293877246265905e-40
2.039920003437028499e+05 2.737515308622647195e-40
2.136147901582405902e+05 2.714944140434786840e-40
2.236915099487516563e+05 2.697104555439351207e-40
2.342435726762440754e+05 2.687473450775392098e-40
2.452934014022334886e+05 2.686118967274809419e-40
2.568644769375956967e+05 2.692904039120764355e-40
2.689813877391322167e+05 2.707677742669477123e-40
2.816698821598706418e+05 2.730040962155711117e-40
2.949569231641416554e+05 2.750477361137786605e-40
3.088707456236943253e+05 2.752960557371896740e-40
3.234409163166065700e+05 2.734437591185639572e-40
3.386983967564865598e+05 2.691114122901911848e-40
3.546756089854816673e+05 2.617384062418725736e-40
3.714065044708928326e+05 2.504460408423416610e-40
3.889266362518148962e+05 2.339331242050024427e-40
4.072732344891016837e+05 2.109141137683547150e-40
4.264852855792048504e+05 1.785109397763372267e-40
4.466036150000001071e+05 1.241658494399607392e-40
