1.056583745000000130e-01 5.485991560865242974e-36
1.106347442038785878e-01 6.468244289146534130e-36
1.158454943394727626e-01 7.472456970627106152e-36
1.213016639151441173e-01 8.453754722915218469e-36
1.270148118619486566e-01 9.496198481707152882e-36
1.329970415213083956e-01 1.049793744881646539e-35
1.392610262860193016e-01 1.118537245810777269e-35
1.458200364489173062e-01 1.171514503184163943e-35
1.526879673160807249e-01 1.219184534817279723e-35
1.598793686441273010e-01 1.256503446621461975e-35
1.674094754639692817e-01 1.285816170114167794e-35
1.752942403563262086e-01 1.312698960779134434e-35
1.835503672473719483e-01 1.335352442451267961e-35
1.921953467961118600e-01 1.352760597856061659e-35
2.012474934484589362e-01 1.370921761011831312e-35
2.107259842365073188e-01 1.390140042485815242e-35
2.206508994052007733e-01 1.409145715768952466e-35
2.310432649524636062e-01 1.427136614289163523e-35
2.419250971729151323e-01 1.443344502362244317e-35
2.533194492995340941e-01 1.456447101114105097e-35
2.652504603420842155e-01 1.466269083388564698e-35
2.777434062257651548e-01 1.471718517260174347e-35
2.908247533384253347e-01 1.478088593548310127e-35
3.045222145997784624e-01 1.486962530211432330e-35
3.188648081714062776e-01 1.494026195433240022e-35
3.338829189319237889e-01 1.498149099894325662e-35
3.496083628475442628e-01 1.498790447215357313e-35
3.660744543744122725e-01 1.496473565497556469e-35
3.833160770354982483e-01 1.492207615953366748e-35
4.013697573215699310e-01 1.490804005546276221e-35
4.202737420728038242e-01 1.491120437206174939e-35
4.400680795049660698e-01 1.488370330231798749e-35
4.607947040518214910e-01 1.482942840363082702e-35
4.824975252035058060e-01 1.474653431600253990e-35
5.052225205290690191e-01 1.464249219257726320e-35
5.290178330802576268e-01 1.452038417789983910e-35
5.539338733828846895e-01 1.438392676843827874e-35
5.800234262318612055e-01 1.422851683243164401e-35
6.073417625161287026e-01 1.405603642413108776e-35
6.359467563104017618e-01 1.389591818460881738e-35
6.658990074817741078e-01 1.372915107642069355e-35
6.972619700709355994e-01 1.350327160891741062e-35
7.301020867199732312e-01 1.328124033089592229e-35
7.644889294315444506e-01 1.308400522118299333e-35
8.004953469576223668e-01 1.284438955474749706e-35
8.381976191300535284e-01 1.258120742991280742e-35
8.776756184598838439e-01 1.235127227452108260e-35
9.190129793477955777e-01 1.211212801704198219e-35
9.622972752641364425e-01 1.184284803114086729e-35
1.007620204273889097e+00 1.156788635901069998e-35
1.055077783299624539e+00 1.129435079173045030e-35
1.104770551533983403e+00 1.102223963600804422e-35
1.156803783432615029e+00 1.075410651713737746e-35
1.211287711738801010e+00 1.048393645867833403e-35
1.268337761012248377e+00 1.021128308921266874e-35
1.328074792156774597e+00 9.938391238186635384e-36
1.390625358464927075e+00 9.666940524665880856e-36
1.456121973721961060e+00 9.398252945106823846e-36
1.524703392937167834e+00 9.133609921924377315e-36
1.596514906297270109e+00 8.873033401304201354e-36
1.671708646964634282e+00 8.610709879761250101e-36
1.750443913372377480e+00 8.342274343270178831e-36
1.832887506699141245e+00 8.073660311944258700e-36
1.919214084238484386e+00 7.810948776384688656e-36
2.009606529411501974e+00 7.556154003429035350e-36
2.104256339206559190e+00 7.308855816531635399e-36
2.203364029866915264e+00 7.068997480607399616e-36
2.307139561685696449e+00 6.835347040781480759e-36
2.415802783808163934e+00 6.604776696967435903e-36
2.529583899983563811e+00 6.376520357468473105e-36
2.648723956253285383e+00 6.155687524663862879e-36
2.773475351608475137e+00 5.942278303014133029e-36
2.904102372698964540e+00 5.735489557806238725e-36
3.040881753726268677e+00 5.531726545575369889e-36
3.184103262706803772e+00 5.330548392274556812e-36
3.334070315347339886e+00 5.132574722789943789e-36
3.491100617833162278e+00 4.938279912652824417e-36
3.655526839890713031e+00 4.748241237777472151e-36
3.827697319550581678e+00 4.563264114836772819e-36
4.007976801103922071e+00 4.384521725857025469e-36
4.196747207815617386e+00 4.212701712883598251e-36
4.394408451031230456e+00 4.047090770227422564e-36
4.601379277391800748e+00 3.887865068185926771e-36
4.818098155951371808e+00 3.734401291142541244e-36
5.045024207076545864e+00 3.586122472105491660e-36
5.282638175095992317e+00 3.442484039103439433e-36
5.531443446760473392e+00 3.303384044197185118e-36
5.791967117670973053e+00 3.169590050137265732e-36
6.064761108934192180e+00 3.042099282669242841e-36
6.350403336411021726e+00 2.920689237873943977e-36
6.649498935035104807e+00 2.803315368614966519e-36
6.962681540795159663e+00 2.689167128979090250e-36
7.290614633096967445e+00 2.579790194325817592e-36
7.633992940348868217e+00 2.476619255960485223e-36
7.993543911748441033e+00 2.378799918483654867e-36
8.370029258388411719e+00 2.283910701947235204e-36
8.764246566946580330e+00 2.191487836377677739e-36
9.177030989378469172e+00 2.101705885468442962e-36
9.609257012192193415e+00 2.014642567561392790e-36
1.006184030905386884e+01 1.930109990986950615e-36
1.053573968064830524e+01 1.848387012277364148e-36
1.103195908590452845e+01 1.769322176286232382e-36
1.155154976888936957e+01 1.693244842235321860e-36
1.209561248587491455e+01 1.620415393366642989e-36
1.266529983729791553e+01 1.550831315755888492e-36
1.326181870955131359e+01 1.483796607754082339e-36
1.388643283178107524e+01 1.419153980445851417e-36
1.454046545310462157e+01 1.357314168559038735e-36
1.522530214592278064e+01 1.298660621491356936e-36
1.594239374126401998e+01 1.243053964717248227e-36
1.669325940237949979e+01 1.189950634056004812e-36
1.747948984310039933e+01 1.139090354105391337e-36
1.830275069777555785e+01 1.090281568922284191e-36
1.916478604992885337e+01 1.043265403996963655e-36
2.006742212711154849e+01 9.980301593784225308e-37
2.101257116977735251e+01 9.550752173584664099e-37
2.200223548237637061e+01 9.143605102968651808e-37
2.303851167525021992e+01 8.754758507988401604e-37
2.412359510631483417e+01 8.380497071156780214e-37
2.525978453194051454e+01 8.019551301582862289e-37
2.644948697688252892e+01 7.671878634868909000e-37
2.769522283357875736e+01 7.336720575372697135e-37
2.899963120161764607e+01 7.015855272218211172e-37
3.036547547868800123e+01 6.710101553961021502e-37
3.179564921485512485e+01 6.417937427267684739e-37
3.329318224256565628e+01 6.134877361862484327e-37
3.486124709536737498e+01 5.860411327310815356e-37
3.650316572894251266e+01 5.595718873326402877e-37
3.822241655869257215e+01 5.341862956309928356e-37
4.002264182878418808e+01 5.099990356365127883e-37
4.190765532826731743e+01 4.872634795801533791e-37
4.388145047061237136e+01 4.658892200363550416e-37
4.594820875378288605e+01 4.454389686550310691e-37
4.811230861876625653e+01 4.256194814916329852e-37
5.037833472532994961e+01 4.065208093158846208e-37
5.275108766465313437e+01 3.885790191433256718e-37
5.523559412941065716e+01 3.717550380874674718e-37
5.783711756285445915e+01 3.555961030288924641e-37
6.056116930945265153e+01 3.398235419032659614e-37
6.341352029070900898e+01 3.244467077385615430e-37
6.640021323089779060e+01 3.096173642937497240e-37
6.952757545861514643e+01 2.953288449134511123e-37
7.280223231126608141e+01 2.817489407140807597e-37
7.623112117088517437e+01 2.689714154367581913e-37
7.982150616102609320e+01 2.569317511129367015e-37
8.358099353585491542e+01 2.453867012527687365e-37
8.751754779404963358e+01 2.343070251939800813e-37
9.163950855164250697e+01 2.238204197103120785e-37
9.595560820955189740e+01 2.139495790723096599e-37
1.004749904532306033e+02 2.046132384498454518e-37
1.052072296236235189e+02 1.957139598773197178e-37
1.101623510004718156e+02 1.872192340968258395e-37
1.153508520409339155e+02 1.790644067877648592e-37
1.207837246185173825e+02 1.712167005281517378e-37
1.264724783094347060e+02 1.636684162199288188e-37
1.324291647757167425e+02 1.564062851711427208e-37
1.386664032967372862e+02 1.494231689303810325e-37
1.451974075032395319e+02 1.427515450968790862e-37
1.520360133704992904e+02 1.364018013048677244e-37
1.591967085299296230e+02 1.303414318534042992e-37
1.666946629612229742e+02 1.245000354540268916e-37
1.745457611300528811e+02 1.188691701648746423e-37
1.827666356394181264e+02 1.134887849171565782e-37
1.913747024659223541e+02 1.083593838450125452e-37
2.003881978556341323e+02 1.034740293622077561e-37
2.098262169576940153e+02 9.884473660836412996e-38
2.197087542775135489e+02 9.445532315213437298e-38
2.300567460352659168e+02 9.024759662904919357e-38
2.408921145194063342e+02 8.619600227441172585e-38
2.522378145291828275e+02 8.231213689213268820e-38
2.641178820045305997e+02 7.862700162077721370e-38
2.765574849463675946e+02 7.512876547463086453e-38
2.895829767351699502e+02 7.179022358027811113e-38
3.032219519607812686e+02 6.859810134765013955e-38
3.175033048817326744e+02 6.553859742289087164e-38
3.324572906379190158e+02 6.259195332381889281e-38
3.481155893463104576e+02 5.975644319736360578e-38
3.645113732154897548e+02 5.705024483266739467e-38
3.816793768211928750e+02 5.447937399898905614e-38
3.996559706917358312e+02 5.203472454571081608e-38
4.184792383592175611e+02 4.969940461746214496e-38
4.381890570397329157e+02 4.746844822886532352e-38
4.588271821135166988e+02 4.534378788236991755e-38
4.804373355839892952e+02 4.331584155357542862e-38
5.030652987031104999e+02 4.137820987842605342e-38
5.267590089592604272e+02 3.953050122025409838e-38
5.515686616331234973e+02 3.776898386482895583e-38
5.775468161367205084e+02 3.609494015599647192e-38
6.047485073608676203e+02 3.450622313525177231e-38
6.332313622669541928e+02 3.298535555565717088e-38
6.630557219700368705e+02 3.150895238241723639e-38
6.942847695718908199e+02 3.007853664491125256e-38
7.269846640148235792e+02 2.871051191833078719e-38
7.612246802398290129e+02 2.741000920049866535e-38
7.970773559460043316e+02 2.617499839069534423e-38
8.346186452621418539e+02 2.500114024672424640e-38
8.739280796560504996e+02 2.388399666071550812e-38
9.150889364224882456e+02 2.281054308173475591e-38
9.581884151066631148e+02 2.177537622424811255e-38
1.003317822237038740e+03 2.078778900635798595e-38
1.050572764758815083e+03 1.985969792863198860e-38
1.100053352577869646e+03 1.898475436054907195e-38
1.151864410644245709e+03 1.814044947357056251e-38
1.206115701024508780e+03 1.732187836564379073e-38
1.262922155433387388e+03 1.653569376486601912e-38
1.322404118717384790e+03 1.578893385992268929e-38
1.384687603806105926e+03 1.507961648138578994e-38
1.449904558671496716e+03 1.440661646531553320e-38
1.518193145860469713e+03 1.376812549935183859e-38
1.589698035193174064e+03 1.315897861767377087e-38
1.664570710246969838e+03 1.257425898054285577e-38
1.742969789275357016e+03 1.201361309285965183e-38
1.825061361241814438e+03 1.147817675114454730e-38
1.911019337680330636e+03 1.096637988493946536e-38
2.001025821128158668e+03 1.047881358271999282e-38
2.095271490911211004e+03 1.001620170864352697e-38
2.193956007099473936e+03 9.576056573057468935e-39
2.297288433488187820e+03 9.150893327896443616e-39
2.405487680500841634e+03 8.739796376213603658e-39
2.518782968952375995e+03 8.345422105368995711e-39
2.637414315654947131e+03 7.969617305194954871e-39
2.761633041895157930e+03 7.611374524857272734e-39
2.891702305859816988e+03 7.268359847882099669e-39
3.027897660138301035e+03 6.941448626423068725e-39
3.170507635482539627e+03 6.631049324617978510e-39
3.319834352061267509e+03 6.336749458758323855e-39
3.476194159503633273e+03 6.057377464393270823e-39
3.639918307087912581e+03 5.790746806919829508e-39
3.811353645495334149e+03 5.534422735595441286e-39
3.990863361615474787e+03 5.290209614926754982e-39
4.178827747960086526e+03 5.059504523513726770e-39
4.375645008315309497e+03 4.840734837281892278e-39
4.581732101338940993e+03 4.629106049066767038e-39
4.797525623890164752e+03 4.424439875258167999e-39
5.023482735962787046e+03 4.228668195670841772e-39
5.260082129181756500e+03 4.042726738019866577e-39
5.507825040914452984e+03 3.866109723367427657e-39
5.767236316145360433e+03 3.698432178771825844e-39
6.038865519363648673e+03 3.539469964160284208e-39
6.323288098819074548e+03 3.387803554378227847e-39
6.621106605612965723e+03 3.242447032316992740e-39
6.932951970206586338e+03 3.103416411440255354e-39
7.259484839051563540e+03 2.970479011353165387e-39
7.601396974173637318e+03 2.842609972827070476e-39
7.959412718675091128e+03 2.719065671810354064e-39
8.334290531260417993e+03 2.599534386523137377e-39
8.726824593035949874e+03 2.484292511230140868e-39
9.137846489987878158e+03 2.374413131494833665e-39
9.568226974702487496e+03 2.270529593560728224e-39
1.001887781106136026e+04 2.171654817072207460e-39
1.049075370581902644e+04 2.077091659276423718e-39
1.098485433115552769e+04 1.987218768716861590e-39
1.150222644248857432e+04 1.902705604327892802e-39
1.204396609603160323e+04 1.822961671004154309e-39
1.261122097079624837e+04 1.747354476785129650e-39
1.320519279995766374e+04 1.675510608233997557e-39
1.382713991673434612e+04 1.606909319666690921e-39
1.447837992017513534e+04 1.540452049601540591e-39
1.516029246650151799e+04 1.475884059789897292e-39
1.587432219191848526e+04 1.413986560941603974e-39
1.662198177308560116e+04 1.355028089317064195e-39
1.740485513173268555e+04 1.298953982075226770e-39
1.822460079020813282e+04 1.245161576934023876e-39
1.908295538506965750e+04 1.193763886416752248e-39
1.998173734616001093e+04 1.144551385555580121e-39
2.092285074896261722e+04 1.097367458275330279e-39
2.190828934839812791e+04 1.052304528899927815e-39
2.294014080260700575e+04 1.009680445709288949e-39
2.402059109566734696e+04 9.693722230562649092e-40
2.515192916861613048e+04 9.312517677663737083e-40
2.633655176858622144e+04 8.951918867492366857e-40
2.757696852633053641e+04 8.612116991320761919e-40
2.887580727289141942e+04 8.287297388512379635e-40
3.023581960667813837e+04 7.973878298494888359e-40
3.165988672274575219e+04 7.671427168809233002e-40
3.315102551662623591e+04 7.381123607231602323e-40
3.471239497564095655e+04 7.109483103406866386e-40
3.634730287123658491e+04 6.851930151687153539e-40
3.805921276652011875e+04 6.598752050343030930e-40
3.985175135384027817e+04 6.363634059385738192e-40
4.172871613795927260e+04 6.132490561341176725e-40
4.369408348109101644e+04 5.916300735391437003e-40
4.575201702685123746e+04 5.717023886044365071e-40
4.790687652096311649e+04 5.523941912065579482e-40
5.016322704740791960e+04 5.334073012024231966e-40
5.252584869958474155e+04 5.161280919925849740e-40
5.499974670697000693e+04 4.989449876123712695e-40
5.759016203872930782e+04 4.836015827166533076e-40
6.030258250674419833e+04 4.691552097823380002e-40
6.314275439157861547e+04 4.547591289844372154e-40
6.611669461601098010e+04 4.412916015638621493e-40
6.923070349192564026e+04 4.286372719086976181e-40
7.249137806756398641e+04 4.161542744316077425e-40
7.590562610341487743e+04 4.040628373478151304e-40
7.948068070635102049e+04 3.930992234752105785e-40
8.322411565301226801e+04 3.823637983198144069e-40
8.714386143490241375e+04 3.727769186028713464e-40
9.124822205918618420e+04 3.632608284118304814e-40
9.554589264078431006e+04 3.543199464557183107e-40
1.000459778230302472e+05 3.458604581923909923e-40
1.047580110659174243e+05 3.379616177339129406e-40
1.096919748427973827e+05 3.302449975882819118e-40
1.148583217883136822e+05 3.242127628344765238e-40
1.202679968423787213e+05 3.186862807710517302e-40
1.259324604370988964e+05 3.136438594740959827e-40
1.318637127757772396e+05 3.090080859387200672e-40
1.380743192554210837e+05 3.047026163652796989e-40
1.445774370866188256e+05 3.006285482008336478e-40
1.513868431671777507e+05 2.967748016461487994e-40
1.585169632685705728e+05 2.932717600006406874e-40
1.659829025970292278e+05 2.906552737335223089e-40
1.738004777940209315e+05 2.888754546270450891e-40
1.819862504439096665e+05 2.878873500505652702e-40
1.905575621597788995e+05 2.876410551443950712e-40
1.995325713217536104e+05 2.880718481733694287e-40
2.089302915456492046e+05 2.874047892083354498e-40
2.187706319634384126e+05 2.835383868201069658e-40
2.290744394008814706e+05 2.762464234811955308e-40
2.398635425416598155e+05 2.653376719511987152e-40
2.511607981715893256e+05 2.506110075152128800e-40
2.629901396008673473e+05 2.318810471558049998e-40
2.753766273669514339e+05 2.091683128074048022e-40
2.883465023254686384e+05 1.829815340265977322e-40
3.019272412416420411e+05 1.437263634404406485e-40
3.161476150000001653e+05 9.811413194372604262e-41
