1.056583745000000130e-01 5.944836073710909696e-37
1.106409188450518111e-01 6.989817997979845862e-37
1.158584256175296118e-01 7.983445158032612941e-37
1.213219749681513915e-01 8.866304132361715609e-37
1.270431695556005769e-01 9.716589567653141589e-37
1.330341591864955264e-01 1.041811390757712611e-36
1.393076666173087008e-01 1.071452787792411163e-36
1.458770145730302059e-01 1.070926172258064255e-36
1.527561540399533235e-01 1.049867421158593968e-36
1.599596938926663436e-01 1.019974587837224093e-36
1.675029319181682574e-01 9.855067563498095191e-37
1.754018873029917214e-01 9.487839639605558347e-37
1.836733346523254373e-01 9.113641118265618768e-37
1.923348396133803817e-01 8.735919373044604480e-37
2.014047961786509244e-01 8.363882263458823414e-37
2.109024657482906628e-01 8.005652551446785060e-37
2.208480180345566424e-01 7.671286226997445700e-37
2.312625738951900878e-01 7.356401986854215394e-37
2.421682501866950776e-01 7.058541009861902595e-37
2.535882067327690503e-01 6.777924292737483068e-37
2.655466955076288826e-01 6.511940023862877256e-37
2.780691121386809073e-01 6.248513644766200085e-37
2.911820498379085187e-01 6.002406386125655926e-37
3.049133558765079743e-01 5.775144386232026920e-37
3.192921907227062595e-01 5.563178212787234636e-37
3.343490899683464468e-01 5.361591723989600820e-37
3.501160291757540177e-01 5.164079591688988888e-37
3.666264917825929892e-01 4.975648837524236833e-37
3.839155402089204361e-01 4.797225724921027264e-37
4.020198903174436733e-01 4.622473704084894839e-37
4.209779893851093857e-01 4.454458501328331183e-37
4.408300977516075303e-01 4.292953452012407681e-37
4.616183743181839771e-01 4.139153456918131963e-37
4.833869660783295386e-01 3.990231887913036553e-37
5.061821018704792952e-01 3.844883495640659509e-37
5.300521905518189580e-01 3.704428904983379752e-37
5.550479238016834405e-01 3.571052357650202017e-37
5.812223837728693887e-01 3.442960962078474788e-37
6.086311558194715809e-01 3.319357884799158496e-37
6.373324465406405848e-01 3.200648771504007045e-37
6.673872073909421498e-01 3.086165842331096130e-37
6.988592641198259070e-01 2.970480950756156720e-37
7.318154523150862678e-01 2.860315593285936399e-37
7.663257593381614940e-01 2.755901577479580325e-37
8.024634729526927135e-01 2.655048895719978632e-37
8.403053369619771784e-01 2.556740470629164371e-37
8.799317141858360447e-01 2.460056245986138547e-37
9.214267571229993736e-01 2.368519840294434644e-37
9.648785866614387752e-01 2.283033401433311483e-37
1.010379479216165111e+00 2.201128325506695248e-37
1.058026062691901581e+00 2.121667786868443442e-37
1.107919521686796305e+00 2.040475556291535459e-37
1.160165812372945693e+00 1.961313811533478200e-37
1.214875887510068475e+00 1.884713644522221379e-37
1.272165932070171257e+00 1.810675052212098657e-37
1.332157609973599444e+00 1.740687985909408850e-37
1.394978322460442399e+00 1.675094567526402509e-37
1.460761478645995259e+00 1.612550673853220883e-37
1.529646778834832688e+00 1.550382197397020998e-37
1.601780511195159740e+00 1.488862941950604154e-37
1.677315862423468085e+00 1.430009640372897989e-37
1.756413243059242069e+00 1.372510468337301652e-37
1.839240628140572431e+00 1.318104841579585793e-37
1.925973913924098779e+00 1.265910979238017089e-37
2.016797291426842609e+00 1.215665956660859654e-37
2.111903637583195881e+00 1.166812122836444498e-37
2.211494924847742016e+00 1.119122334747542430e-37
2.315782650113768160e+00 1.073003027303295430e-37
2.424988283858335425e+00 1.029592389454117003e-37
2.539343740467742361e+00 9.887636568524831635e-38
2.659091870742169572e+00 9.494663088211640093e-38
2.784486977625435511e+00 9.100378457288051675e-38
2.915795356255072690e+00 8.719099060956881133e-38
3.053295859479614016e+00 8.355508508459367312e-38
3.197280490044039691e+00 8.009456605316006312e-38
3.348055020700984485e+00 7.678843478290144575e-38
3.505939643564607966e+00 7.362152788062380610e-38
3.671269650086105063e+00 7.058478656270191804e-38
3.844396143094918727e+00 6.766066918027438854e-38
4.025686782417754017e+00 6.484593305214656942e-38
4.215526565658838543e+00 6.215930597050300161e-38
4.414318645799529151e+00 5.955134923737914056e-38
4.622485187353554181e+00 5.707559422540025590e-38
4.840468262896082230e+00 5.469446931555672417e-38
5.068730791870494912e+00 5.240235177942006633e-38
5.307757523666603028e+00 5.020469896319446028e-38
5.558056067057985494e+00 4.810405657279550802e-38
5.820157968184626718e+00 4.609632581729097434e-38
6.094619839370110093e+00 4.417900409096698616e-38
6.382024541170569165e+00 4.234298140626015797e-38
6.682982420165681781e+00 4.057044972373177126e-38
6.998132605120279237e+00 3.881821618143185402e-38
7.328144364269239652e+00 3.712396086976485420e-38
7.673718526608004353e+00 3.549619204477347764e-38
8.035588970207058424e+00 3.393738424117741256e-38
8.414524180711039136e+00 3.245422091508356605e-38
8.811328883332153694e+00 3.105146264035969231e-38
9.226845751803741891e+00 2.972158619076780978e-38
9.661957197923094043e+00 2.844216424478036319e-38
1.011758724548401389e+01 2.720790830324353136e-38
1.059470349257859745e+01 2.602083755026858654e-38
1.109431916643554850e+01 2.487132262231521721e-38
1.161749527515870462e+01 2.377373572511126728e-38
1.216534286093532735e+01 2.273692372198828525e-38
1.273902535949932435e+01 2.176014701748932146e-38
1.333976107085975293e+01 2.083119394428672677e-38
1.396882574654199338e+01 1.993547058962082078e-38
1.462755529883551375e+01 1.907228488750029838e-38
1.531734863780217282e+01 1.824328822053623986e-38
1.603967064206950965e+01 1.744673235515984395e-38
1.679605526971808516e+01 1.668288328350451267e-38
1.758810881586943253e+01 1.594913201689231949e-38
1.841751332389226903e+01 1.524916162348857789e-38
1.928603015747157912e+01 1.457289480061155464e-38
2.019550374112591840e+01 1.391769197332421182e-38
2.114786547711702624e+01 1.328676731001744007e-38
2.214513784706936761e+01 1.268523953591873058e-38
2.318943870701026100e+01 1.211216751805767284e-38
2.428298578495192217e+01 1.157102772319561075e-38
2.542810139056616592e+01 1.106140175463647057e-38
2.662721734695418263e+01 1.057892213770371377e-38
2.788288015498394756e+01 1.011479198564101551e-38
2.919775640116328574e+01 9.671161204774560887e-39
3.057463842053239844e+01 9.242267833601911335e-39
3.201645022660202500e+01 8.826562131447342544e-39
3.352625372093071832e+01 8.426888708017558705e-39
3.510725519552745055e+01 8.048496434560369821e-39
3.676281214188922064e+01 7.690211314102815402e-39
3.849644038113276423e+01 7.347440454003206543e-39
4.031182153036324678e+01 7.018183210190420099e-39
4.221281082113499394e+01 6.702323774254166194e-39
4.420344528660830008e+01 6.399056847853253766e-39
4.628795233478931692e+01 6.109633989675470116e-39
4.847075872605865499e+01 5.836582479675621281e-39
5.075649997405501779e+01 5.579874742135371976e-39
5.315003018987663808e+01 5.335828271642930686e-39
5.565643239050768898e+01 5.097732880519031655e-39
5.828102929335977223e+01 4.865448284752435586e-39
6.102939461985289427e+01 4.642718234863432626e-39
6.390736493204131818e+01 4.431285137525716761e-39
6.692105202741964831e+01 4.230763597864721315e-39
7.007685591823326376e+01 4.039720161276391918e-39
7.338147842285449940e+01 3.858316340973701541e-39
7.684193739809010992e+01 3.683783997107678682e-39
8.046558164264247637e+01 3.514613772299006556e-39
8.426010650337509844e+01 3.351943929611832409e-39
8.823357021752545393e+01 3.199906067094127392e-39
9.239441102556816077e+01 3.058101641458220401e-39
9.675146509107284487e+01 2.922089842620851909e-39
1.013139852656094746e+02 2.789138101667063510e-39
1.060916607385538271e+02 2.659854945982911466e-39
1.110946376135202485e+02 2.536752666232857767e-39
1.163335404551196035e+02 2.420246059258566523e-39
1.218194948518013092e+02 2.309934538223153602e-39
1.275641510426923020e+02 2.205561138258908854e-39
1.335797086586113949e+02 2.106710776065336941e-39
1.398789426297967680e+02 2.011727575518642297e-39
1.464752303153688331e+02 1.920311750876196645e-39
1.533825799121394198e+02 1.832900501567208070e-39
1.606156602030980594e+02 1.749731845974143383e-39
1.681898317087529904e+02 1.670384691374853206e-39
1.761211793074769503e+02 1.594033489809422324e-39
1.844265463941373184e+02 1.520845328291746921e-39
1.931235706495457976e+02 1.450875185478143116e-39
2.022307214966951392e+02 1.384130043266101588e-39
2.117673393233219770e+02 1.320338100830224569e-39
2.217536765540927775e+02 1.258965460379803999e-39
2.322109406596375152e+02 1.199879375274042440e-39
2.431613391937624726e+02 1.143291802699410542e-39
2.546281269544914494e+02 1.089432856740121232e-39
2.666356553690822011e+02 1.038223180327736951e-39
2.792094242079013497e+02 9.893902569019642954e-40
2.923761357369743905e+02 9.431198684289861058e-40
3.061637514242131033e+02 8.989932724712436955e-40
3.206015513197488644e+02 8.565624375657410584e-40
3.357201962364661085e+02 8.158238889660787751e-40
3.515517928627960487e+02 7.771122057567961662e-40
3.681299619460364170e+02 7.404094146484971090e-40
3.854899096910051526e+02 7.056674116630096036e-40
4.036685025256457493e+02 6.728593643417208237e-40
4.227043453923620291e+02 6.417543215391464260e-40
4.426378637313514446e+02 6.114051080873961330e-40
4.635113893300292034e+02 5.819714629115595301e-40
4.853692502208710380e+02 5.536223332614733677e-40
5.082578648185715338e+02 5.265900490836364317e-40
5.322258404964469491e+02 5.007934780503849016e-40
5.573240768114117145e+02 4.764268117154718322e-40
5.836058735967473012e+02 4.534770464056110910e-40
6.111270441522201509e+02 4.315444424082472210e-40
6.399460337719102654e+02 4.100291885184604153e-40
6.701240438614806862e+02 3.890203243413475190e-40
7.017251619084483991e+02 3.689883920099775217e-40
7.348164975814902391e+02 3.504514103359623584e-40
7.694683252477909718e+02 3.330829258306179267e-40
8.057542332110998586e+02 3.163716035361784664e-40
8.437512799874306211e+02 3.002701800429738259e-40
8.835401579502611185e+02 2.848397361868100908e-40
9.252053646927830641e+02 2.700882527847866305e-40
9.688353824710857225e+02 2.560147727031750681e-40
1.014522866109379493e+03 2.426387343785009145e-40
1.062364839766270961e+03 2.298408351042442555e-40
1.112462902979984847e+03 2.173222184951401962e-40
1.164923446430071408e+03 2.054611745403447198e-40
1.219857877873824236e+03 1.937227091471891263e-40
1.277382858737192009e+03 1.828088564809194554e-40
1.337620551862662523e+03 1.723026465280866710e-40
1.400698880940196432e+03 1.622140471488165645e-40
1.466751802172188945e+03 1.525217123042893317e-40
1.535919588749369723e+03 1.436850183259841207e-40
1.608349128741747563e+03 1.352403825252831467e-40
1.684194237037267385e+03 1.271532971761472070e-40
1.763615981990562886e+03 1.187410340508007443e-40
1.846783027475541303e+03 1.106267607763327621e-40
1.933871991068160241e+03 1.029951763605069770e-40
2.025067819120111153e+03 9.585353776370218808e-41
2.120564179519855770e+03 8.910286982709701044e-41
2.220563872975162212e+03 8.279290047220344598e-41
2.325279263690538755e+03 7.682837876612456590e-41
2.434932730354152682e+03 7.103156847696826740e-41
2.549757138392036268e+03 6.555154819638275327e-41
2.669996334492394453e+03 6.025939226398996641e-41
2.795905664450276618e+03 5.440456044145074463e-41
2.927752515432311156e+03 4.900412994604909739e-41
3.065816883813052300e+03 4.405861759649757662e-41
3.210391969788910046e+03 3.940065748845833732e-41
3.361784800032302428e+03 3.507821454086884275e-41
3.520316879708415854e+03 3.110540432083658916e-41
3.686324875239157336e+03 2.740428154063415566e-41
3.860161329264355572e+03 2.405179656595435456e-41
4.042195409318403563e+03 2.061343231799492863e-41
4.232813691812362777e+03 1.730269393851650567e-41
4.432420982986412128e+03 1.427053860414347311e-41
4.641441178575997583e+03 1.151725992326163902e-41
4.860318164017451636e+03 9.060794991967452137e-42
5.089516757104622229e+03 6.916037287230661304e-42
5.329523695098522694e+03 5.072619084570365304e-42
5.580848668386216559e+03 3.540560512052101918e-42
5.844025402884032701e+03 2.336628707351801847e-42
6.119612793483899623e+03 1.414634736884157567e-42
6.408196090949634709e+03 7.730979631627975979e-43
6.710388144783903044e+03 3.700596545383114697e-43
7.026830704705126664e+03 1.552121468582683324e-43
7.358195783498426863e+03 6.621539694350388041e-44
7.705187084134551696e+03 2.934398228069221189e-44
8.068541494187683384e+03 1.031417790526033761e-44
8.449030650725691885e+03 2.375232207691669385e-45
8.847462578996008233e+03 2.318980605886559120e-46
9.264683408387374584e+03 0.000000000000000000e+00
9.701579169311229634e+03 0.000000000000000000e+00
1.015907767481893643e+04 0.000000000000000000e+00
1.063815049095063659e+04 0.000000000000000000e+00
1.113981499999999323e+04 0.000000000000000000e+00
