1.056583745000000130e-01 8.026101406654605348e-38
1.106285207339024190e-01 9.540310620756476804e-38
1.158324615316836254e-01 1.097489392047156446e-37
1.212811945371809058e-01 1.224053941180412943e-37
1.269862347209304299e-01 1.344038774097207095e-37
1.329596387150991932e-01 1.442241679477001205e-37
1.392140302931266782e-01 1.484641500731735288e-37
1.457626270479230046e-01 1.484759562393520857e-37
1.526192683250037485e-01 1.456382802582971065e-37
1.597984444695928208e-01 1.419169518793830020e-37
1.673153274495027820e-01 1.377661038613007028e-37
1.751858029185087429e-01 1.332663634674220720e-37
1.834265037879755089e-01 1.286304834863352526e-37
1.920548453776872722e-01 1.240000944277708004e-37
2.010890622201640943e-01 1.198412475024059953e-37
2.105482465962450200e-01 1.159278220005951329e-37
2.204523888833770651e-01 1.117363805697511191e-37
2.308224198018775652e-01 1.077826583680518098e-37
2.416802546484522196e-01 1.042910798217871459e-37
2.530488396104476068e-01 1.009484471054968397e-37
2.649522002587154090e-01 9.765396918732591424e-38
2.774154923215703672e-01 9.423374026313803316e-38
2.904650548471441329e-01 9.099615320999151279e-38
3.041284658664834550e-01 8.802792578962171455e-38
3.184346006750292113e-01 8.509625596692107311e-38
3.334136928556420965e-01 8.223866832490467501e-38
3.490973981721379737e-01 7.960371489820808104e-38
3.655188614683612669e-01 7.707649671518646263e-38
3.827127867141757456e-01 7.458255032238313767e-38
4.007155103464019597e-01 7.207850908801112599e-38
4.195650780596970053e-01 6.964037331378225652e-38
4.393013252096602539e-01 6.733508581573408521e-38
4.599659609980816244e-01 6.513830117959499103e-38
4.816026566182467494e-01 6.299019807909713675e-38
5.042571375465765282e-01 6.092064545835210708e-38
5.279772801756447143e-01 5.891311586930195005e-38
5.528132129927922911e-01 5.692382465919158659e-38
5.788174225181585975e-01 5.500181904066994525e-38
6.060448642260158891e-01 5.317746822342767715e-38
6.345530786838184945e-01 5.145696631022122922e-38
6.644023131544052330e-01 4.981817862739115977e-38
6.956556489183433056e-01 4.812555937120160907e-38
7.283791345854868649e-01 4.644486593708978237e-38
7.626419256774804589e-01 4.478598881933126622e-38
7.985164307761938307e-01 4.324183287198697799e-38
8.360784645469432341e-01 4.179491439436138084e-38
8.754074079598940239e-01 4.037299246780359546e-38
9.165863760482412248e-01 3.899877835601352310e-38
9.597023935576949327e-01 3.768464967829698331e-38
1.004846578858481498e+00 3.640147765903987823e-38
1.052114336508521930e+00 3.516199089609567402e-38
1.101605558874738877e+00 3.393149904990973156e-38
1.153424837238587353e+00 3.276455419387274796e-38
1.207681682831937220e+00 3.162773754212327851e-38
1.264490758270439663e+00 3.051803700401318739e-38
1.323972119873463971e+00 2.944435851782687082e-38
1.386251471382707878e+00 2.841061129797982722e-38
1.451460429615681669e+00 2.741815196547714044e-38
1.519736802615464732e+00 2.647502791582876666e-38
1.591224880884566817e+00 2.558065735967769916e-38
1.666075742318368080e+00 2.471745335434196731e-38
1.744447571482556469e+00 2.382110901986203699e-38
1.826505993909301129e+00 2.294380284654126481e-38
1.912424426118652709e+00 2.209867837627125010e-38
2.002384442104858664e+00 2.128668445500001723e-38
2.096576157062125745e+00 2.051406132316788267e-38
2.195198629160747483e+00 1.978297436849326094e-38
2.298460280222689001e+00 1.908521386339385885e-38
2.406579336185670215e+00 1.839827286765070032e-38
2.519784288286560869e+00 1.771966551324268067e-38
2.638314375938759504e+00 1.706361375797616675e-38
2.762420092324001430e+00 1.640341766067186819e-38
2.892363713767093003e+00 1.576820353957255904e-38
3.028419854012326606e+00 1.516029571283773971e-38
3.170876044572921604e+00 1.457828140643297439e-38
3.320033342379972385e+00 1.401863511143187539e-38
3.476206966015078947e+00 1.347901862288701731e-38
3.639726961871207145e+00 1.295844437220399571e-38
3.810938901649602251e+00 1.245543741841746013e-38
3.990204612666820694e+00 1.197042899796484034e-38
4.177902942515212104e+00 1.150653007127539948e-38
4.374430559692889631e+00 1.104613024541726685e-38
4.580202791895129799e+00 1.060419141737066641e-38
4.795654503738820296e+00 1.017913144770433948e-38
5.021241015774879912e+00 9.769306984716733289e-39
5.257439066730790422e+00 9.375022847571906258e-39
5.504747821016834131e+00 8.996268840186564618e-39
5.763689923625174849e+00 8.633200508895079634e-39
6.034812604651151879e+00 8.288514684889643125e-39
6.318688835771038015e+00 7.961690583502219413e-39
6.615918541120222152e+00 7.649015440147843271e-39
6.927129865130829955e+00 7.338215374692888872e-39
7.252980500008169074e+00 7.037039449337554317e-39
7.594159075651345958e+00 6.745510344019077373e-39
7.951386614955427312e+00 6.463392984831050162e-39
8.325418057570729502e+00 6.192014073371532294e-39
8.717043855339349889e+00 5.932133830728352664e-39
9.127091642780719383e+00 5.683230161928590881e-39
9.556427986156407428e+00 5.444249984233743086e-39
1.000596021481050357e+01 5.214530721821550584e-39
1.047663833865593652e+01 4.994946277675821275e-39
1.096945705585877739e+01 4.781315779581245593e-39
1.148545785496373739e+01 4.576625216170535293e-39
1.202573121590298832e+01 4.379542266774561802e-39
1.259141891454010143e+01 4.189685229407893898e-39
1.318371643561911277e+01 4.007950472407811602e-39
1.380387549921827883e+01 3.834890629732241786e-39
1.445320670604749047e+01 3.669902133574954242e-39
1.513308230718002179e+01 3.511885499149137801e-39
1.584493910407184281e+01 3.360479807411413397e-39
1.659028148499703903e+01 3.214652577325554990e-39
1.737068460431662942e+01 3.071425377915833273e-39
1.818779771129946710e+01 2.933049012944471302e-39
1.904334763552997956e+01 2.802419760631226015e-39
1.993914243626886673e+01 2.679389183423779986e-39
2.087707522347889366e+01 2.562524773721866981e-39
2.185912815859073888e+01 2.450654488343296309e-39
2.288737664346410483e+01 2.343678364143210503e-39
2.396399370639667481e+01 2.241962106680279794e-39
2.509125459444970119e+01 2.145309603686708489e-39
2.627154158179577692e+01 2.052817947314519957e-39
2.750734900425024065e+01 1.962680355716925576e-39
2.880128853062554128e+01 1.875724431025028702e-39
3.015609468204921129e+01 1.792571371565881309e-39
3.157463061090914991e+01 1.713123984824636441e-39
3.305989415163937650e+01 1.637264532300046291e-39
3.461502415613309580e+01 1.564875233171514464e-39
3.624330712717239322e+01 1.495707486196252194e-39
3.794818416389308169e+01 1.429142842876460597e-39
3.973325823396226752e+01 1.365033911231662929e-39
4.160230178783783828e+01 1.303644942954298822e-39
4.355926473120106834e+01 1.244650240713466105e-39
4.560828277241026996e+01 1.188299792036212353e-39
4.775368616261713584e+01 1.134451410028614285e-39
5.000000884701628223e+01 1.082967319226038768e-39
5.235199804656701872e+01 1.033510839267779683e-39
5.481462429043765638e+01 9.857678249442049753e-40
5.739309192037350726e+01 9.397608485744099142e-40
6.009285008918823223e+01 8.957485571012365260e-40
6.291960427662126421e+01 8.537040554770333426e-40
6.587932834689904382e+01 8.138330747387261617e-40
6.897827717348127408e+01 7.759897123399798957e-40
7.222299985767187991e+01 7.402077373344782246e-40
7.562035356903089678e+01 7.058728702266208855e-40
7.917751803683643175e+01 6.728158257351302130e-40
8.290201072322092557e+01 6.412597985523215846e-40
8.680170271004915605e+01 6.114303673938114738e-40
9.088483533311132589e+01 5.832053355886662142e-40
9.516003759878412893e+01 5.564594757223629113e-40
9.963634441996846647e+01 5.311077128317397902e-40
1.043232157098415911e+02 5.068185351026362382e-40
1.092305563737741068e+02 4.829864826490761832e-40
1.143687372416632684e+02 4.598543123267548136e-40
1.197486169849185416e+02 4.379565146802452250e-40
1.253815650644161934e+02 4.173137384300651429e-40
1.312794857579216625e+02 3.976230537564798576e-40
1.374548433177558593e+02 3.785611512789505357e-40
1.439206883118731355e+02 3.601581719490781857e-40
1.506906852040163187e+02 3.425421384389682001e-40
1.577791412312373609e+02 3.257114512083432937e-40
1.652010366398099563e+02 3.097166885412901561e-40
1.729720563434315466e+02 2.943913203214362361e-40
1.811086230706212348e+02 2.797999404663985427e-40
1.896279320713640288e+02 2.658107989189961710e-40
1.985479874563462772e+02 2.523684905130938005e-40
2.078876402455820767e+02 2.395580100593224732e-40
2.176666282068387090e+02 2.274828103895756160e-40
2.279056175680507579e+02 2.160980911466587420e-40
2.386262466918790608e+02 2.052999981744578317e-40
2.498511718047094519e+02 1.950426225999207581e-40
2.616041148767353093e+02 1.852503958759066739e-40
2.739099137543054212e+02 1.756148496614438325e-40
2.867945746504889826e+02 1.662777368321495802e-40
3.002853271047848125e+02 1.573723883831110137e-40
3.144106815281202216e+02 1.488919039670602014e-40
3.292004894547569052e+02 1.408228777530386657e-40
3.446860066284324944e+02 1.331532556491593962e-40
3.608999590560573552e+02 1.258662562889501124e-40
3.778766121685654298e+02 1.189736199400345844e-40
3.956518432350759440e+02 1.124615606128704297e-40
4.142632171833981261e+02 1.062734034151854573e-40
4.337500659871181483e+02 1.001148180150408917e-40
4.541535717870375493e+02 9.413088829730019155e-41
4.755168539226214648e+02 8.849141231285443506e-41
4.978850600573902057e+02 8.319256899066605328e-41
5.213054615908297365e+02 7.819564164489590219e-41
5.458275535584515410e+02 7.345486579394289591e-41
5.715031592311351005e+02 6.894928986294181767e-41
5.983865396347954402e+02 6.464719178417205094e-41
6.265345082218361767e+02 6.053996339446864815e-41
6.560065509367150298e+02 5.664328798611383636e-41
6.868649519293724097e+02 5.274049723854779362e-41
7.191749251821916005e+02 4.898262846439926687e-41
7.530047523286552860e+02 4.547545157376842127e-41
7.884259269549677356e+02 4.219101892519455630e-41
8.255133056895920163e+02 3.907989133839712696e-41
8.643452663999991046e+02 3.613548447936444976e-41
9.050038738309627888e+02 3.340101371662689716e-41
9.475750530344444087e+02 3.076629503954560863e-41
9.921487709575707186e+02 2.831960609053956031e-41
1.038819226572479920e+03 2.604960187580676579e-41
1.087685049949826407e+03 2.371359814315684335e-41
1.138849510696664765e+03 2.136409842410676846e-41
1.192420736199199609e+03 1.917842110350246115e-41
1.248511940131619440e+03 1.718671786751274931e-41
1.307241661713955864e+03 1.535099336463118359e-41
1.368734016224559582e+03 1.368906089016021460e-41
1.433118957296622739e+03 1.216784118008575209e-41
1.500532551553102394e+03 1.080998319023277634e-41
1.571117266160362306e+03 9.550722366424316585e-42
1.645022269908321960e+03 8.391160959908930243e-42
1.722403748453315757e+03 7.205488641625477837e-42
1.803425234389903608e+03 6.075978866405337917e-42
1.888257952849218782e+03 5.112787901350097087e-42
1.977081183354152245e+03 4.273868269179570554e-42
2.070082638696121194e+03 3.559235815529248862e-42
2.167458861634153436e+03 2.870781004593689640e-42
2.269415640254570917e+03 2.279406344330056555e-42
2.376168442869098271e+03 1.759392273477811468e-42
2.487942873370519465e+03 1.332325893428740996e-42
2.604975148008126780e+03 9.748546658940262425e-43
2.727512594590572007e+03 6.893213292309474895e-43
2.855814175171157785e+03 4.701930732741111744e-43
2.990151033320082206e+03 2.998306594550304435e-43
3.130807067140240179e+03 1.800415236678051317e-43
3.278079529237618317e+03 1.021175323940295337e-43
3.432279654914106231e+03 5.316716458065290624e-44
3.593733319910351838e+03 2.430779585553814995e-44
3.762781729088762404e+03 1.163399648284096014e-44
3.939782137511928340e+03 5.328336823086879122e-45
4.125108605440417705e+03 2.333442622802310449e-45
4.319152788845564828e+03 1.030280821033354063e-45
4.522324767107736989e+03 3.013638908318023074e-47
4.735053909649332127e+03 0.000000000000000000e+00
4.957789783334082131e+03 0.000000000000000000e+00
5.191003102550141193e+03 0.000000000000000000e+00
5.435186723984851596e+03 0.000000000000000000e+00
5.690856688193596710e+03 0.000000000000000000e+00
5.958553310163722927e+03 0.000000000000000000e+00
6.238842321178334714e+03 0.000000000000000000e+00
6.532316064393216948e+03 0.000000000000000000e+00
6.839594746653326183e+03 0.000000000000000000e+00
7.161327749194427270e+03 0.000000000000000000e+00
7.498194999999998799e+03 0.000000000000000000e+00
