1.056583745000000130e-01 7.648187467076815515e-36
1.106339707917581988e-01 8.903879017613890710e-36
1.158438746675172909e-01 1.011408100384566545e-35
1.212991199894922489e-01 1.120778918053052129e-35
1.270112602194486406e-01 1.231094950984790710e-35
1.329923928873510963e-01 1.328067143718687341e-35
1.392551852122732858e-01 1.376147888503850664e-35
1.458129009298313739e-01 1.394524950956058482e-35
1.526794283829578935e-01 1.396976593395293157e-35
1.598693099355082414e-01 1.386508397684801169e-35
1.673977727709937136e-01 1.366901264920245502e-35
1.752807611416688227e-01 1.341421700333419558e-35
1.835349701362719577e-01 1.315601725198021849e-35
1.921778810379344005e-01 1.290268278104764348e-35
2.012277983471420506e-01 1.261305182113128134e-35
2.107038885481578583e-01 1.230520923395058726e-35
2.206262207010080689e-01 1.202199965553441449e-35
2.310158089450006502e-01 1.174081046810989883e-35
2.418946570037909527e-01 1.145375266895029451e-35
2.532858047862526218e-01 1.118913416088728147e-35
2.652133771818460661e-01 1.093978249027733496e-35
2.777026351538268156e-01 1.067058288105939839e-35
2.907800292385036012e-01 1.038830348573831605e-35
3.044732555638474669e-01 1.009330211285085626e-35
3.188113145060945675e-01 9.809184007279774558e-36
3.338245721085677520e-01 9.533819221740043526e-36
3.495448243927930521e-01 9.257358805808572499e-36
3.660053646981150099e-01 8.986611338049031086e-36
3.832410541924252123e-01 8.723323947248072937e-36
4.012883957033371307e-01 8.457573388358434856e-36
4.201856110261710797e-01 8.195506383512018374e-36
4.399727218724766575e-01 7.942714009356424950e-36
4.606916346305321430e-01 7.697663621318208957e-36
4.823862291173297012e-01 7.453658668470885571e-36
5.051024515100128731e-01 7.201134041915744904e-36
5.288884116535810254e-01 6.948436729050425873e-36
5.537944849509459644e-01 6.712952451291617479e-36
5.798734190511299902e-01 6.488653284219946365e-36
6.071804455615553708e-01 6.271952408223825848e-36
6.357733970210175389e-01 6.063757368868533429e-36
6.657128293810741226e-01 5.859366994291385855e-36
6.970621502552498683e-01 5.646262423530744258e-36
7.298877532076689656e-01 5.438261738588291664e-36
7.642591583655232723e-01 5.240516319609152519e-36
8.002491596531707829e-01 5.051545801420543074e-36
8.379339789596890187e-01 4.871599006414705151e-36
8.773934275663870519e-01 4.701905369430857436e-36
9.187110751761591310e-01 4.535537142896863635e-36
9.619744269026583305e-01 4.369663297465546459e-36
1.007275108594132718e+00 4.210558191865897099e-36
1.054709060884410521e+00 4.056621294212087322e-36
1.104376742382011445e+00 3.901056795498818238e-36
1.156383342427708127e+00 3.748511086673276096e-36
1.210839003871129416e+00 3.605447683271279553e-36
1.267859056338219048e+00 3.471347830561115091e-36
1.327564260483570679e+00 3.340976645857234389e-36
1.390081063744941225e+00 3.212405006267643476e-36
1.455541868141592809e+00 3.086269769816066331e-36
1.524085310683613415e+00 2.963623223253836188e-36
1.595856556986106511e+00 2.844486231497638416e-36
1.671007608710057823e+00 2.731263646365703683e-36
1.749697625481018370e+00 2.623584460224688852e-36
1.832093261967376652e+00 2.520822737506063741e-36
1.918369020832094041e+00 2.420208314558593293e-36
2.008707622305430096e+00 2.321711977415643952e-36
2.103300391161337046e+00 2.226189821450720649e-36
2.202347661917105182e+00 2.133898526248127903e-36
2.306059203114410927e+00 2.045347973122338417e-36
2.414654661580326156e+00 1.961543782793091653e-36
2.528364027609194764e+00 1.882354452826328139e-36
2.647428122050541344e+00 1.805353133948405000e-36
2.772099106334621421e+00 1.729356547244262921e-36
2.902641016515766559e+00 1.656002436871364794e-36
3.039330322464544043e+00 1.587050791344062051e-36
3.182456513393052688e+00 1.522026695406691208e-36
3.332322710953381950e+00 1.459593423979776283e-36
3.489246311207720108e+00 1.399358176617123113e-36
3.653559656829710178e+00 1.341495473931993271e-36
3.825610740960664113e+00 1.286233894179581324e-36
4.005763944211335748e+00 1.233238014660306496e-36
4.194400806370110146e+00 1.181755089081942325e-36
4.391920834451959799e+00 1.131341566357186970e-36
4.598742348799549795e+00 1.082624565475956057e-36
4.815303369028367975e+00 1.036114262763018711e-36
5.042062541692225786e+00 9.918504870532220473e-37
5.279500111633800508e+00 9.496701294444859264e-37
5.528118939077355520e+00 9.094583561125444726e-37
5.788445564617781258e+00 8.708474111555169377e-37
6.061031324361383810e+00 8.333892580703211383e-37
6.346453517580176396e+00 7.970286268892002493e-37
6.645316629352616467e+00 7.620856971129316812e-37
6.958253610780110066e+00 7.284349394489507943e-37
7.285927219490707429e+00 6.960619587451624383e-37
7.629031423268878065e+00 6.648347822849720329e-37
7.988292869784157091e+00 6.348314785161652032e-37
8.364472425531312538e+00 6.062900196702236739e-37
8.758366787241250506e+00 5.791864631406955786e-37
9.170810169175503290e+00 5.533777003272950620e-37
9.602676069877659870e+00 5.287318269008705070e-37
1.005487912212354118e+01 5.052448680678531241e-37
1.052837702998805192e+01 4.831007581556069390e-37
1.102417259713109665e+01 4.621775431918916037e-37
1.154331585059831689e+01 4.422450281866918095e-37
1.208690626463436502e+01 4.230412860265036516e-37
1.265609508921867565e+01 4.045621097856611893e-37
1.325208778825508205e+01 3.869565689079879699e-37
1.387614659257916649e+01 3.702070682150044080e-37
1.452959317319006161e+01 3.541819777457695463e-37
1.521381144036849520e+01 3.387765554478705518e-37
1.593025047460904275e+01 3.239303225370731812e-37
1.668042759557397403e+01 3.094253053020398635e-37
1.746593157556826270e+01 2.952127212868164992e-37
1.828842600434163401e+01 2.817383778510856075e-37
1.914965281234346151e+01 2.692588273165293919e-37
2.005143595989276761e+01 2.576178728998055565e-37
2.099568530007611500e+01 2.464357696006597114e-37
2.198440062355460256e+01 2.356593536395248284e-37
2.301967589384645763e+01 2.252729147195018480e-37
2.410370368205455804e+01 2.152616488770902763e-37
2.523877981043158059e+01 2.056570538924352422e-37
2.642730821461676527e+01 1.966113973104301534e-37
2.767180603484203871e+01 1.880858495690722692e-37
2.897490894689008201e+01 1.798801663348976481e-37
3.033937674409415663e+01 1.718841802078561060e-37
3.176809918220217810e+01 1.641621042977707582e-37
3.326410209948321750e+01 1.568599420396771686e-37
3.483055382503812325e+01 1.499643264906764091e-37
3.647077188888638943e+01 1.433595366904499718e-37
3.818823004803971344e+01 1.369721650025023632e-37
3.998656564344333475e+01 1.308167197805457808e-37
4.186958730336545642e+01 1.249909348609862826e-37
4.384128300954979807e+01 1.194735321761368856e-37
4.590582854321441886e+01 1.141940537570630667e-37
4.806759632878361543e+01 1.091151080650224324e-37
5.033116469408367522e+01 1.042246923511330389e-37
5.270132756661352857e+01 9.949302857959660690e-38
5.518310462642596548e+01 9.492148858967787705e-38
5.778175193712210955e+01 9.064197654456660827e-38
6.050277307747325040e+01 8.669824515608398278e-38
6.335193079724646736e+01 8.299987438370195422e-38
6.633525922191859081e+01 7.935431053884086778e-38
6.945907663212672389e+01 7.576002054210017362e-38
7.272999884492074330e+01 7.233180719459557973e-38
7.615495322515651822e+01 6.909798083173398355e-38
7.974119335670529551e+01 6.603084644033978837e-38
8.349631440454989217e+01 6.310348026224269959e-38
8.742826920030294957e+01 6.030586986876707725e-38
9.154538508521433471e+01 5.757716631791013316e-38
9.585638154633792851e+01 5.490175653059900241e-38
1.003703886832101659e+02 5.231494304962666690e-38
1.050969665441492538e+02 4.987637270970218718e-38
1.100461253731269409e+02 4.757633517960119182e-38
1.152283468100929156e+02 4.538396163990455807e-38
1.206546060896517503e+02 4.329117466696378261e-38
1.263363952851046861e+02 4.129727038104498868e-38
1.322857476470858558e+02 3.939716996747437808e-38
1.385152630883375480e+02 3.758769861301933613e-38
1.450381348685978935e+02 3.588289330862580029e-38
1.518681775361171162e+02 3.428223109064751605e-38
1.590198561849759642e+02 3.277229114272544391e-38
1.665083170901727669e+02 3.133542587372819882e-38
1.743494197853572700e+02 2.996667237055662053e-38
1.825597706511487957e+02 2.865552683017258151e-38
1.911567580851745447e+02 2.739206630498358186e-38
2.001585893283110522e+02 2.617999169557883665e-38
2.095843290251251574e+02 2.503138677559734045e-38
2.194539396001775344e+02 2.394128673345860606e-38
2.297883235357012666e+02 2.289068870426892837e-38
2.406093676401945913e+02 2.187773554958478283e-38
2.519399894016796964e+02 2.090866292916394245e-38
2.638041855238016069e+02 1.998929189937877852e-38
2.762270827475566648e+02 1.911644909643028111e-38
2.892349910662853745e+02 1.828166360561186310e-38
3.028554594466324943e+02 1.748158647814108029e-38
3.171173341734805717e+02 1.671236260791652511e-38
3.320508199424275517e+02 1.596992602847082934e-38
3.476875438291916680e+02 1.525424184054737670e-38
3.640606222714216074e+02 1.456877330826317544e-38
3.812047312047733385e+02 1.391131066146445235e-38
3.991561795017860845e+02 1.328233603989311526e-38
4.179529858690983701e+02 1.268355555110979479e-38
4.376349593658566164e+02 1.211353676454759502e-38
4.582437837138448913e+02 1.156891597209802030e-38
4.798231055778951486e+02 1.105052168281153001e-38
5.024186270035374378e+02 1.055542685126102585e-38
5.260782022076690509e+02 1.007975887636139228e-38
5.508519389272256603e+02 9.624200984570430526e-39
5.767923045404980940e+02 9.195922756879035969e-39
6.039542371858501610e+02 8.793511338848711107e-39
6.323952621131603564e+02 8.409638428200807542e-39
6.621756135144182736e+02 8.038381716230901940e-39
6.933583620914849917e+02 7.680490059033382395e-39
7.260095486311934110e+02 7.338253637806254193e-39
7.601983238706839074e+02 7.011423751239221416e-39
7.959970949491827241e+02 6.700230057674653621e-39
8.334816787563986509e+02 6.404669760258540011e-39
8.727314625023028611e+02 6.123276470897236756e-39
9.138295718483554992e+02 5.852336157628537259e-39
9.568630469562616554e+02 5.591355456930797075e-39
1.001923026827105105e+03 5.342347785256859263e-39
1.049104942321253702e+03 5.106457733375673082e-39
1.098508718267843278e+03 4.882848444906277466e-39
1.150238985091865061e+03 4.668211167338434121e-39
1.204405300407069490e+03 4.461517660931232182e-39
1.261122381043959422e+03 4.262000125226785050e-39
1.320510346004327857e+03 4.069214182661266849e-39
1.382694970856829741e+03 3.884058014109987844e-39
1.447807954112386142e+03 3.710286481238061727e-39
1.515987196143596975e+03 3.548091044737569348e-39
1.587377091238801540e+03 3.393801901384243341e-39
1.662128833409409481e+03 3.245115675031907429e-39
1.740400736598081721e+03 3.102893094697165279e-39
1.822358569965946799e+03 2.968465063426604932e-39
1.908175908968986050e+03 2.840995645617319071e-39
1.998034502967024764e+03 2.719980800338593436e-39
2.092124660143992514e+03 2.605068691410161980e-39
2.190645650554536132e+03 2.495505487195553341e-39
2.293806128150707991e+03 2.389655500743652687e-39
2.401824572682420694e+03 2.287253250870863803e-39
2.514929752407593696e+03 2.188182654549152241e-39
2.633361208591996274e+03 2.092370065032832378e-39
2.757369762824770078e+03 2.000368055219937924e-39
2.887218048224209269e+03 1.912148838362234076e-39
3.023181065658687203e+03 1.827851881161366330e-39
3.165546766160777224e+03 1.747157719558687327e-39
3.314616660768110705e+03 1.669818294042164027e-39
3.470706459082369292e+03 1.595922075848805312e-39
3.634146737898992342e+03 1.525888718202613797e-39
3.805283641323489519e+03 1.459471604440232693e-39
3.984479613857185086e+03 1.396594388202284739e-39
4.172114168005038664e+03 1.337107939223410159e-39
4.368584688031042788e+03 1.281454196906483224e-39
4.574307271563676295e+03 1.229375597636781453e-39
4.789717610833616163e+03 1.180418936234196411e-39
5.015271915410128713e+03 1.133400863193025880e-39
5.251447878390463302e+03 1.087866911799807856e-39
5.498745688088270072e+03 1.043632039488616485e-39
5.757689087363950421e+03 1.000337866961565406e-39
6.028826482840211611e+03 9.580440402771815504e-40
6.312732106352078517e+03 9.181626700666436679e-40
6.610007231091283757e+03 8.808004024393932299e-40
6.921281445020365936e+03 8.454464465437962003e-40
7.247213984253756280e+03 8.123298352980250085e-40
7.588495129229463600e+03 7.790091233175399189e-40
7.945847666628366824e+03 7.486297313662889072e-40
8.320028420137428839e+03 7.166550072355466130e-40
8.711829853298391754e+03 6.887219036334989119e-40
9.122081747837040894e+03 6.623564254704072097e-40
9.551652961027097263e+03 6.367932334495841887e-40
1.000145326581076370e+04 6.125734319457046285e-40
1.047243527757323136e+04 5.880762142793259667e-40
1.096559647165132264e+04 5.652589835630964832e-40
1.148198129584965500e+04 5.443659819603450927e-40
1.202268338243786093e+04 5.248864669716875041e-40
1.258884786431373504e+04 5.048951057612671442e-40
1.318167380023790611e+04 4.868830320785459070e-40
1.380241671427572146e+04 4.686178038328368902e-40
1.445239125482527561e+04 4.514343847750687392e-40
1.513297397886244289e+04 4.353299892480296305e-40
1.584560626729973956e+04 4.197320876952832187e-40
1.659179737763372395e+04 4.047307944680547745e-40
1.737312764034523570e+04 3.904626085252847801e-40
1.819125180582292887e+04 3.771748456762211872e-40
1.904790254889767311e+04 3.638796722335832351e-40
1.994489413841019996e+04 3.513266126183655650e-40
2.088412627958407757e+04 3.399665314575441722e-40
2.186758813734061914e+04 3.286307473560715370e-40
2.289736254907781040e+04 3.176306489862794136e-40
2.397563043583427134e+04 3.069434369987401221e-40
2.510467542118088750e+04 2.966022637489341597e-40
2.628688866762283578e+04 2.863601850607598465e-40
2.752477394075357370e+04 2.762694985410965335e-40
2.882095291188750343e+04 2.662402817498438324e-40
3.017817071040028532e+04 2.561840213471885440e-40
3.159930173753633426e+04 2.461022047076124153e-40
3.308735575399707886e+04 2.361636341601762772e-40
3.464548425420100102e+04 2.264685674307969867e-40
3.627698714071726135e+04 2.169826060571567334e-40
3.798531971300680743e+04 2.076593738907453031e-40
3.977409998527271091e+04 1.984193314878357079e-40
4.164711634891881113e+04 1.852008890987994660e-40
4.360833559584276372e+04 1.646978017553145756e-40
4.566191131955805031e+04 1.394469166534124749e-40
4.781219271193542954e+04 1.120601643750198995e-40
5.006373377419481403e+04 8.443964379895978570e-41
5.242130296165623440e+04 5.749143933377706811e-41
5.488989328267376550e+04 3.214776233058762982e-41
5.747473287314341724e+04 1.328515303156918340e-41
6.018129606897805934e+04 6.741888814192591588e-42
6.301531499999997322e+04 3.477067263858043711e-42
