1.056583745000000130e-01 5.869616102473577797e-36
1.106426396929671568e-01 6.835701547600629503e-36
1.158620296418411411e-01 7.876039415055164378e-36
1.213276359817376249e-01 8.959151311479089900e-36
1.270510735779573352e-01 1.003099883901669442e-35
1.330445052085350022e-01 1.099319941584355454e-35
1.393206674111480692e-01 1.169669070540975565e-35
1.458928975493122837e-01 1.222034941474710338e-35
1.527751621553815331e-01 1.262743650709271689e-35
1.599820866105838846e-01 1.297047867915536489e-35
1.675289862251657103e-01 1.327556473044496762e-35
1.754318987846918421e-01 1.356127931499738972e-35
1.837076186316659587e-01 1.380176472963191419e-35
1.923737323548966316e-01 1.398485875355896393e-35
2.014486561624523331e-01 1.417492822738862433e-35
2.109516750176262112e-01 1.437267340150398412e-35
2.209029836210769648e-01 1.456311062829981764e-35
2.313237293262375704e-01 1.473789049566389570e-35
2.422360570791893541e-01 1.488562088302954020e-35
2.536631564785030157e-01 1.497009167576228302e-35
2.656293110550527192e-01 1.502611900004483471e-35
2.781599498765267575e-01 1.510974049250281142e-35
2.912817015862982917e-01 1.519305448465811541e-35
3.050224509914941651e-01 1.525259216389298002e-35
3.194113983205147389e-01 1.528025510491862420e-35
3.344791212759337107e-01 1.527571576096241612e-35
3.502576400146435454e-01 1.524157226966321720e-35
3.667804851933360588e-01 1.519781529512256585e-35
3.840827692239194291e-01 1.515227573295651509e-35
4.022012608902966746e-01 1.509989389380748803e-35
4.211744634850707603e-01 1.504298867177533654e-35
4.410426966322241737e-01 1.497574042892752475e-35
4.618481819696534374e-01 1.487791817211873840e-35
4.836351328736397948e-01 1.474098541720258900e-35
5.064498484159285496e-01 1.459728065201448696e-35
5.303408117530846733e-01 1.444787070668172016e-35
5.553587931572074865e-01 1.428786834149262765e-35
5.815569579069567174e-01 1.409567717016251220e-35
6.089909792681648115e-01 1.387320254079432765e-35
6.377191568041280512e-01 1.368073719080401406e-35
6.678025402669993671e-01 1.348692633539081149e-35
6.993050593335580212e-01 1.322633474080442160e-35
7.322936594610574002e-01 1.295993659349479825e-35
7.668384441518564243e-01 1.270820243095035722e-35
8.030128239291562942e-01 1.245484334272326327e-35
8.408936723404324409e-01 1.219894394674568566e-35
8.805614893200770510e-01 1.194342816290636871e-35
9.221005722584141306e-01 1.169396824329174030e-35
9.655991951406229790e-01 1.144951643707859543e-35
1.011149796136254331e+00 1.119514512095503145e-35
1.058849174037981955e+00 1.093349660332636341e-35
1.108798693967039339e+00 1.066685288073253807e-35
1.161104502782480674e+00 1.039893046599632876e-35
1.215877754652034737e+00 1.012740959194868152e-35
1.273234847263895908e+00 9.855031811272081705e-36
1.333297669181435774e+00 9.580385796956504254e-36
1.396193858866478621e+00 9.304001179019068311e-36
1.462057075921580296e+00 9.027826738156278409e-36
1.531027285127734672e+00 8.753754917757330026e-36
1.603251053881106669e+00 8.481966590382128047e-36
1.678881863660860896e+00 8.215683271969094508e-36
1.758080436189994433e+00 7.953388471001455376e-36
1.841015074982287558e+00 7.695312901944452600e-36
1.927862023001178038e+00 7.437780104835352223e-36
2.018805837190635000e+00 7.181004828979509637e-36
2.114039780673914848e+00 6.930329505380397278e-36
2.213766233453678289e+00 6.687280653025780075e-36
2.318197122486229222e+00 6.451209333372836133e-36
2.427554372043807973e+00 6.221196024092166760e-36
2.542070375322026621e+00 5.998434887002351325e-36
2.661988488294610544e+00 5.781418522728615181e-36
2.787563546864965325e+00 5.568617618572062799e-36
2.919062408413541920e+00 5.362459920894105345e-36
3.056764518891822213e+00 5.164250757939304154e-36
3.200962506668071583e+00 4.974027067207765868e-36
3.351962804386816153e+00 4.791445231633176176e-36
3.510086300163536066e+00 4.616325011257686066e-36
3.675669019498441603e+00 4.445642528225302113e-36
3.849062839358445842e+00 4.276169376937152287e-36
4.030636235944794699e+00 4.108319664105790826e-36
4.220775067735471175e+00 3.946748223838282240e-36
4.419883395466347231e+00 3.791470589918785598e-36
4.628384340793649798e+00 3.642360929643355019e-36
4.846720985462474651e+00 3.498763290760040153e-36
5.075357312892099237e+00 3.360364154493706958e-36
5.314779194179128474e+00 3.225415918803325439e-36
5.565495420613722821e+00 3.093776080049503028e-36
5.828038784903155189e+00 2.967227952129499903e-36
6.102967213400373403e+00 2.847036672720294185e-36
6.390864951743596478e+00 2.732520611285764457e-36
6.692343806426611863e+00 2.621976285076586867e-36
7.008044444938152928e+00 2.514855313429282742e-36
7.338637757233263059e+00 2.411507396563190910e-36
7.684826281429913308e+00 2.311924655024614333e-36
8.047345696760597633e+00 2.215931284074823702e-36
8.426966386951487920e+00 2.123408879635043838e-36
8.824495077351571126e+00 2.034295776347763189e-36
9.240776549290680819e+00 1.948519130286054279e-36
9.676695435309660809e+00 1.865975280301437554e-36
1.013317809907767675e+01 1.786576061792938280e-36
1.061119460399152992e+01 1.710326072811687027e-36
1.111176077464065237e+01 1.636993505767412289e-36
1.163594035551826167e+01 1.566448989134440308e-36
1.218484727156637604e+01 1.498510262559833514e-36
1.275964799535839234e+01 1.433294605092486047e-36
1.336156402594977877e+01 1.370850657066843542e-36
1.399187448466447137e+01 1.311096906001470718e-36
1.465191883333347889e+01 1.254628364296190564e-36
1.534309972076199102e+01 1.201627993569654680e-36
1.606688596347404641e+01 1.151432748468214565e-36
1.682481566706904985e+01 1.102542802031599168e-36
1.761849949482338573e+01 1.054826214161092195e-36
1.844962409048293495e+01 1.009161080593431448e-36
1.931995566252053820e+01 9.658401871830318586e-37
2.023134373747497605e+01 9.245103086920584710e-37
2.118572509034775209e+01 8.845140294565727355e-37
2.218512786041016227e+01 8.458129319964420216e-37
2.323167586116677796e+01 8.085944097462081682e-37
2.432759309363479261e+01 7.728962602168184500e-37
2.547520847253003140e+01 7.385360244408427818e-37
2.667696077540323074e+01 7.054247508112665697e-37
2.793540382524392029e+01 6.735111923851152340e-37
2.925321191756551187e+01 6.430789921189810926e-37
3.063318550350416558e+01 6.141710166032437677e-37
3.207825714100907533e+01 5.869137443299521198e-37
3.359149772677052681e+01 5.613177139088574636e-37
3.517612302212914699e+01 5.372543348876416106e-37
3.683550048683478906e+01 5.142809027021182824e-37
3.857315643517664228e+01 4.922211448455945959e-37
4.039278352969273556e+01 4.709910477943053559e-37
4.229824862838309230e+01 4.505895411753271299e-37
4.429360100210256945e+01 4.309661455386312865e-37
4.638308093959636125e+01 4.120147935876885493e-37
4.857112875846384981e+01 3.936898891614997427e-37
5.086239424120074659e+01 3.759702308842140382e-37
5.326174651637123247e+01 3.589007071287593388e-37
5.577428440590864511e+01 3.424792193932146959e-37
5.840534726053378733e+01 3.268163820319308101e-37
6.116052630631627807e+01 3.119135899017829975e-37
6.404567652649238596e+01 2.977573277756265075e-37
6.706692910378838235e+01 2.842881583104764998e-37
7.023070444969066273e+01 2.714635923994945577e-37
7.354372584835083160e+01 2.592820719652845128e-37
7.701303374412064784e+01 2.477143965869922936e-37
8.064600070307785984e+01 2.367177654739677039e-37
8.445034708033882964e+01 2.262429228200478220e-37
8.843415742645133548e+01 2.162506042569168268e-37
9.260589766773273368e+01 2.066028027206671956e-37
9.697443309706360992e+01 1.972665609803929992e-37
1.015490472133674444e+02 1.883428040097359321e-37
1.063394614498136690e+02 1.799440525633305072e-37
1.113558558326666912e+02 1.720167848513045059e-37
1.166088906146832471e+02 1.644186812065204130e-37
1.221097289290306662e+02 1.571133522500601619e-37
1.278700605118681892e+02 1.500917937079507769e-37
1.339021265440018738e+02 1.433522924942800363e-37
1.402187456644063275e+02 1.368900756400378175e-37
1.468333412108920299e+02 1.307270338390978403e-37
1.537599697458076662e+02 1.248545897823165853e-37
1.610133509273979087e+02 1.192568956459952469e-37
1.686088987902929546e+02 1.139179405203484067e-37
1.765627545016069746e+02 1.088210679679573995e-37
1.848918206622525418e+02 1.039415397614455927e-37
1.936137972263645963e+02 9.926811823450001455e-38
2.027472191151668994e+02 9.480487851935193754e-38
2.123114956052109221e+02 9.055390345504742410e-38
2.223269515746935383e+02 8.650768654208153458e-38
2.328148706955034299e+02 8.266889408450012303e-38
2.437975406627829500e+02 7.902764076029676821e-38
2.552983005581238558e+02 7.552609881012250158e-38
2.673415904470434157e+02 7.212024531878371086e-38
2.799530033161452707e+02 6.882511254903790576e-38
2.931593394603312390e+02 6.570509613535896445e-38
3.069886634356435593e+02 6.275765021471787507e-38
3.214703636987661639e+02 5.995552788759726140e-38
3.366352150599259403e+02 5.728171789179539060e-38
3.525154440819066508e+02 5.472409355709014664e-38
3.691447975641601147e+02 5.225541300829199678e-38
3.865586142575444342e+02 4.987206122090907608e-38
4.047938999620908476e+02 4.760388699527915144e-38
4.238894061673891542e+02 4.546388388217921828e-38
4.438857124027045984e+02 4.343432518724656761e-38
4.648253124718333993e+02 4.147541574665458120e-38
4.867527047559485140e+02 3.958321448556407257e-38
5.097144867763382194e+02 3.778198836097722100e-38
5.337594542179901964e+02 3.608166610767801081e-38
5.589387046244582962e+02 3.447439894885425510e-38
5.853057459843633978e+02 3.294836857999362187e-38
6.129166104402949031e+02 3.149839024617562465e-38
6.418299733617449192e+02 3.010968776472183980e-38
6.721072780351186111e+02 2.877358669527963772e-38
7.038128662357997882e+02 2.749123038291280763e-38
7.370141149597384356e+02 2.626852551561454360e-38
7.717815796051397683e+02 2.510306146709071582e-38
8.081891439085175080e+02 2.399061089786379497e-38
8.463141769537407981e+02 2.292778312587895952e-38
8.862376975877364202e+02 2.190883668982281959e-38
9.280445465922317680e+02 2.092324743513116728e-38
9.718235669774323924e+02 1.997070386368362418e-38
1.017667792780762511e+03 1.906509562512741676e-38
1.065674646771884227e+03 1.821179165845904681e-38
1.115946147484142557e+03 1.740537279829999480e-38
1.168589126012369888e+03 1.663776015907324654e-38
1.223715453037808402e+03 1.590635793622644402e-38
1.281442276562549750e+03 1.520062355762082115e-38
1.341892270858715847e+03 1.451416374180710981e-38
1.405193897161446102e+03 1.385262102848470397e-38
1.471481676659620462e+03 1.322673743372687363e-38
1.540896476364525597e+03 1.263410070338801049e-38
1.613585808463891226e+03 1.206395430968517949e-38
1.689704143797473080e+03 1.151496796013148824e-38
1.769413240120380578e+03 1.098894001838067814e-38
1.852882485851650927e+03 1.048879229430481058e-38
1.940289260038670818e+03 1.001371445473322958e-38
2.031819309302286456e+03 9.567746977056295050e-39
2.127667142563754624e+03 9.150194129782549874e-39
2.228036444392268550e+03 8.754446828218131082e-39
2.333140507851492657e+03 8.371494698427965417e-39
2.443202687764985512e+03 8.001525237507485632e-39
2.558456875363627660e+03 7.649125899965873380e-39
2.679147995323855866e+03 7.313535598264115673e-39
2.805532526252833577e+03 6.992867144908767729e-39
2.937879045726677305e+03 6.684644103572907722e-39
3.076468801040047310e+03 6.388287033507475939e-39
3.221596306879851909e+03 6.102275446522965855e-39
3.373569971193346191e+03 5.826854404385511420e-39
3.532712750580498778e+03 5.562353332388645792e-39
3.699362836603441338e+03 5.309135453469102274e-39
3.873874374471547071e+03 5.067135129566119421e-39
4.056618215629217048e+03 4.838941793926828795e-39
4.247982705845908640e+03 4.624893105848025234e-39
4.448374510482982259e+03 4.422925326226672894e-39
4.658219478691178665e+03 4.230590694164598126e-39
4.877963548375334540e+03 4.047404338160444942e-39
5.108073693849220035e+03 3.872783012794037455e-39
5.349038918194625694e+03 3.705695040523614804e-39
5.601371292433307644e+03 3.546345910429389953e-39
5.865607043720208821e+03 3.394962056950534538e-39
6.142307694870566593e+03 3.250674708378774784e-39
6.432061257642224518e+03 3.110480872765094160e-39
6.735483482309323335e+03 2.973837612146295803e-39
7.053219166182436311e+03 2.842995797217527377e-39
7.385943523856244610e+03 2.719452506019743049e-39
7.734363622096340805e+03 2.602547420589088100e-39
8.099219882414497988e+03 2.490869392465595655e-39
8.481287654525711332e+03 2.384317335845154032e-39
8.881378864030299155e+03 2.281941523340407085e-39
9.300343737823048286e+03 2.182977663194941477e-39
9.739072610895600519e+03 2.087848902696100765e-39
1.019849781837185037e+04 1.998698779418667017e-39
1.067959567679729480e+04 1.915485698089940787e-39
1.118338855889224033e+04 1.836005730022592493e-39
1.171094706617849988e+04 1.758462560720630783e-39
1.226339230409606716e+04 1.683083694086341081e-39
1.284189826444477694e+04 1.610688251291772105e-39
1.344769432021411012e+04 1.541276150790630460e-39
1.408206783810221532e+04 1.475851308816836945e-39
1.474636691427675760e+04 1.414885020867571709e-39
1.544200323919063339e+04 1.357670991192392681e-39
1.617045509754079649e+04 1.302517493947171692e-39
1.693327050974565645e+04 1.249232867298463511e-39
1.773207052161618776e+04 1.198382924638131950e-39
1.856855264921250637e+04 1.149920142946059217e-39
1.944449448620575276e+04 1.103565442464943799e-39
2.036175748141144868e+04 1.058707387386516354e-39
2.132229089452240078e+04 1.015330117108623503e-39
2.232813593844635761e+04 9.740124199389074553e-40
2.338143011705247773e+04 9.349611435469939853e-40
2.448441176754362459e+04 8.977748107263273302e-40
2.563942481710781794e+04 8.615933467601914982e-40
2.684892376395762039e+04 8.266247843060166813e-40
2.811547889334132924e+04 7.942643550702159592e-40
2.944178173961198991e+04 7.645041598427313308e-40
3.083065080596023108e+04 7.359681816139116473e-40
3.228503755396636552e+04 7.083525554713829147e-40
3.380803267570066964e+04 6.829555972852109296e-40
3.540287266169901704e+04 6.588454652238011911e-40
3.707294667877334723e+04 6.356927519991145317e-40
3.882180377227078861e+04 6.119221489261804338e-40
4.065316040808886464e+04 5.905015919771514478e-40
4.257090837047259993e+04 5.700569114178788715e-40
4.457912303237747983e+04 5.510182313804808546e-40
4.668207201597447420e+04 5.329278100806885526e-40
4.888422426169923710e+04 5.151029022568274561e-40
5.119025952512062213e+04 4.986468641778757549e-40
5.360507832180787227e+04 4.824740565263890360e-40
5.613381234133095131e+04 4.675452914729408389e-40
5.878183535252590082e+04 4.529812610232280500e-40
6.155477462319691404e+04 4.400767981332496430e-40
6.445852287852647714e+04 4.273049848308434552e-40
6.749925082360312808e+04 4.147610638133961656e-40
7.068342025667952839e+04 4.036088967249960500e-40
7.401779780102880613e+04 3.926583918116629386e-40
7.750946928457733884e+04 3.828628641593556035e-40
8.116585479787584336e+04 3.730155930169400062e-40
8.499472446240478894e+04 3.645847965232004194e-40
8.900421494272435666e+04 3.559481848509023606e-40
9.320284673756046686e+04 3.486541065648305125e-40
9.759954228656747728e+04 3.379271293240103663e-40
1.022036449312514014e+05 3.311801156360168854e-40
1.070249387703424436e+05 3.252046457833881252e-40
1.120736694518129225e+05 3.202368529501797780e-40
1.173605659457277652e+05 3.156470600128938075e-40
1.228968633441910206e+05 3.111719749272638773e-40
1.286943267368472007e+05 3.067092189179675962e-40
1.347652762126674934e+05 3.022120375242789215e-40
1.411226130411589111e+05 2.977931926080391349e-40
1.477798470886280120e+05 2.940550245473615085e-40
1.547511255277624587e+05 2.913378776487767317e-40
1.620512629015447455e+05 2.895902147621882293e-40
1.696957726053782389e+05 2.887564950264471280e-40
1.777008998543370108e+05 2.887768454278225645e-40
1.860836562055899412e+05 2.878424164429221332e-40
1.948618557093649288e+05 2.830470027426517446e-40
2.040541527652807417e+05 2.741816269117984654e-40
2.136800817644853669e+05 2.611728854180382694e-40
2.237600986018547264e+05 2.440570269162646647e-40
2.343156241464593622e+05 2.230058754369912862e-40
2.453690897626803489e+05 1.985083832962909814e-40
2.569439849787163548e+05 1.711097458416461623e-40
2.690649074037690880e+05 1.284314182024699259e-40
2.817576150000001071e+05 8.642139863780181787e-41
