1.056583745000000130e-01 8.952443983115300225e-38
1.106356343832897299e-01 9.767947423870568626e-38
1.158473585583408849e-01 1.063085098083339634e-37
1.213045919585907656e-01 1.153869943888173764e-37
1.270188998122888102e-01 1.248818084980856737e-37
1.330023921520777641e-01 1.347509523524134313e-37
1.392677494791498827e-01 1.449434066292834021e-37
1.458282496363675629e-01 1.553991924562185118e-37
1.526977959472986812e-01 1.660496525209618189e-37
1.598909466808001167e-01 1.768179701477595907e-37
1.674229459035930789e-01 1.876199367069914965e-37
1.753097557862128009e-01 1.981952691870821866e-37
1.835680904307992189e-01 2.086103700145555248e-37
1.922154512924157121e-01 2.187664608871272532e-37
2.012701642689641857e-01 2.285620892133633338e-37
2.107514185382985128e-01 2.379024996015339504e-37
2.206793072248414700e-01 2.470050441167879864e-37
2.310748699818889751e-01 2.559531315996112818e-37
2.419601375798420273e-01 2.646511012051186055e-37
2.533581785948626486e-01 2.730080076358513852e-37
2.652931482968957089e-01 2.809398721852490813e-37
2.777903398406645907e-01 2.882288829905729093e-37
2.908762378681263860e-01 2.949490155176296080e-37
3.045785746359824242e-01 3.010504759728490036e-37
3.189263887871952585e-01 3.064963890104216497e-37
3.339500868910589282e-01 3.112952927962912534e-37
3.496815078822457790e-01 3.159760163759355593e-37
3.661539905353890512e-01 3.207572775171810804e-37
3.834024441181974607e-01 3.256629719413820813e-37
4.014634223728337781e-01 3.307254504609591786e-37
4.203752009823419900e-01 3.359862931998691730e-37
4.401778586862920561e-01 3.413788573934081158e-37
4.609133622175493605e-01 3.470810899929860854e-37
4.826256552401681499e-01 3.531707741543434923e-37
5.053607514768919673e-01 3.597390220380742726e-37
5.291668322236204869e-01 3.669333747872857986e-37
5.540943484575003852e-01 3.751661246741567944e-37
5.801961277550332641e-01 3.844352368302523058e-37
6.075274862467842096e-01 3.946448365290982531e-37
6.361463458459536424e-01 4.057272833406047667e-37
6.661133569992476744e-01 4.176449074816445077e-37
6.974920272201851068e-01 4.302943638305915648e-37
7.303488556772368412e-01 4.438041456579653491e-37
7.647534741220234356e-01 4.582518485220266534e-37
8.007787944562293481e-01 4.737639566030778664e-37
8.385011632499693723e-01 4.902096545896939170e-37
8.780005235390664353e-01 5.058910031246987126e-37
9.193605842441302523e-01 5.203578849583010056e-37
9.626689975704784130e-01 5.334168028722416703e-37
1.008017544764854279e+00 5.448969223425363744e-37
1.055502330622602791e+00 5.546561438941014398e-37
1.105223987157520682e+00 5.625018135796026883e-37
1.157287886865996818e+00 5.684456420084503189e-37
1.211804366037415814e+00 5.724595053614794680e-37
1.268888958584061477e+00 5.745547045337814913e-37
1.328662640886070445e+00 5.755540900730639112e-37
1.391252088170327639e+00 5.782991759392513591e-37
1.456789942966619344e+00 5.830196386251827230e-37
1.525415096209987054e+00 5.897038271411758799e-37
1.597272981584993978e+00 5.983751762832628836e-37
1.672515883735693931e+00 6.090929701286324967e-37
1.751303260994489186e+00 6.218789857547052561e-37
1.833802083313796238e+00 6.369442200052625018e-37
1.920187186116706801e+00 6.544737598654923010e-37
2.010641640816515086e+00 6.747017830114105542e-37
2.105357142790357905e+00 6.968744203045278760e-37
2.204534417629163912e+00 7.185129351673785457e-37
2.308383646524854171e+00 7.393659796689323742e-37
2.417124911696317380e+00 7.592910626323883883e-37
2.530988662798093536e+00 7.781535781738930206e-37
2.650216205300236716e+00 7.958293135567932604e-37
2.775060211874321503e+00 8.121380146215265212e-37
2.905785257869378579e+00 8.270498485536007543e-37
3.042668382012538864e+00 8.404868749419992357e-37
3.185999673522659670e+00 8.523868930831309814e-37
3.336082886881186038e+00 8.633572629840480274e-37
3.493236085563065974e+00 8.744434920292044563e-37
3.657792316091986518e+00 8.856318657563938952e-37
3.830100313848379567e+00 8.968964426901917243e-37
4.010525242126003143e+00 9.082210670805881974e-37
4.199449466003351894e+00 9.196000728912085021e-37
4.397273362669874786e+00 9.309748864324945875e-37
4.604416169924356872e+00 9.424252485915699862e-37
4.821316874643554407e+00 9.539835524327035150e-37
5.048435143104054390e+00 9.656931240472970220e-37
5.286252295128875289e+00 9.775632356094868517e-37
5.535272324123293508e+00 9.895352237841772739e-37
5.796022965161622409e+00 1.001569428803580940e-36
6.069056813388435501e+00 1.013633454515679515e-36
6.354952495104460475e+00 1.025701194256257406e-36
6.654315894018904665e+00 1.037753237107052771e-36
6.967781435267007772e+00 1.049717100413452757e-36
7.296013429913921655e+00 1.061646656456621860e-36
7.639707482794258375e+00 1.073547939294435282e-36
7.999591966670928755e+00 1.085432218972030114e-36
8.376429565837264946e+00 1.097183395483123107e-36
8.771018892433838587e+00 1.108690227657419989e-36
9.184196178905224883e+00 1.119924566519560724e-36
9.616837050183510982e+00 1.130866982153582620e-36
1.006985837935427774e+01 1.141499391488154227e-36
1.054422023073756520e+01 1.151805177739556672e-36
1.104092789450180057e+01 1.161596700894937975e-36
1.156103401712248591e+01 1.170582109198385630e-36
1.210564083220055842e+01 1.178003278567022418e-36
1.267590249636827338e+01 1.182141804274551939e-36
1.327302753523270695e+01 1.182565917742408049e-36
1.389828140454065597e+01 1.180992083869077941e-36
1.455298917199256792e+01 1.180383968442437329e-36
1.523853832538890352e+01 1.182077232275839977e-36
1.595638171306027786e+01 1.183956706243325920e-36
1.670804062281259661e+01 1.185455511848215206e-36
1.749510800591245285e+01 1.187534630691973915e-36
1.831925185294514336e+01 1.191525337799927059e-36
1.918221872869945699e+01 1.196320171012814289e-36
2.008583747357087290e+01 1.199348588195605677e-36
2.103202307932691539e+01 1.199970111751386955e-36
2.202278074744868519e+01 1.199872258398949496e-36
2.306021013864912916e+01 1.201652090907631506e-36
2.414650982257365186e+01 1.205181415721983582e-36
2.528398193711348441e+01 1.206285618746970497e-36
2.647503706720557304e+01 1.203890914632496660e-36
2.772219935345873765e+01 1.199579193497241352e-36
2.902811184143222789e+01 1.195705988526717087e-36
3.039554208290359583e+01 1.191817645780366470e-36
3.182738800099577503e+01 1.187036230346590285e-36
3.332668403159344450e+01 1.181160007394573078e-36
3.489660755406373482e+01 1.173900744823429179e-36
3.654048562490937258e+01 1.164876763039129454e-36
3.826180202862505553e+01 1.154499836109236822e-36
4.006420466069894104e+01 1.144992362125993475e-36
4.195151325840602397e+01 1.136872153573055899e-36
4.392772749577690661e+01 1.129052236934168304e-36
4.599703545989680009e+01 1.120075182540248371e-36
4.816382252649886908e+01 1.110013755813382776e-36
5.043268065366064690e+01 1.099554000485501212e-36
5.280841811329973723e+01 1.088877644010443893e-36
5.529606968109213483e+01 1.077966273934733058e-36
5.790090730640778816e+01 1.066800600605917742e-36
6.062845128487641944e+01 1.055298484884877005e-36
6.348448195726007270e+01 1.042128368462763120e-36
6.647505195942594014e+01 1.027003890392788686e-36
6.960649904937949373e+01 1.010734552243042088e-36
7.288545953854280413e+01 9.945961288411372770e-37
7.631888235574054136e+01 9.784138923425502483e-37
7.991404377370020029e+01 9.614618928080852355e-37
8.367856282927495215e+01 9.436034384554237071e-37
8.762041747006811931e+01 9.250983069169641167e-37
9.174796146167916788e+01 9.063453659677090909e-37
9.606994209140033547e+01 8.874943927952598919e-37
1.005955187058833786e+02 8.681385638704131916e-37
1.053342821220622199e+02 8.482156691704407718e-37
1.102962749524673285e+02 8.284573722602330730e-37
1.154920128880079346e+02 8.100123573290030069e-37
1.209325069833231936e+02 7.925898421391479093e-37
1.266292869919324175e+02 7.744089678849276644e-37
1.325944258006364862e+02 7.550879084376222387e-37
1.388405650149525172e+02 7.352462615398663477e-37
1.453809417498056291e+02 7.157656431814214300e-37
1.522294166822510988e+02 6.966989881043875799e-37
1.594005034256798012e+02 6.776567766113977280e-37
1.669093992877566848e+02 6.585638532900082913e-37
1.747720174772777852e+02 6.394948244540718915e-37
1.830050208281977859e+02 6.206250627944215126e-37
1.916258571122992862e+02 6.019562866349055673e-37
2.006527960153397885e+02 5.836636840973377103e-37
2.101049678550367901e+02 5.657891481613889411e-37
2.200024041229470697e+02 5.482845484343882282e-37
2.303660799361542217e+02 5.310792922603196339e-37
2.412179584887333874e+02 5.141702044578763581e-37
2.525810375971957171e+02 4.974536819677277490e-37
2.644793984385524936e+02 4.809177622582598602e-37
2.769382565842908548e+02 4.646210524010655714e-37
2.899840154384096991e+02 4.486813726813370292e-37
3.036443221927679019e+02 4.330418140264120560e-37
3.179481264183268081e+02 4.176124099260493686e-37
3.329257414164551392e+02 4.023859845344520215e-37
3.486089084603187871e+02 3.875531743827857719e-37
3.650308640624935492e+02 3.734038332019089368e-37
3.822264104113621102e+02 3.599588555333585986e-37
4.002319891255633024e+02 3.468206089288443677e-37
4.190857584828034419e+02 3.338934213541191034e-37
4.388276742866897848e+02 3.212742977055108566e-37
4.594995745429677072e+02 3.091191309779058676e-37
4.811452681246104248e+02 2.973739887517920583e-37
5.038106276136614952e+02 2.859894127606571918e-37
5.275436865165928566e+02 2.749492389764408276e-37
5.523947410591913467e+02 2.641929444109574120e-37
5.784164567767098788e+02 2.536364672512607462e-37
6.056639801251724293e+02 2.433241119229739765e-37
6.341950553503604624e+02 2.334963908917325558e-37
6.640701468621653021e+02 2.241907839818828223e-37
6.953525673736349972e+02 2.152403215911272431e-37
7.281086120762845439e+02 2.064323035672080797e-37
7.624076991360151396e+02 1.978119053961488482e-37
7.983225168073856821e+02 1.895930734646877981e-37
8.359291774780197102e+02 1.818105382840321484e-37
8.753073789695890810e+02 1.744009727348943624e-37
9.165405734372258166e+02 1.672770694802094793e-37
9.597161442252889856e+02 1.604008375344615528e-37
1.004925591054304846e+03 1.537517551766310186e-37
1.052264723931517210e+03 1.473220142278942628e-37
1.101833866196007193e+03 1.411406619749384102e-37
1.153738067128678040e+03 1.352638906544649338e-37
1.208087324577681784e+03 1.296769667480740540e-37
1.264996818071087318e+03 1.242274861545367159e-37
1.324587152910796021e+03 1.188796240516871155e-37
1.386984615765042463e+03 1.136858255300002963e-37
1.452321442301090656e+03 1.087236302950503516e-37
1.520736097425343587e+03 1.040012103598393707e-37
1.592373568724750157e+03 9.957760175813648377e-38
1.667385673731386760e+03 9.545159339668451679e-38
1.745931381661383284e+03 9.151786860679321079e-38
1.828177150310036495e+03 8.762809096875046850e-38
1.914297278817077085e+03 8.378917879650366071e-38
2.004474277049690500e+03 8.012645267623981559e-38
2.098899252386080207e+03 7.666411874719097828e-38
2.197772314719326459e+03 7.337756352089210080e-38
2.301303000539760433e+03 7.023757250030426355e-38
2.409710716994652103e+03 6.723934249020480314e-38
2.523225206866259214e+03 6.434578870854717037e-38
2.642087035453644603e+03 6.154580893123619907e-38
2.766548100390084983e+03 5.884415718066052441e-38
2.896872165476500868e+03 5.624999142482180610e-38
3.033335419662239019e+03 5.375920425729740656e-38
3.176227062357788327e+03 5.138756524544530537e-38
3.325849916319946715e+03 4.913446585783528835e-38
3.482521069408163385e+03 4.698686760129201737e-38
3.646572546572203919e+03 4.492727132418401970e-38
3.818352013495191386e+03 4.294574798154798631e-38
3.998223513383239151e+03 4.102000598945339694e-38
4.186568238463104535e+03 3.914505500395782751e-38
4.383785337822864676e+03 3.735237691788150000e-38
4.590292763307622408e+03 3.569234286090292569e-38
4.806528155262919427e+03 3.415686697481504543e-38
5.032949770002908735e+03 3.268528531690185252e-38
5.270037450968960002e+03 3.126018487095953454e-38
5.518293645636635119e+03 2.988522130595239177e-38
5.778244470326254486e+03 2.856545794997377952e-38
6.050440825173597659e+03 2.729561156863105654e-38
6.335459561623633817e+03 2.608451748031838510e-38
6.633904704921512348e+03 2.493248724496733810e-38
6.946408734191550138e+03 2.382650916600465877e-38
7.273633922817051825e+03 2.274978629453980239e-38
7.616273741961462292e+03 2.170965193522291508e-38
7.975054330205486622e+03 2.071753535579474571e-38
8.350736032414406509e+03 1.977448062190424747e-38
8.744115011097048409e+03 1.888059928967339862e-38
9.156024933671189501e+03 1.803683485384319334e-38
9.587338739211154461e+03 1.723651590215711618e-38
1.003897048842176628e+04 1.647817992300617305e-38
1.051187730075920990e+04 1.575980795302195652e-38
1.100706138280404957e+04 1.507242733855147996e-38
1.152557215218504462e+04 1.440284113501956706e-38
1.206850846155474210e+04 1.375056415808884879e-38
1.263702092733036079e+04 1.313237440309609731e-38
1.323231436813465552e+04 1.255123131869228451e-38
1.385565035810480731e+04 1.199619497383552087e-38
1.450834990048025429e+04 1.145159145468565771e-38
1.519179622713550998e+04 1.092129464459067897e-38
1.590743772999085922e+04 1.041674657492875653e-38
1.665679103051331185e+04 9.939850533803921001e-39
1.744144419381289845e+04 9.490117119206914835e-39
1.826306009414554137e+04 9.068233166527173016e-39
1.912337993895537875e+04 8.672292030896492497e-39
2.002422695892415140e+04 8.291396119559905851e-39
2.096751027184830673e+04 7.922299455721020349e-39
2.195522892853212034e+04 7.568003949639280321e-39
2.298947614927110772e+04 7.233441423261312502e-39
2.407244375990392655e+04 6.916547738422369813e-39
2.520642683683378345e+04 6.609435863920541736e-39
2.639382857086339209e+04 6.310011416656208617e-39
2.763716536015111342e+04 6.023258294920860749e-39
2.893907214308126277e+04 5.756956267574311316e-39
3.030230798235100883e+04 5.507556919427502430e-39
3.172976191210690013e+04 5.265307148821918401e-39
3.322445906052330974e+04 5.027666059571195865e-39
3.478956706079775904e+04 4.796902563068741144e-39
3.642840276414965047e+04 4.576787411894181939e-39
3.814443926904895488e+04 4.367962518235168842e-39
3.994131328157142707e+04 4.170374188893682167e-39
4.182283282247900206e+04 3.983497953547459919e-39
4.379298529735790362e+04 3.805422976817200814e-39
4.585594594691848033e+04 3.633577913489986645e-39
4.801608669536335219e+04 3.468757828203481261e-39
5.027798541557688441e+04 3.313527149635359304e-39
5.264643563077090221e+04 3.168104250988432127e-39
5.512645667314676393e+04 3.031140647661863398e-39
5.772330432110259426e+04 2.900628366146539464e-39
6.044248193752850784e+04 2.775223458049063182e-39
6.328975213279468881e+04 2.655000519476444369e-39
6.627114897714914696e+04 2.539871587026895028e-39
6.939299078840548464e+04 2.428541754295904348e-39
7.266189352202288865e+04 2.318983069477269015e-39
7.608478479195277032e+04 2.211772536914160809e-39
7.966891855196737743e+04 2.110074525003046324e-39
8.342189046858323854e+04 2.014510964265989904e-39
8.735165401815845689e+04 1.924198926228648658e-39
9.146653734227755922e+04 1.837934128078387958e-39
9.577526089714482077e+04 1.755394244927450935e-39
1.002869559343894653e+05 1.675487581669278118e-39
1.050111838524469931e+05 1.597904280181792234e-39
1.099579564595302363e+05 1.523545310604130431e-39
1.151377571911280538e+05 1.453944522100571586e-39
1.205615633269999526e+05 1.388680122393947296e-39
1.262408692547488899e+05 1.326350995553822917e-39
1.321877108292734192e+05 1.266477039610365451e-39
1.384146908797230863e+05 1.208831390755605636e-39
1.449350059180127573e+05 1.153168301091924167e-39
1.517624741054972983e+05 1.099962768345930550e-39
1.589115645370760758e+05 1.050403879156265919e-39
1.663974279047847085e+05 1.004615261605127633e-39
1.742359286058633006e+05 9.617603631173129986e-40
1.824436783633393934e+05 9.205103703224009555e-40
1.910380714303807181e+05 8.804262619140682518e-40
2.000373214530229452e+05 8.417505554490395597e-40
2.094605000693933689e+05 8.045442805948613536e-40
2.193275773272324004e+05 7.687868838829715307e-40
2.296594640053674520e+05 7.345047866616787928e-40
2.404780559288290387e+05 7.017351305210667164e-40
2.518062803715215414e+05 6.699317822859928414e-40
2.636681446447938215e+05 6.389385723865681423e-40
2.760887869748719968e+05 6.091849420332495199e-40
2.890945297769832541e+05 5.814168290983006030e-40
3.027129354390680674e+05 5.555140143041253839e-40
3.169728647333024419e+05 5.309989594523540455e-40
3.319045379792170716e+05 5.076770244474756324e-40
3.475395990880339523e+05 4.854996452107055669e-40
3.639111826239462243e+05 4.644110954002267320e-40
3.810539840244614170e+05 4.442573755586330211e-40
3.990043331286175526e+05 4.250771004667513419e-40
4.178002711689081625e+05 4.068513921548355126e-40
4.374816313900666428e+05 3.894628046374113733e-40
4.580901234655709122e+05 3.727380128034801215e-40
4.796694218907649047e+05 3.566491011840132856e-40
5.022652585399238742e+05 3.408913173807120469e-40
5.259255195834145416e+05 3.253865240213399719e-40
5.507003469703417504e+05 3.103945218409194550e-40
5.766422446917507332e+05 2.963833145723399153e-40
6.038061900495734299e+05 2.833490194857490359e-40
6.322497501671459759e+05 2.708903635536424562e-40
6.620332039881856181e+05 2.588679341318081928e-40
6.932196700227936963e+05 2.473122738264833678e-40
7.258752401111994404e+05 2.362751474618162558e-40
7.600691194887279999e+05 2.256980132477851975e-40
7.958737734488225542e+05 2.156821268675016417e-40
8.333650809149355628e+05 2.062364791412870967e-40
8.726224952467486728e+05 1.972470128818450406e-40
9.137292126215081662e+05 1.885297010272345441e-40
9.567723483473082306e+05 1.800751035530250665e-40
1.001843121482001268e+06 1.720186265746775968e-40
1.049037048148950795e+06 1.643873427771350889e-40
1.098454143959339242e+06 1.571293783046007573e-40
1.150199135970002506e+06 1.501719310302831603e-40
1.204381684625982074e+06 1.435376441961599914e-40
1.261116616158150835e+06 1.372416142007771661e-40
1.320524165928415721e+06 1.312738672461133531e-40
1.382730233238209272e+06 1.256138875600697037e-40
1.447866648140260950e+06 1.202404193589944342e-40
1.516071450819121208e+06 1.151376190914907530e-40
1.587489184132469120e+06 1.103153117447935285e-40
1.662271199933202704e+06 1.057650450440312584e-40
1.740575979821477085e+06 1.014352816089908742e-40
1.822569471006438369e+06 9.723180660909741504e-41
1.908425437989432830e+06 9.312855790070345038e-41
1.998325830813991837e+06 8.920341380729945614e-41
2.092461170663007302e+06 8.547610250545565507e-41
2.191030953620276414e+06 8.191527404515332350e-41
2.294244073452061974e+06 7.847327601519290490e-41
2.402319264304710086e+06 7.516187027587271287e-41
2.515485564256427344e+06 7.198388051592181787e-41
2.633982800705657806e+06 6.893597656837461723e-41
2.758062098624700680e+06 6.603308568234810488e-41
2.887986412755678874e+06 6.330550768589715233e-41
3.024031084876718931e+06 6.074507769151831326e-41
3.166484427319327835e+06 5.829961512302961397e-41
3.315648333973587025e+06 5.594870578162842787e-41
3.471838920075998176e+06 5.369327534849167317e-41
3.635387192135948222e+06 5.153646125655070171e-41
3.806639749420401175e+06 4.946352165088998413e-41
3.985959518483534921e+06 4.748292438077995920e-41
4.173726522297934629e+06 4.559496649635522651e-41
4.370338685617329553e+06 4.379609493981875898e-41
4.576212678277628496e+06 4.208149019443059150e-41
4.791784798223434947e+06 4.046275907327768895e-41
5.017511896131371148e+06 3.892124050817141280e-41
5.253872343589747325e+06 3.744733824674824880e-41
5.501367046886308119e+06 3.604937386619234085e-41
5.760520508552701212e+06 3.474402016841395223e-41
6.031881938915109262e+06 3.350445882937019727e-41
6.316026420006874017e+06 3.228949932018395616e-41
6.613556124309659936e+06 3.111015342081541683e-41
6.925101590905981138e+06 3.006077847768148866e-41
7.251323061747575179e+06 2.900785979363832799e-41
7.592911880871511996e+06 2.802958869901475019e-41
7.950591959529330023e+06 2.709721988477457524e-41
8.325121310334087349e+06 2.619917619437698448e-41
8.717293653676791117e+06 2.534568525505788876e-41
9.127940099816292524e+06 2.455860055711301317e-41
9.557930910207634792e+06 2.380327728706383864e-41
1.000817734180147946e+07 2.307155546893036063e-41
1.047963357822311111e+07 2.237960104172369014e-41
1.097329875192373432e+07 2.172431824709188022e-41
1.149021906158930063e+07 2.113274718560910837e-41
1.203148998929472081e+07 2.057411793592819192e-41
1.259825862210115604e+07 2.000715005263326928e-41
1.319172608301780559e+07 1.949569327647834378e-41
1.381315007647842728e+07 1.904002868508405387e-41
1.446384755372874439e+07 1.857216264130340688e-41
1.514519750377170183e+07 1.813662156555622008e-41
1.585864387578662299e+07 1.776178439168709182e-41
1.660569863921509311e+07 1.742770886597052489e-41
1.738794498799797893e+07 1.714409829116961078e-41
1.820704069575576112e+07 1.688040843509526945e-41
1.906472162902058288e+07 1.658574483465428484e-41
1.996280542596763745e+07 1.639914166941394767e-41
2.090319534843972698e+07 1.620838367238316456e-41
2.188788431543080881e+07 1.595487565125584578e-41
2.291895912657390907e+07 1.584890638875737208e-41
2.399860488458675519e+07 1.577296006497305364e-41
2.512910962604460493e+07 1.572766465743334629e-41
2.631286917029630393e+07 1.573398605496173279e-41
2.755239219679877907e+07 1.580553363574492013e-41
2.885030556162897870e+07 1.593901080586277851e-41
3.020935986444292217e+07 1.613884688293265050e-41
3.163243527767622843e+07 1.641032694492735703e-41
3.312254765034331754e+07 1.674375306310346056e-41
3.468285489936689287e+07 1.713383310335914642e-41
3.631666370198654383e+07 1.758843985087918487e-41
3.802743650342529267e+07 1.811821647017883712e-41
3.981879885466831923e+07 1.873756583307042286e-41
4.169454709590338916e+07 1.969044009010498499e-41
4.365865640190415084e+07 2.123085162288416377e-41
4.571528920641067624e+07 2.351480636589101462e-41
4.786880402335539460e+07 2.679984178045408861e-41
5.012376468363428861e+07 3.150515577719627740e-41
5.248495000699258596e+07 3.832957259287381035e-41
5.495736392952819169e+07 4.850514144464949043e-41
5.754624610826931149e+07 6.450934558904861162e-41
6.025708302530509233e+07 9.338372957724693052e-41
6.309561961499997228e+07 8.865814107784423002e-41
