1.056583745000000130e-01 1.454518232394751210e-37
1.106355814038914448e-01 1.528306825706845285e-37
1.158472476081589819e-01 1.605453093867683904e-37
1.213044176935472312e-01 1.686019481483292928e-37
1.270186565134606704e-01 1.770055328919837517e-37
1.330020737022402921e-01 1.857595112055836332e-37
1.392673493379417426e-01 1.948656699950465079e-37
1.458277608140000348e-01 2.043239661846382941e-37
1.526972109767268104e-01 2.141323657037953574e-37
1.598902575882694688e-01 2.242866942652029189e-37
1.674221441774703389e-01 2.347805035207905152e-37
1.753088323440047946e-01 2.453462636264675980e-37
1.835670355842574375e-01 2.562198834257804689e-37
1.922142547106207300e-01 2.673883463877228445e-37
2.012688149392758419e-01 2.788348816533696083e-37
2.107499047250533941e-01 2.905391245924902027e-37
2.206776164256720463e-01 3.024757388947373170e-37
2.310729888815313271e-01 3.146366272859928023e-37
2.419580520012936387e-01 3.269928396402430087e-37
2.533558734477419638e-01 3.395137613789857664e-37
2.652906075228487759e-01 3.521674707345126648e-37
2.777875463556553903e-01 3.647015960465521325e-37
2.908731735014376540e-01 3.772944633268785525e-37
3.045752200657463882e-01 3.899144913803675241e-37
3.189227234722604165e-01 4.025284338775583738e-37
3.339460889989939174e-01 4.151180499482012833e-37
3.496771542132646182e-01 4.279310729555772304e-37
3.661492564419750462e-01 4.410806085061260847e-37
3.833973034201889618e-01 4.545654530110726814e-37
4.014578472677220455e-01 4.683847267846374676e-37
4.203691619505189325e-01 4.825380076884589559e-37
4.401713243909716189e-01 4.968416504907900786e-37
4.609062993990697965e-01 5.114748332927669026e-37
4.826180286043691425e-01 5.264419876010073794e-37
5.053525235772418078e-01 5.417462238898227167e-37
5.291579633367528013e-01 5.573459424848825636e-37
5.540847964518015312e-01 5.728374456202012713e-37
5.801858479519000911e-01 5.881112539792223876e-37
6.075164312741553330e-01 6.031271731550323289e-37
6.361344654836936785e-01 6.178453719261612000e-37
6.661005980159402373e-01 6.322266117889550458e-37
6.974783332008700487e-01 6.460773968125949316e-37
7.303341668416011290e-01 6.595111159130838533e-37
7.647377271325256354e-01 6.724944695956918918e-37
8.007619222156162619e-01 6.849927404266756600e-37
8.384830946876093982e-01 6.972198945043877110e-37
8.779811833854952452e-01 7.105777344127549766e-37
9.193398927931726305e-01 7.253531706131110902e-37
9.626468704282771238e-01 7.416106956541048918e-37
1.007993892585097528e+00 7.594294203311329012e-37
1.055477058827210657e+00 7.789045326783386811e-37
1.105196995642004687e+00 8.000207592746177089e-37
1.157259069688671316e+00 8.230359233543798267e-37
1.211773611091590874e+00 8.481082792406362307e-37
1.268856147252305000e+00 8.754183678327350205e-37
1.328627647675579615e+00 9.045805436090039817e-37
1.391214780328391631e+00 9.334976986677798536e-37
1.456750180075112810e+00 9.618494300507352283e-37
1.525372729757768830e+00 9.894857702543452544e-37
1.597227854517028645e+00 1.016257707596840671e-36
1.672467829977656750e+00 1.042019168079502793e-36
1.751252104951535937e+00 1.066499062213581244e-36
1.833747639342132585e+00 1.089689754717114913e-36
1.920129257966487479e+00 1.111469409711221642e-36
2.010580021044569232e+00 1.131723088192271189e-36
2.105291612141110491e+00 1.150725170034728558e-36
2.204464744382070851e+00 1.169355909268155873e-36
2.308309585806579634e+00 1.187644094854415179e-36
2.417046204755750161e+00 1.205564445843999213e-36
2.530905036242268036e+00 1.223092233251477254e-36
2.650127370289046436e+00 1.240203364122386009e-36
2.774965863271865008e+00 1.256772630650935306e-36
2.905685073349621561e+00 1.272876676488788975e-36
3.042562021116882232e+00 1.288497091724483482e-36
3.185886776666862819e+00 1.303613002838895075e-36
3.335963074308965215e+00 1.318209601768191947e-36
3.493108956243553109e+00 1.332270696634303747e-36
3.657657446558066017e+00 1.345770184687565621e-36
3.829957256972797541e+00 1.358684290125706850e-36
4.010373525831962382e+00 1.370995638656675247e-36
4.199288591906107371e+00 1.382693541159983891e-36
4.397102804645747653e+00 1.393676181316141307e-36
4.604235372603275422e+00 1.404042502957055872e-36
4.821125251821151814e+00 1.413806926569327150e-36
5.048232076069044894e+00 1.422987601071575067e-36
5.286037130901279468e+00 1.432192432672966167e-36
5.535044373598812406e+00 1.442042189889199014e-36
5.795781501157228455e+00 1.452505794084896769e-36
6.068801068584001257e+00 1.463566467304381520e-36
6.354681659874945154e+00 1.475214384151614257e-36
6.654029114151386537e+00 1.487446812423403919e-36
6.967477809556493540e+00 1.500177128067539968e-36
7.295692007631582321e+00 1.513506348017163485e-36
7.639367261021453359e+00 1.527458481007532694e-36
7.999231887491910165e+00 1.542054733965886269e-36
8.376048513383246075e+00 1.556332517037039770e-36
8.770615689770583145e+00 1.569553472896136465e-36
9.183769584756021231e+00 1.581660310703848354e-36
9.616385755478917829e+00 1.592617086565720694e-36
1.006938100359957744e+01 1.602391752549924045e-36
1.054371531818842378e+01 1.610956336098052781e-36
1.104039391013811588e+01 1.617270536692089624e-36
1.156046934240988833e+01 1.619996425521992089e-36
1.210504376062855592e+01 1.619458137645803311e-36
1.267527122875327450e+01 1.620406446477094844e-36
1.327236017477380337e+01 1.623982588452897518e-36
1.389757595161520953e+01 1.629008178740357971e-36
1.455224351867810029e+01 1.633826249881606117e-36
1.523775024969707914e+01 1.638381704406856858e-36
1.595554887286788670e+01 1.639508896562742274e-36
1.670716054947394014e+01 1.636406239338944011e-36
1.749417809753650488e+01 1.632102911018925704e-36
1.831826936731999567e+01 1.631081512374540712e-36
1.918118077584604819e+01 1.632370889331756705e-36
2.008474100790631311e+01 1.631140486409933535e-36
2.103086489141753290e+01 1.626180204623947457e-36
2.202155745533134734e+01 1.617810523622507068e-36
2.305891817869849802e+01 1.606525538033602982e-36
2.414514543989193740e+01 1.592632931073704367e-36
2.528254117541778356e+01 1.578772118649663221e-36
2.647351575818697711e+01 1.565580332104975847e-36
2.772059310558575618e+01 1.551567705901023129e-36
2.902641602816996169e+01 1.534934941894993453e-36
3.039375183031819105e+01 1.516452507660228157e-36
3.182549817471252496e+01 1.497838532923798786e-36
3.332468922307531756e+01 1.479501150429667515e-36
3.489450206617490835e+01 1.461509148676018103e-36
3.653826345672725040e+01 1.443926687788806840e-36
3.825945685946151542e+01 1.426385373844127184e-36
4.006172983329047099e+01 1.406869922500181643e-36
4.194890176122966352e+01 1.384962394587196367e-36
4.392497194444695197e+01 1.362024606165242068e-36
4.599412807759510002e+01 1.340208637270047531e-36
4.816075512338854736e+01 1.319295100595570427e-36
5.042944460523136740e+01 1.297075694029827704e-36
5.280500433758905388e+01 1.273079209194061530e-36
5.529246861472559971e+01 1.248632865935139738e-36
5.789710887939683914e+01 1.225601667165264282e-36
6.062444489410987103e+01 1.203770662904270045e-36
6.348025643862260381e+01 1.181535440148755870e-36
6.647059555847259560e+01 1.158535862239066844e-36
6.960179939049260156e+01 1.134683819574743936e-36
7.288050359249247379e+01 1.109943871781252563e-36
7.631365640556776953e+01 1.084255371551684256e-36
7.990853337883588381e+01 1.059010035028901360e-36
8.367275278780456915e+01 1.034544196487402749e-36
8.761429177904724952e+01 1.009726800070077498e-36
9.174150327539892658e+01 9.829793631796781565e-37
9.606313367749918086e+01 9.548981335885522207e-37
1.005883413991937232e+02 9.272995563112163457e-37
1.053267162760763540e+02 9.006027163112947644e-37
1.102882998883010544e+02 8.745651983127969553e-37
1.154836068407329321e+02 8.489657668962081347e-37
1.209236470455344801e+02 8.237133783918155789e-37
1.266199490544089912e+02 7.988650799792335656e-37
1.325845844899464225e+02 7.744437837174337253e-37
1.388301936278471658e+02 7.504085319977637083e-37
1.453700121842371686e+02 7.267111333567696715e-37
1.522178993648428502e+02 7.034230017147789181e-37
1.593883672354662622e+02 6.804055923765541232e-37
1.668966114760053188e+02 6.576413756149332089e-37
1.747585435831896916e+02 6.353110739947964060e-37
1.829908245902788337e+02 6.137622034538766295e-37
1.916109003751805062e+02 5.929556541242519724e-37
2.006370386318144199e+02 5.722137115528378572e-37
2.100883675830713457e+02 5.514093459298235654e-37
2.199849165174082373e+02 5.309578922284356383e-37
2.303476582349842943e+02 5.114334828713323925e-37
2.411985534932904613e+02 4.928373381536803584e-37
2.525605975464616506e+02 4.751554274250495146e-37
2.644578688768964412e+02 4.583462045373240200e-37
2.769155802224605054e+02 4.421072340160851417e-37
2.899601320074052069e+02 4.260383303694468099e-37
3.036191682902369848e+02 4.100984742590585160e-37
3.179216353470999366e+02 3.946734188559940161e-37
3.328978430148228540e+02 3.798454589959182845e-37
3.485795289236283452e+02 3.655093403166248005e-37
3.649999257556268049e+02 3.515055913720124607e-37
3.821938316716293684e+02 3.377854746332039472e-37
4.001976840555286685e+02 3.244413872907220869e-37
4.190496367325267215e+02 3.114955640928816573e-37
4.387896408248514604e+02 2.987934980454176324e-37
4.594595294163088965e+02 2.861599901463505185e-37
4.811031062050996638e+02 2.737695510848579827e-37
5.037662383327630096e+02 2.620192973917959681e-37
5.274969535859797816e+02 2.509711539852599858e-37
5.523455421772214322e+02 2.404981150247896876e-37
5.783646633199390408e+02 2.304468406013957341e-37
6.056094568241476281e+02 2.208191097655606574e-37
6.341376599488993406e+02 2.114277541886954864e-37
6.640097297592787982e+02 2.022321696844770781e-37
6.952889712472212977e+02 1.934601671831089549e-37
7.280416714876669175e+02 1.854298535489515329e-37
7.623372401143558363e+02 1.779799245966538984e-37
7.982483564129576052e+02 1.707167935946114704e-37
8.358511233432642484e+02 1.635489085131785965e-37
8.752252288168393761e+02 1.565148368495626386e-37
9.164541145719115320e+02 1.496712405426355266e-37
9.596251530033898689e+02 1.430650833454385559e-37
1.004829832322740344e+03 1.369037217189375603e-37
1.052163950440115059e+03 1.312119804453669601e-37
1.101727817979609881e+03 1.258137221342881531e-37
1.153626470857876029e+03 1.204692950555749165e-37
1.207969892876598578e+03 1.152099961125074439e-37
1.264873248800538022e+03 1.101752611756811070e-37
1.324457128415093621e+03 1.053912547409401888e-37
1.386847802080585325e+03 1.008446065141373284e-37
1.452177488324832439e+03 9.651925157532849684e-38
1.520584634041105573e+03 9.238623093898823873e-38
1.592214207885255746e+03 8.839566184907905525e-38
1.667218007493780988e+03 8.453348613207084453e-38
1.745754981173895430e+03 8.082192391916097620e-38
1.827991564747321036e+03 7.729984958607421297e-38
1.914102034261648669e+03 7.395875368072870947e-38
2.004268875316729691e+03 7.073703680940756014e-38
2.098683169788779651e+03 6.761725604485696536e-38
2.197545000771741343e+03 6.464875023489020494e-38
2.301063876594056637e+03 6.190500923528200691e-38
2.409459174809430351e+03 5.934595659344401707e-38
2.522960607102485938e+03 5.681307908789393006e-38
2.641808706094549962e+03 5.427104778039124890e-38
2.766255335081202702e+03 5.178236836469861973e-38
2.896564221781833112e+03 4.944219020833172954e-38
3.033011517232298502e+03 4.725303361186435862e-38
3.175886381005173007e+03 4.515637274007488202e-38
3.325491593997671771e+03 4.313443685646663071e-38
3.482144200085967441e+03 4.118930525364124942e-38
3.646176178005648126e+03 3.932432036253130834e-38
3.817935144882184886e+03 3.753615393639640512e-38
3.997785092902323413e+03 3.585667023302508844e-38
4.186107160687567557e+03 3.428842464775835832e-38
4.383300441004438653e+03 3.279763156529192656e-38
4.589782826523228323e+03 3.133568929835341365e-38
4.805991895417561864e+03 2.990439061705404333e-38
5.032385838681552741e+03 2.856490728425410820e-38
5.269444431129719305e+03 2.732790839772336081e-38
5.517670048137400045e+03 2.615834960712614963e-38
5.777588730276357637e+03 2.500625045225922050e-38
6.049751298101748944e+03 2.387859920920535860e-38
6.334734519452917084e+03 2.279403985989027991e-38
6.633142331741761154e+03 2.175623872766248917e-38
6.945607121818950873e+03 2.076953565726443451e-38
7.272791066130292165e+03 1.984233002126965245e-38
7.615387534003300971e+03 1.896894680282158623e-38
7.974122557037844672e+03 1.812959165028542699e-38
8.349756367714791850e+03 1.731841312764859794e-38
8.743085010483202495e+03 1.653773271645408997e-38
9.154942028740535534e+03 1.579112295400011838e-38
9.586200231280583466e+03 1.507629271580296678e-38
1.003777354195285079e+04 1.440066223479636294e-38
1.051061893645309101e+04 1.376443971356797881e-38
1.100573847034944265e+04 1.315940152826890761e-38
1.152418140264201611e+04 1.257420670681738787e-38
1.206704641935611471e+04 1.200898975395925366e-38
1.263548396188141305e+04 1.146385260928451495e-38
1.323069866499125055e+04 1.093850452705036179e-38
1.385395190970875046e+04 1.044008216799334709e-38
1.450656449642976077e+04 9.980577563163911778e-39
1.518991944396755753e+04 9.555371046779558440e-39
1.590546492045101513e+04 9.138285752357706818e-39
1.665471731228741919e+04 8.722730686661226227e-39
1.743926443769371690e+04 8.317366394965911031e-39
1.826076891160626474e+04 7.935566542798084323e-39
1.912097166910006854e+04 7.576551333449954847e-39
2.002169565478430013e+04 7.240750284199041129e-39
2.096484968599273270e+04 6.927105433854748174e-39
2.195243249795591692e+04 6.627177044308384242e-39
2.298653697952767106e+04 6.327794670534390656e-39
2.406935460844232148e+04 6.030790590291435119e-39
2.520318009550156057e+04 5.753767845380075644e-39
2.639041624753368887e+04 5.500269419136568575e-39
2.763357905942980869e+04 5.262995386940649062e-39
2.893530304604881167e+04 5.031194643026804251e-39
3.029834682529022757e+04 4.805234883575929789e-39
3.172559896416665651e+04 4.585612499559502945e-39
3.322008410026480124e+04 4.372509787756672683e-39
3.478496935156772815e+04 4.169031197164315621e-39
3.642357102822209708e+04 3.980263659848334073e-39
3.813936166047384177e+04 3.804489011706089111e-39
3.993597735766613914e+04 3.635475709201979856e-39
4.181722551389466389e+04 3.471403139810129365e-39
4.378709287665010197e+04 3.313664433014770070e-39
4.584975399554700562e+04 3.164480653040724973e-39
4.800958006904352806e+04 3.022716086390088821e-39
5.027114820790006343e+04 2.887502381607451112e-39
5.263925113500793668e+04 2.758413446545259786e-39
5.511890734214404074e+04 2.634424196965693251e-39
5.771537172517570434e+04 2.514221706896077124e-39
6.043414672025387699e+04 2.399100719214233679e-39
6.328099396459450509e+04 2.291315083918974601e-39
6.626194650655976147e+04 2.191075693242076887e-39
6.938332159091475478e+04 2.096334447669984644e-39
7.265173404635358020e+04 2.003851274743536616e-39
7.607411030366762134e+04 1.913378951466271467e-39
7.965770307426065847e+04 1.827985691940461736e-39
8.341010672011974384e+04 1.748307824711082183e-39
8.733927334781285026e+04 1.672961287146732878e-39
9.145352966062026098e+04 1.599819321127576837e-39
9.576159460451241466e+04 1.528727352457759856e-39
1.002725978453698772e+05 1.459724327445325367e-39
1.049960991166023305e+05 1.392831145237372782e-39
1.099421084781680984e+05 1.328915297327575779e-39
1.151211075299273070e+05 1.269511427847118041e-39
1.205440716242838971e+05 1.214255741519820333e-39
1.262224931251897942e+05 1.160797963744009967e-39
1.321684057628017326e+05 1.108455280595785892e-39
1.383944101354029845e+05 1.058124452755909538e-39
1.449137004126342363e+05 1.011308462356896334e-39
1.517400922966227517e+05 9.675562956320902466e-40
1.588880523002651753e+05 9.255927598911152732e-40
1.663727284047110297e+05 8.850124015370265756e-40
1.742099821610158251e+05 8.456842951425203764e-40
1.824164223039938952e+05 8.074322661845618793e-40
1.910094399495058751e+05 7.705323733796159060e-40
2.000072454497704457e+05 7.356127584763301225e-40
2.094289069848052459e+05 7.027599524478263650e-40
2.192943909717769420e+05 6.717506904954264575e-40
2.296246043779030733e+05 6.422878090604991368e-40
2.404414390265663096e+05 6.142135185344017266e-40
2.517678179905415454e+05 5.872732819874909609e-40
2.636277441706495010e+05 5.613676586318804223e-40
2.760463511627860717e+05 5.366035919294535457e-40
2.890499565211238223e+05 5.131673353122337615e-40
3.026661175303626223e+05 4.908136402350560429e-40
3.169236896052210941e+05 4.690428346931925070e-40
3.318528874409293639e+05 4.477231900915550809e-40
3.474853490443141200e+05 4.270407041676393474e-40
3.638542027811703738e+05 4.073329128078462265e-40
3.809941375820067478e+05 3.886740975782591376e-40
3.989414764549451065e+05 3.710274449710986397e-40
4.177342534615626791e+05 3.543354699050380610e-40
4.374122943188051577e+05 3.385324280271981933e-40
4.580173007977809175e+05 3.235521553437198216e-40
4.795929390982966288e+05 3.093955412869316396e-40
5.021849323864161852e+05 2.960141492012225669e-40
5.258411576911497395e+05 2.833592298382917887e-40
5.506117473656166112e+05 2.713301554792092520e-40
5.765491953276981367e+05 2.597564288469554387e-40
6.037084683053285116e+05 2.485200588599543330e-40
6.321471223221665714e+05 2.376680436766129685e-40
6.619254246705240803e+05 2.272135227851921870e-40
6.931064816300119273e+05 2.171892867398276190e-40
7.257563722025835887e+05 2.076699009093318530e-40
7.599442881473806920e+05 1.986765539886182951e-40
7.957426806121446425e+05 1.901691759841927937e-40
8.332274136719347443e+05 1.821140085030438386e-40
8.724779251005348051e+05 1.744137608629517644e-40
9.135773947152529145e+05 1.669064617701979727e-40
9.566129206518732244e+05 1.596030303233283076e-40
1.001675703943322180e+06 1.526389731150827616e-40
1.048861241793206660e+06 1.460436366272732177e-40
1.098269529953813180e+06 1.397782043310198746e-40
1.150005274637446506e+06 1.337819648987149538e-40
1.204178114410190145e+06 1.280442551594807984e-40
1.260902852538329549e+06 1.225465767768473837e-40
1.320299700279822806e+06 1.172765766115375939e-40
1.382494531636408763e+06 1.122670394961561169e-40
1.447619150106219575e+06 1.075877257552028419e-40
1.515811568002201151e+06 1.031981538713935219e-40
1.587216298928276869e+06 9.898307405778582005e-41
1.661984664033068810e+06 9.490274015620638016e-41
1.740275112690192880e+06 9.096243852784840149e-41
1.822253558284697589e+06 8.716742350116737276e-41
1.908093729817294283e+06 8.351952478729405815e-41
1.997977540071431547e+06 8.006563620546449000e-41
2.092095471123489784e+06 7.681253898621723529e-41
2.190646978013043758e+06 7.372005439140720396e-41
2.293840911428661551e+06 7.072543501325935715e-41
2.401895960304994136e+06 6.785284660555682669e-41
2.515041115269108675e+06 6.517903992035519352e-41
2.633516153918205295e+06 6.271768126181250735e-41
2.757572148957115132e+06 6.042365837798367014e-41
2.887472000272432342e+06 5.820747155395490917e-41
3.023490992070845328e+06 5.603354834921007326e-41
3.165917376262365840e+06 5.392470988746599437e-41
3.315052983324756380e+06 5.188907032668687098e-41
3.471213861943704076e+06 4.992693983270449906e-41
3.634730948784273118e+06 4.804406909293399411e-41
3.805950769813006744e+06 4.625263818540920088e-41
3.985236174656937830e+06 4.454342624350433758e-41
4.172967105555750895e+06 4.292812713734661925e-41
4.369541402536667883e+06 4.145836123509855862e-41
4.575375646518387832e+06 3.994504650588102073e-41
4.790906042130786926e+06 3.856477129021601253e-41
5.016589342121252790e+06 3.726566903759354836e-41
5.252903815306671895e+06 3.605019981168537827e-41
5.500350260122288018e+06 3.485916607672087555e-41
5.759453065915516578e+06 3.376584849871083568e-41
6.030761324233586900e+06 3.274854402460424166e-41
6.314849992460228503e+06 3.173186616638988371e-41
6.612321112267318182e+06 3.078445074317916708e-41
6.923805085463630967e+06 2.984478714479935682e-41
7.249962009944502264e+06 2.900076493144597696e-41
7.591483078573533334e+06 2.822071125632206912e-41
7.949092043960855342e+06 2.743746480282341388e-41
8.323546752242122777e+06 2.671545572281249623e-41
8.715640749108623713e+06 2.606307136279067104e-41
9.126204961492005736e+06 2.545557899325717672e-41
9.556109458467455581e+06 2.491382179414259762e-41
1.000626529510704428e+07 2.443242650098781530e-41
1.047762644319072925e+07 2.397426900156962126e-41
1.097119181286662444e+07 2.355541074342503639e-41
1.148800736954468861e+07 2.320054905138623087e-41
1.202916835051031411e+07 2.282391154096870288e-41
1.259582158595481887e+07 2.255568861103554841e-41
1.318916792934191227e+07 2.230099591915048066e-41
1.381046480226043239e+07 2.186663700013224274e-41
1.446102885915646516e+07 2.170810881263911264e-41
1.514223877759191021e+07 2.160683591801017642e-41
1.585553817994267307e+07 2.156256584089618528e-41
1.660243869272810034e+07 2.158601833357366382e-41
1.738452315005505458e+07 2.168969434887141214e-41
1.820344894796532020e+07 2.186839706571658290e-41
1.906095155679495260e+07 2.212790733405560710e-41
1.995884819898889586e+07 2.247529209347532566e-41
2.089904170016497374e+07 2.290590138708716286e-41
2.188352452158842981e+07 2.341712685040816078e-41
2.291438298260258511e+07 2.401995594135874000e-41
2.399380168196391314e+07 2.472885996300216561e-41
2.512406812745113298e+07 2.556444971434686729e-41
2.630757758355949074e+07 2.682945745243492264e-41
2.754683814755342156e+07 2.883692184874142095e-41
2.884447606463478506e+07 3.177776799370126576e-41
3.020324129349065199e+07 3.596401594169723280e-41
3.162601333401509002e+07 4.189996136156627879e-41
3.311580732955514640e+07 5.041931777414885625e-41
3.467578045661286265e+07 6.299102400742794887e-41
3.630923861554447562e+07 8.256782273098258192e-41
3.801964343643569201e+07 1.175529979352426330e-40
3.981061961500000209e+07 1.052323367369969178e-40
