1.056583745000000130e-01 6.320684457237211357e-36
1.106346721388690724e-01 7.343268155884212252e-36
1.158453434211696165e-01 8.411103799328858292e-36
1.213014268756878594e-01 9.487297873205986985e-36
1.270144809237882533e-01 1.058086781966712048e-35
1.329966083653118525e-01 1.159000317528980917e-35
1.392604820177112124e-01 1.230581246208252812e-35
1.458193715627373044e-01 1.281494344606937332e-35
1.526871716575515237e-01 1.319848418955510440e-35
1.598784313698147774e-01 1.356420650640397135e-35
1.674083849991098438e-01 1.392179485746690654e-35
1.752929843499919094e-01 1.423545402149658598e-35
1.835489325250338755e-01 1.450017996452629744e-35
1.921937193094573060e-01 1.470591417874144829e-35
2.012456582223081381e-01 1.486678404987168396e-35
2.107239253126685086e-01 1.500768876235442357e-35
2.206485997830925361e-01 1.517281004630952823e-35
2.310407065263243853e-01 1.532390773395228125e-35
2.419222606654105323e-01 1.543547349769630866e-35
2.533163141915619199e-01 1.549140849072052737e-35
2.652470047985661106e-01 1.552352889931994944e-35
2.777396070172022391e-01 1.558207566768350231e-35
2.908205857579846954e-01 1.561360667806318070e-35
3.045176523756616960e-01 1.558750291733116708e-35
3.188598233742412913e-01 1.555733473988731936e-35
3.338774818769039698e-01 1.551386027804338880e-35
3.496024419910270242e-01 1.542409009326797990e-35
3.660680162046716091e-01 1.533506530376664880e-35
3.833090859573090592e-01 1.526422208601683899e-35
4.013621755342873243e-01 1.516020434672503557e-35
4.202655294415786336e-01 1.502598325275541509e-35
4.400591934247225501e-01 1.487177484592033459e-35
4.607850993035988996e-01 1.470068548034590813e-35
4.824871538027483697e-01 1.451378898224274322e-35
5.052113315654231940e-01 1.434669935720331108e-35
5.290057725484131890e-01 1.418970307480819687e-35
5.539208840039729909e-01 1.401426599027410670e-35
5.800094472648930077e-01 1.381851568318176505e-35
6.073267295589342973e-01 1.360542138982713199e-35
6.359306010894980599e-01 1.339887820090850915e-35
6.658816576305605084e-01 1.319390458641309862e-35
6.972433488955832592e-01 1.296542620095750563e-35
7.300821129523428210e-01 1.272681284971415158e-35
7.644675169684275184e-01 1.247873844781735094e-35
8.004724045855664549e-01 1.220206528470952911e-35
8.381730502349937773e-01 1.190989741073485668e-35
8.776493207207570757e-01 1.163245882369261677e-35
9.189848444132755478e-01 1.135822005207370555e-35
9.622671884115757690e-01 1.107942396065680660e-35
1.007588044049513742e+00 1.079160029063830814e-35
1.055043421138968096e+00 1.050127090434570345e-35
1.104733851361498154e+00 1.021681794487984529e-35
1.156764601239340662e+00 9.940456607833216517e-36
1.211245895136916717e+00 9.666570799813851030e-36
1.268293148765256895e+00 9.397246399403176017e-36
1.328027213684023877e+00 9.129154249885624422e-36
1.390574633319081821e+00 8.861526888149647788e-36
1.456067911037991047e+00 8.594557591141438412e-36
1.524645790851306693e+00 8.326552984253877995e-36
1.596453551334362952e+00 8.056521873311088240e-36
1.671643313392166208e+00 7.793486896739644348e-36
1.750374362519414806e+00 7.538118821790680654e-36
1.832813486238304312e+00 7.288804476514738791e-36
1.919135327428990845e+00 7.038045679442996819e-36
2.009522754301197978e+00 6.788911351421739141e-36
2.104167247790757145e+00 6.547127497051816614e-36
2.203269307201739302e+00 6.314493398637540539e-36
2.307038874953518448e+00 6.090802112967154575e-36
2.415695781332580783e+00 5.875504923622425820e-36
2.529470210191234081e+00 5.668043796831139836e-36
2.648603186579814750e+00 5.463025552887975857e-36
2.773347087345372497e+00 5.257925431525111763e-36
2.903966175778549541e+00 5.057733314343832457e-36
3.040737161441236847e+00 4.868410087133901952e-36
3.183949786361010670e+00 4.688270382444526777e-36
3.333907438834131653e+00 4.512435458984427116e-36
3.490927796137455186e+00 4.339778853980214062e-36
3.655343497510762596e+00 4.171503244216079544e-36
3.827502848835235838e+00 4.009195553478616411e-36
4.007770560500848234e+00 3.852862507990594260e-36
4.196528520025858633e+00 3.703078833391382936e-36
4.394176601065106880e+00 3.559202001535504320e-36
4.601133510521004055e+00 3.420322348137273328e-36
4.817837675551738919e+00 3.284548493584317338e-36
5.044748172355778770e+00 3.152344801982084838e-36
5.282345698700302350e+00 3.025328082209785324e-36
5.531133592253711484e+00 2.903744264283202245e-36
5.791638896879628184e+00 2.786629809228022111e-36
6.064413479151136599e+00 2.672628509532096136e-36
6.350035197450670132e+00 2.561595304258619615e-36
6.649109126132102254e+00 2.455124368104567782e-36
6.962268837338468686e+00 2.353116103543732738e-36
7.290177743190685788e+00 2.254833369785211807e-36
7.633530501190723072e+00 2.159264117504831719e-36
7.993054485816381671e+00 2.066976119996911677e-36
8.369511329425309398e+00 1.979375529886620907e-36
8.763698535732432404e+00 1.896521556399689491e-36
9.176451169279006947e+00 1.817682946864458829e-36
9.608643624472236411e+00 1.742030179462975839e-36
1.006119147794309221e+01 1.669216342171259121e-36
1.053505342814656309e+01 1.598636679784086428e-36
1.103123332631303377e+01 1.530030257276217926e-36
1.155078230305358389e+01 1.464272380997515315e-36
1.209480099512399498e+01 1.402056676210030117e-36
1.266444187706493807e+01 1.342948548241937507e-36
1.326091170265773833e+01 1.285580563914855583e-36
1.388547406136775564e+01 1.229744439986012028e-36
1.453945205519124961e+01 1.175983851841712816e-36
1.522423110157623682e+01 1.124798797745716682e-36
1.594126186835537062e+01 1.076135040217826504e-36
1.669206334690820981e+01 1.029696617765430137e-36
1.747822607006340689e+01 9.852757159396093715e-37
1.830141548155748410e+01 9.427836025132129199e-37
1.916337546418844440e+01 9.020625120451589551e-37
2.006593203413836335e+01 8.630252220226439888e-37
2.101099720929103754e+01 8.257294247758189724e-37
2.200057305973986743e+01 7.901168342585283481e-37
2.303675594906634672e+01 7.559202020822327582e-37
2.412174097537435102e+01 7.228991792579220837e-37
2.525782662148814595e+01 6.910272527253732778e-37
2.644741962416560810e+01 6.605567105335788136e-37
2.769304007264140566e+01 6.314217635231550351e-37
2.899732674730148219e+01 6.034710354610854307e-37
3.036304270979823627e+01 5.765891018912761344e-37
3.179308115644922594e+01 5.507925015010601269e-37
3.329047154731890146e+01 5.260904113987763190e-37
3.485838602396801633e+01 5.024485562059122060e-37
3.650014612946592507e+01 4.799115599842143013e-37
3.821922984490237241e+01 4.584922443950381650e-37
4.001927895730453599e+01 4.381428011257411047e-37
4.190410677456833355e+01 4.187928015799712482e-37
4.387770620374755737e+01 4.003667176753842376e-37
4.594425820981403064e+01 3.827151822426920654e-37
4.810814067280882966e+01 3.657260700552834801e-37
5.037393766214712088e+01 3.494189863438790777e-37
5.274644914772448345e+01 3.339490042550208309e-37
5.523070116839650723e+01 3.192826267286640996e-37
5.783195647937399286e+01 3.052164564912648183e-37
6.055572570108849817e+01 2.916429028069492430e-37
6.340777899314755928e+01 2.785758151985169715e-37
6.639415827810930182e+01 2.660542464479211889e-37
6.952119004097303900e+01 2.540544417890379671e-37
7.279549873149959183e+01 2.426842342582662169e-37
7.622402079775439177e+01 2.319649131500355963e-37
7.981401938060187717e+01 2.217916214729829766e-37
8.357309970028194357e+01 2.119664196887642850e-37
8.750922516766246417e+01 2.024721638407860327e-37
9.163073425429995211e+01 1.933364048264452118e-37
9.594635815704624804e+01 1.845738318940463183e-37
1.004652392946222506e+02 1.762324643762402653e-37
1.051969506753442829e+02 1.684325357267732342e-37
1.101515161770304587e+02 1.611331208723091030e-37
1.153394317820505961e+02 1.541089979027151177e-37
1.207716878125038704e+02 1.472563071539326792e-37
1.264597922126296794e+02 1.406073872928831871e-37
1.324157949277725095e+02 1.342566534736733861e-37
1.386523134315476398e+02 1.281989347278057715e-37
1.451825594552846326e+02 1.224941925471634087e-37
1.520203669763751293e+02 1.171486317339617504e-37
1.591802215248145274e+02 1.120606172478610098e-37
1.666772908700239100e+02 1.070365083962277371e-37
1.745274571529586183e+02 1.020860450676944032e-37
1.827473505315765294e+02 9.738862784565992813e-38
1.913543844109389056e+02 9.300127669502489952e-38
2.003667923325787683e+02 8.887788842575765451e-38
2.098036666012851867e+02 8.493447180176265647e-38
2.196849987311301220e+02 8.115876483761010735e-38
2.300317217964245629e+02 7.750936474583169400e-38
2.408657547773173917e+02 7.397061334833602847e-38
2.522100489939845147e+02 7.058092000376519449e-38
2.640886367277737463e+02 6.741445373904199135e-38
2.765266821323106115e+02 6.445190820163456188e-38
2.895505345424127768e+02 6.161262558964013035e-38
3.031877842937489618e+02 5.886610577069232768e-38
3.174673211714899139e+02 5.622417173091520784e-38
3.324193956117773041e+02 5.371367537587628539e-38
3.480756827856553741e+02 5.132785230073649452e-38
3.644693497012294188e+02 4.905415146646339525e-38
3.816351254662010888e+02 4.688753436817553570e-38
3.996093748596265414e+02 4.481573741633345066e-38
4.184301753687606720e+02 4.281999246163429723e-38
4.381373978541787437e+02 4.089932372604637484e-38
4.587727910140651488e+02 3.906830353485985300e-38
4.803800698265993105e+02 3.732826221239857288e-38
5.030050081578041272e+02 3.566881806106110028e-38
5.266955357310347381e+02 3.407630587345861405e-38
5.515018396635381350e+02 3.254934293317998081e-38
5.774764707851780940e+02 3.109632894541029413e-38
6.046744549645646885e+02 2.971306946288094268e-38
6.331534096784154144e+02 2.839008469498075144e-38
6.629736660711034801e+02 2.711886012514077605e-38
6.941983967629614654e+02 2.589772863592323232e-38
7.268937496781077243e+02 2.472503835263607799e-38
7.611289881752873043e+02 2.360090364732016674e-38
7.969766377785988425e+02 2.252614153805276394e-38
8.345126398189435122e+02 2.150089818771374422e-38
8.738165123116759787e+02 2.052301818320799760e-38
9.149715184112764064e+02 1.959135704953527905e-38
9.580648427998930856e+02 1.870617197914195176e-38
1.003187776383436358e+03 1.786258354562367204e-38
1.050435909686482546e+03 1.705429539647155882e-38
1.099909335355700932e+03 1.628239778131393790e-38
1.151712860200772184e+03 1.556101980679764871e-38
1.205956227222022335e+03 1.488617669268889191e-38
1.262754348095104206e+03 1.424214534779503569e-38
1.322227546605244697e+03 1.361532603050576244e-38
1.384501813546756921e+03 1.300687198778237127e-38
1.449709073627808266e+03 1.242314145379267872e-38
1.517987464945867714e+03 1.186597991736016680e-38
1.589481631625887076e+03 1.133615362384165038e-38
1.664343030241156839e+03 1.083355907764346896e-38
1.742730250665953236e+03 1.035538203313999862e-38
1.824809352039736041e+03 9.891600299860675294e-39
1.910754214554552391e+03 9.441207723812196819e-39
2.000746907810938410e+03 9.010635642172464000e-39
2.094978076522644187e+03 8.604686892367155268e-39
2.193647344387275552e+03 8.221314431147804471e-39
2.296963736978434554e+03 7.856629735010094612e-39
2.405146124555238202e+03 7.508002504020928037e-39
2.518423685727251723e+03 7.174234277796872721e-39
2.637036392957158569e+03 6.854693173305219246e-39
2.761235520929588347e+03 6.548884218743206339e-39
2.891284178863117177e+03 6.255498960214853967e-39
3.027457867893094772e+03 5.974963475389585602e-39
3.170045064706082485e+03 5.710339579737544672e-39
3.319347832662306701e+03 5.463148055340838360e-39
3.475682461700750537e+03 5.231006662974945828e-39
3.639380138382504811e+03 5.007748115228545919e-39
3.810787647491777534e+03 4.792335059821432476e-39
3.990268106680978690e+03 4.584942367170723047e-39
4.178201735716043913e+03 4.385614991262977406e-39
4.374986661951703354e+03 4.194906682745097608e-39
4.581039763743022377e+03 4.014640548741771528e-39
4.796797553579923260e+03 3.844049800205336393e-39
5.022717102815582621e+03 3.679165098322549071e-39
5.259277009947690203e+03 3.517749405527071866e-39
5.506978414503756539e+03 3.360948625440622836e-39
5.766346058678499503e+03 3.212357370469438067e-39
6.037929398972112722e+03 3.071888639351600236e-39
6.322303770184522364e+03 2.938282503898562026e-39
6.620071604231430683e+03 2.810716473827899311e-39
6.931863706364146310e+03 2.688827068377093352e-39
7.258340591496823436e+03 2.571118704603884824e-39
7.600193883472016751e+03 2.457599742481987102e-39
7.958147780228874581e+03 2.349868392368141992e-39
8.332960587977717296e+03 2.248492650024066802e-39
8.725426327631343156e+03 2.152495574219017019e-39
9.136376416895847797e+03 2.059801707879999540e-39
9.566681431584649545e+03 1.970226027742995738e-39
1.001725294988684436e+04 1.884932162557213538e-39
1.048904548349690594e+04 1.804308040845465214e-39
1.098305849969673000e+04 1.728246582146089991e-39
1.150033853867370453e+04 1.656058835982679013e-39
1.204198143056010667e+04 1.587401986567622445e-39
1.260913461689084033e+04 1.521921147750088353e-39
1.320299958139694900e+04 1.459387610698450077e-39
1.382483439528474446e+04 1.399531277524835054e-39
1.447595638239245636e+04 1.341887544502375208e-39
1.515774490987042373e+04 1.286431882942601722e-39
1.587164431029672232e+04 1.233897412178888285e-39
1.661916694141858170e+04 1.184454173814904595e-39
1.740189639000152602e+04 1.137689704329037010e-39
1.822149082657321560e+04 1.092064105333359312e-39
1.907968651816933925e+04 1.047572977351945331e-39
1.997830150652246448e+04 1.005222668948294225e-39
2.091923945948634719e+04 9.652842496983378647e-40
2.190449370385461953e+04 9.275148671399870505e-40
2.293615144811712889e+04 8.915479564517586184e-40
2.401639820409961612e+04 8.571241493803414259e-40
2.514752241685385161e+04 8.241565219971818320e-40
2.633192031260603471e+04 7.924757207152030948e-40
2.757210097503434736e+04 7.621624481081083785e-40
2.887069166062853037e+04 7.345687778963808303e-40
3.023044336439245308e+04 7.083601904813817947e-40
3.165423664768009257e+04 6.819290482441003449e-40
3.314508774051090586e+04 6.571946036302403464e-40
3.470615493129198876e+04 6.339924968854093439e-40
3.634074525748341694e+04 6.119256735037790075e-40
3.805232151138049085e+04 5.902650090577989416e-40
3.984450957585396100e+04 5.690738947505842366e-40
4.172110610558967164e+04 5.493836607850157653e-40
4.368608657009842864e+04 5.314648012626473451e-40
4.574361367553586024e+04 5.142290253970669411e-40
4.789804618317307177e+04 4.978774311372140956e-40
5.015394814319956640e+04 4.825604116422677753e-40
5.251609856341982231e+04 4.673880351668586473e-40
5.498950153332611080e+04 4.530670394598020647e-40
5.757939682499440823e+04 4.391610546262808933e-40
6.029127099326228199e+04 4.268252423848891940e-40
6.313086899870182242e+04 4.149489345461112832e-40
6.610420637801187695e+04 4.041525275372456088e-40
6.921758198761119274e+04 3.937509926541704829e-40
7.247759134742936294e+04 3.839392036302896492e-40
7.589114061316339939e+04 3.750811815273271588e-40
7.946546120659977896e+04 3.667893939514339226e-40
8.320812513499533816e+04 3.586150985642456546e-40
8.712706103196955519e+04 3.514292793401620128e-40
9.123057095389238384e+04 3.441701487685402352e-40
9.552734796734651900e+04 3.368792375883083461e-40
1.000264945649247966e+05 3.295687227192789595e-40
1.047375419483745791e+05 3.225778169610885702e-40
1.096704702199394815e+05 3.165878135794092275e-40
1.148357295246729773e+05 3.112180018198437055e-40
1.202442621885126864e+05 3.062490778694971508e-40
1.259075258990124566e+05 3.016956119439265259e-40
1.318375179778428574e+05 2.979507291860648960e-40
1.380468007964754070e+05 2.951042527907669819e-40
1.445485283888956765e+05 2.931005293464615187e-40
1.513564743177217315e+05 2.918839751166555878e-40
1.584850608527608565e+05 2.913901116732158149e-40
1.659493895238176628e+05 2.892532675823616954e-40
1.737652731124784914e+05 2.827446824893630879e-40
1.819492691506448609e+05 2.717880613973380199e-40
1.905187149967789010e+05 2.564961524452676968e-40
1.994917645641734125e+05 2.371573572847987859e-40
2.088874267790460726e+05 2.142777245917680979e-40
2.187256058499345090e+05 1.886820607986325238e-40
2.290271434336991224e+05 1.604361251534531932e-40
2.398138627874597441e+05 1.148511808354508031e-40
2.511086150000001362e+05 7.730220887182698415e-41
