1.056583745000000130e-01 6.918003171682517567e-36
1.106337729529835029e-01 8.044254310422380455e-36
1.158434603573453847e-01 9.143127251180833572e-36
1.212984692591735220e-01 1.014808923302461795e-35
1.270103517214704880e-01 1.111711113083954157e-35
1.329912037879377174e-01 1.194345303716462432e-35
1.392536910987463572e-01 1.239609848635909009e-35
1.458110757125418433e-01 1.255804840257719528e-35
1.526772441914828193e-01 1.251340465569861408e-35
1.598667370087898387e-01 1.238439168113797195e-35
1.673947793410807960e-01 1.219586738226087406e-35
1.752773133107011772e-01 1.193157737365108157e-35
1.835310317463295093e-01 1.163985023403586763e-35
1.921734135333514615e-01 1.133562593861222892e-35
2.012227606288662929e-01 1.102434236669636428e-35
2.106982368197093669e-01 1.070514446598402696e-35
2.206199083055709054e-01 1.037572368893058763e-35
2.310087861931528208e-01 1.005918490953863619e-35
2.418868709913531423e-01 9.762523815044224126e-36
2.532771992017061602e-01 9.461277875851241259e-36
2.652038921027421448e-01 9.163907092897942193e-36
2.776922068315779146e-01 8.878480353414587910e-36
2.907685898709118644e-01 8.603138009165402984e-36
3.044607330546963975e-01 8.330399429937158971e-36
3.187976322110860905e-01 8.062490481219642003e-36
3.338096485668538560e-01 7.803418223506491431e-36
3.495285730433087545e-01 7.559723759672241745e-36
3.659876935798754283e-01 7.323787985913813093e-36
3.832218656279064994e-01 7.091850348917481773e-36
4.012675859640123521e-01 6.866998146282721495e-36
4.201630699792218149e-01 6.645636899669000858e-36
4.399483326076508716e-01 6.414048223879075544e-36
4.606652730660598105e-01 6.188684558444647397e-36
4.823577635837527078e-01 5.973286929607542411e-36
5.050717423107222714e-01 5.759291948549171737e-36
5.288553106007912730e-01 5.553170221454957276e-36
5.537588348757676027e-01 5.369043031673082655e-36
5.798350532863282281e-01 5.190087446165131606e-36
6.071391873955124252e-01 5.007961701606840158e-36
6.357290591213289321e-01 4.828399991289073321e-36
6.656652131861343635e-01 4.653175032946459247e-36
6.970110453320871313e-01 4.480446331387635548e-36
7.298329365742023400e-01 4.314446748207761188e-36
7.642003937753131249e-01 4.155640313365830508e-36
8.001861968406351888e-01 4.003546907256286166e-36
8.378665528436478604e-01 3.854492199624846218e-36
8.773212574096820315e-01 3.702122070780935406e-36
9.186338636989795914e-01 3.554007149401672521e-36
9.618918593470779932e-01 3.414607528536482559e-36
1.007186851737225552e+00 3.286378186923957977e-36
1.054614761997180628e+00 3.165409741545749232e-36
1.104276028131218057e+00 3.042431440155781341e-36
1.156275817717521415e+00 2.920160491117372647e-36
1.210724250621379339e+00 2.801560050049689665e-36
1.267736632195839874e+00 2.688110984060893260e-36
1.327433697463653806e+00 2.581547612327659664e-36
1.389941866797631098e+00 2.482148355816826801e-36
1.455393513640844239e+00 2.387754357403161681e-36
1.523927244833640726e+00 2.294035212979195168e-36
1.595688194141116067e+00 2.200762029772831338e-36
1.670828329602632945e+00 2.111325320014326239e-36
1.749506775354285004e+00 2.025950308642257546e-36
1.831890148605799462e+00 1.944528419368285354e-36
1.918152912485524331e+00 1.865534295946171739e-36
2.008477745500688805e+00 1.788947912353851109e-36
2.103055928395371144e+00 1.715166306912325467e-36
2.202087749225400515e+00 1.644257207482519449e-36
2.305782927508025715e+00 1.576363223084473060e-36
2.414361058344585587e+00 1.511816766090111611e-36
2.528052077456668822e+00 1.450397538264645445e-36
2.647096748120608467e+00 1.390847361913102837e-36
2.771747171031447632e+00 1.332362187445496964e-36
2.902267318176162014e+00 1.276063914307859314e-36
3.038933591846670890e+00 1.223050064339993159e-36
3.182035409976510021e+00 1.173015367978014604e-36
3.331875819040686082e+00 1.124526392229094674e-36
3.488772135816674336e+00 1.077217577684430855e-36
3.653056619365627089e+00 1.031295778781674692e-36
3.825077174656799972e+00 9.870397255017608853e-37
4.005198089325329391e+00 9.444943978284495994e-37
4.193800805123513165e+00 9.044477880324263896e-37
4.391284725699371450e+00 8.667070307200316933e-37
4.598068062413063650e+00 8.305378230732568139e-37
4.814588719982356047e+00 7.947663343847149063e-37
5.041305223832717175e+00 7.596615744464270314e-37
5.278697691115798563e+00 7.261717474192847508e-37
5.527268847452726064e+00 6.944228009386083314e-37
5.787545091555270638e+00 6.643770770720889897e-37
6.060077609979506619e+00 6.359772654238731394e-37
6.345443544372639799e+00 6.089777362635632931e-37
6.644247213684868036e+00 5.829453537290724025e-37
6.957121393934610154e+00 5.576548924375509986e-37
7.284728658237169974e+00 5.332692971650597620e-37
7.627762779934716519e+00 5.098372053919559180e-37
7.986950201798868498e+00 4.873779617922564062e-37
8.363051574417340817e+00 4.661062978273827263e-37
8.756863367022354794e+00 4.459992541242076039e-37
9.169219554172201470e+00 4.267528341119621214e-37
9.600993381857716003e+00 4.081109007232933899e-37
1.005309921677380203e+01 3.901336616697972518e-37
1.052649448267225907e+01 3.728689677928328713e-37
1.102218168789636721e+01 3.562374609513189080e-37
1.154121054839110805e+01 3.404456798917000169e-37
1.208468021068486387e+01 3.255790024192393234e-37
1.265374157955006496e+01 3.114614715963739339e-37
1.324959975527228551e+01 2.977481482033148389e-37
1.387351658568909762e+01 2.843978247634583186e-37
1.452681333840299516e+01 2.716277138135576049e-37
1.521087349882757778e+01 2.595799188437229386e-37
1.592714569999221830e+01 2.481863127984926944e-37
1.667714679030980918e+01 2.373594313138465858e-37
1.746246504580394898e+01 2.270304041903695397e-37
1.828476353359840090e+01 2.170180136257679418e-37
1.914578363379154524e+01 2.072172017899893279e-37
2.004734872717393301e+01 1.977575110744737244e-37
2.099136805659871285e+01 1.888928894982057146e-37
2.197984077018192650e+01 1.806095128642763131e-37
2.301486015489513193e+01 1.727337920851025759e-37
2.409861806951549568e+01 1.651353808361660208e-37
2.523340958632146425e+01 1.577835524471093860e-37
2.642163785136334653e+01 1.507126131858456459e-37
2.766581917360168674e+01 1.439044700724921096e-37
2.896858835369029350e+01 1.374829134203276762e-37
3.033270426368911288e+01 1.314931070978919623e-37
3.176105568952299762e+01 1.258372370316161484e-37
3.325666744855849544e+01 1.202794653782790853e-37
3.482270679525453261e+01 1.148120759130173669e-37
3.646249012845169091e+01 1.095412451919217411e-37
3.817949001450450908e+01 1.045268139976814891e-37
3.997734254112903329e+01 9.976705852591864352e-38
4.185985501753970794e+01 9.523297581000168346e-38
4.383101403718165301e+01 9.090591343729021645e-38
4.589499392013254919e+01 8.678247018284370992e-38
4.805616555305328319e+01 8.284976048378166992e-38
5.031910564540702069e+01 7.909921413001620075e-38
5.268860642154921692e+01 7.553668040717685745e-38
5.516968576921259881e+01 7.215381280930465703e-38
5.776759786587958700e+01 6.896712137156752444e-38
6.048784430554511005e+01 6.597423098055158872e-38
6.333618574943243118e+01 6.313507026614018471e-38
6.631865412533578308e+01 6.037630410701149510e-38
6.944156540142338940e+01 5.769413127775214441e-38
7.271153296155272017e+01 5.512109644617139488e-38
7.613548161042172069e+01 5.266641804430121565e-38
7.972066223821613562e+01 5.032587977267415044e-38
8.347466717580707041e+01 4.809537068107335724e-38
8.740544627301744640e+01 4.596935258279303689e-38
9.152132373400473853e+01 4.393950030425928433e-38
9.583101574541421996e+01 4.199615273813126481e-38
1.003436489346326681e+02 4.012470155381305709e-38
1.050687796972310792e+02 3.830755082551695162e-38
1.100164144345274622e+02 3.654597976156973567e-38
1.151970307441256125e+02 3.487778643345991423e-38
1.206215996083060560e+02 3.331359354307022813e-38
1.263016086272557459e+02 3.183980025122395052e-38
1.322490863463395669e+02 3.043318651237696318e-38
1.384766277289306800e+02 2.908843633621907381e-38
1.449974208287421789e+02 2.778099657620956247e-38
1.518252747181461189e+02 2.650553942529304113e-38
1.589746487316224091e+02 2.528499265856471372e-38
1.664606830862670677e+02 2.415302196986572593e-38
1.742992309442032308e+02 2.310043289244474835e-38
1.825068919847957716e+02 2.209074580610634425e-38
1.911010475577644172e+02 2.111277694588828733e-38
2.000998974916372219e+02 2.016559711173334060e-38
2.095224986354968735e+02 1.924929140854596225e-38
2.193888052156370918e+02 1.836660140473966043e-38
2.297197110925941956e+02 1.754488327528185371e-38
2.405370940080384798e+02 1.678637124617803205e-38
2.518638619152308991e+02 1.606434635093186208e-38
2.637240014911572530e+02 1.534693375035828754e-38
2.761426289330712507e+02 1.463964401522189054e-38
2.891460431470236472e+02 1.397071444477094793e-38
3.027617814410097026e+02 1.334421720268765741e-38
3.170186778406806525e+02 1.275559890302318076e-38
3.319469241511083055e+02 1.220001790156602506e-38
3.475781338939197553e+02 1.167305094775399688e-38
3.639454092551994222e+02 1.115616785350660176e-38
3.810834111859292079e+02 1.064616646886660503e-38
3.990284328034267674e+02 1.015586318483186008e-38
4.178184762492169284e+02 9.697791510881109892e-39
4.374933331661031843e+02 9.269410297436320696e-39
4.580946689648593519e+02 8.864885595379603083e-39
4.796661110589997747e+02 8.481459480684553727e-39
5.022533412544777320e+02 8.112024633988142145e-39
5.259041924899690912e+02 7.750601291125552441e-39
5.506687501326018719e+02 7.399077750383629184e-39
5.765994580436539536e+02 7.066152160470051073e-39
6.037512296388296136e+02 6.752971844408448275e-39
6.321815641783027786e+02 6.455058227663899760e-39
6.619506685328035474e+02 6.168502756517279124e-39
6.931215846836046239e+02 5.893280674117234902e-39
7.257603232264193593e+02 5.628268335740228749e-39
7.599360031619225992e+02 5.373343237713084606e-39
7.957209982689429353e+02 5.130231764950809236e-39
8.331910903702917039e+02 4.899887600969207336e-39
8.724256298157949914e+02 4.681506073851690329e-39
9.135077035223962412e+02 4.474097619175823977e-39
9.565243109271765434e+02 4.276788311894281044e-39
1.001566548225917131e+03 4.088297178961874840e-39
1.048729801287351165e+03 3.907743812194932829e-39
1.098113947651657554e+03 3.735748522979924611e-39
1.149823568040960481e+03 3.573505726397783322e-39
1.203968167829734057e+03 3.419959592313634461e-39
1.260662408944160006e+03 3.271795641356496612e-39
1.320026352681486742e+03 3.127197549015175264e-39
1.382185713963623357e+03 2.987184638172100719e-39
1.447272127563431013e+03 2.855116365008541917e-39
1.515423426867448143e+03 2.731311488132801557e-39
1.586783935765407023e+03 2.613732195176193735e-39
1.661504774284706173e+03 2.501109329043248830e-39
1.739744178617024772e+03 2.393542543541222103e-39
1.821667836214823865e+03 2.289973069502639683e-39
1.907449236667404875e+03 2.190157721456733134e-39
1.997270039099486439e+03 2.095509381972165331e-39
2.091320456870447742e+03 2.006527689350313561e-39
2.189799660388823668e+03 1.921952645147761486e-39
2.292916198895121852e+03 1.838904060415140890e-39
2.400888442106220737e+03 1.757285254090199687e-39
2.513945042656530859e+03 1.679714363471476431e-39
2.632325420315271458e+03 1.607152163554941796e-39
2.756280269005334048e+03 1.539015914303933483e-39
2.886072087697362804e+03 1.472805575451405269e-39
3.021975736303352278e+03 1.408391301396163550e-39
3.164279017747049693e+03 1.347097188642972529e-39
3.313283287443695826e+03 1.289316625535706355e-39
3.469304091479850740e+03 1.234371869583886457e-39
3.632671834844846671e+03 1.181041382860121684e-39
3.803732481128813561e+03 1.129481758953186304e-39
3.982848285169231076e+03 1.080909537119596919e-39
4.170398560197355437e+03 1.035604513981236996e-39
4.366780481109171888e+03 9.933420729954412569e-40
4.572409925562045828e+03 9.524541712751944094e-40
4.787722354678096963e+03 9.125031638137267775e-40
5.013173735219442278e+03 8.746514721344342610e-40
5.249241505188285373e+03 8.387049040759066536e-40
5.496425584896526743e+03 8.030267238848677868e-40
5.755249435646120219e+03 7.711558912645446953e-40
6.026261168262247338e+03 7.405689933214610268e-40
6.310034703826585428e+03 7.115118171446658631e-40
6.607170989069080861e+03 6.815478068849640649e-40
6.918299268991773715e+03 6.544777698001929363e-40
7.244078419419815873e+03 6.279843169307746414e-40
7.585198342301761841e+03 6.029527843713577149e-40
7.942381426713704968e+03 5.787784263822235718e-40
8.316384078661332751e+03 5.564463929760598312e-40
8.707998322919722341e+03 5.349086897690161632e-40
9.118053480302811295e+03 5.138139104017828070e-40
9.547417923914599669e+03 4.946374425243545567e-40
9.997000918101499337e+03 4.750645328329085473e-40
1.046775454399982482e+04 4.568514287677868628e-40
1.096067571575632246e+04 4.401284308347111539e-40
1.147680829169169374e+04 4.238899519320495304e-40
1.201724528487740645e+04 4.083268945123190482e-40
1.258313117780775065e+04 3.934845503118933135e-40
1.317566434606839721e+04 3.785273292767982724e-40
1.379609959613423416e+04 3.649494582034905255e-40
1.444575082267105063e+04 3.516054533737548465e-40
1.512599379096794110e+04 3.381883415719673044e-40
1.583826905039300982e+04 3.255413354765886935e-40
1.658408498504247109e+04 3.132734064275432885e-40
1.736502100804298971e+04 3.028224705410983344e-40
1.818273090627203419e+04 2.917386654104519385e-40
1.903894634257976941e+04 2.810345885235853809e-40
1.993548052292820648e+04 2.707187255506201077e-40
2.087423203621462017e+04 2.604687688682416133e-40
2.185718887490991619e+04 2.500862484347752026e-40
2.288643264502671809e+04 2.395670252750376810e-40
2.396414297433312822e+04 2.289359930999860768e-40
2.509260212814658735e+04 2.182307608548930365e-40
2.627419984248307446e+04 2.075824120257530340e-40
2.751143838479726764e+04 1.970284296236605380e-40
2.880693785302990727e+04 1.865329308374520382e-40
3.016344172418452217e+04 1.760333882688487060e-40
3.158382266418433937e+04 1.654251286753267887e-40
3.307108861131181766e+04 1.508092773066710415e-40
3.462838914611417567e+04 1.293883861789662659e-40
3.625902216126520943e+04 1.042501895053775637e-40
3.796644084550636762e+04 7.833330197291685778e-41
3.975426099645917566e+04 5.370243261993841149e-41
4.162626867779342138e+04 3.168405574340151572e-41
4.358642823696746200e+04 1.422353198260990775e-41
4.563889070052050374e+04 5.230391211372728903e-42
4.778800256469420856e+04 2.478922054184135113e-42
5.003831500000000960e+04 1.083726832432377278e-42
