1.056583745000000130e-01 4.605220610499931232e-39
1.106477785473279074e-01 5.575106716803151159e-39
1.158727924350048955e-01 6.546097462884486529e-39
1.213445421404709818e-01 7.466206100303281355e-39
1.270746790325240905e-01 8.367617421541042334e-39
1.330754046813723834e-01 9.149476744407742960e-39
1.393594968402673273e-01 9.608538925523088439e-39
1.459403366540429070e-01 9.814130085692851089e-39
1.528319371524972659e-01 9.831857496537742705e-39
1.600489730892902251e-01 9.748287617097777893e-39
1.676068121898943997e-01 9.605985746893608557e-39
1.755215478751379898e-01 9.446958995422612101e-39
1.838100335300206778e-01 9.272016810600685956e-39
1.924899183907721745e-01 9.080397485844733348e-39
2.015796851265715950e-01 8.879077343024469654e-39
2.110986891959517608e-01 8.675470475585401556e-39
2.210672000616937805e-01 8.479007669634954846e-39
2.315064443519725679e-01 8.279972628301773690e-39
2.424386510596597544e-01 8.076664734260719606e-39
2.538870988760302816e-01 7.881612755399315113e-39
2.658761657596628303e-01 7.694360032640041077e-39
2.784313808460853190e-01 7.505839124780985352e-39
2.915794788086993328e-01 7.310768399794512352e-39
3.053484567867381649e-01 7.107349638479261829e-39
3.197676340014801166e-01 6.907854416677669304e-39
3.348677141876603147e-01 6.713649292329624580e-39
3.506808509730207635e-01 6.524506431084517593e-39
3.672407163452178769e-01 6.344547698164474160e-39
3.845825723518747630e-01 6.174507745907322208e-39
4.027433461864581288e-01 6.010635437686816200e-39
4.217617088198629682e-01 5.848862838235944774e-39
4.416781573451404874e-01 5.678170458208891404e-39
4.625351012107133397e-01 5.514063245327120542e-39
4.843769525256979014e-01 5.359136947615765346e-39
5.072502206296289895e-01 5.210326330734431033e-39
5.312036111279604400e-01 5.065412047983012821e-39
5.562881296042221368e-01 4.922255402401540359e-39
5.825571902296794446e-01 4.784644909348974863e-39
6.100667295017598857e-01 4.652643293548387756e-39
6.388753253534418253e-01 4.520615732312501350e-39
6.690443218872319520e-01 4.392006431745463067e-39
7.006379599993334262e-01 4.264308266799134687e-39
7.337235141721570875e-01 4.140949791388359742e-39
7.683714357264509465e-01 4.019183103198856377e-39
8.046555028380899532e-01 3.895845498084147631e-39
8.426529776389637405e-01 3.777885482529143316e-39
8.824447707364879712e-01 3.673291500376124303e-39
9.241156135020651696e-01 3.569595613726650669e-39
9.677542384953551347e-01 3.464780408679845977e-39
1.013453568408550609e+00 3.367876922305854735e-39
1.061310913932984379e+00 3.275808175619656419e-39
1.111428180969403767e+00 3.176954747401197840e-39
1.163912087623135028e+00 3.081046493086253399e-39
1.218874391446205241e+00 2.988989943034760095e-39
1.276432127410296102e+00 2.900669284568704705e-39
1.336707857117270581e+00 2.814296513313828962e-39
1.399829929777927751e+00 2.729511208327538856e-39
1.465932755514704811e+00 2.647680642012022972e-39
1.535157091570297005e+00 2.570466794026296117e-39
1.607650342031622159e+00 2.497555047028098308e-39
1.683566871707371071e+00 2.427114460631655496e-39
1.763068334827494477e+00 2.352010329212320227e-39
1.846324019264546479e+00 2.279038799124725150e-39
1.933511207009870558e+00 2.206964996766116917e-39
2.024815551672194402e+00 2.136428010690069799e-39
2.120431473802491418e+00 2.069661825686014319e-39
2.220562574886879137e+00 2.006795921028710642e-39
2.325422070889113790e+00 1.946377838289881167e-39
2.435233246265844365e+00 1.887143094571648685e-39
2.550229929421387709e+00 1.828980075696201067e-39
2.670656990614457715e+00 1.771391516413593818e-39
2.796770863377059602e+00 1.709656368624117561e-39
2.928840090555849152e+00 1.650287847672126758e-39
3.067145896138685934e+00 1.593661301847628499e-39
3.211982784083990516e+00 1.539464091714176666e-39
3.363659165428057207e+00 1.486488835478261411e-39
3.522498015005648853e+00 1.434640317225359386e-39
3.688837559182276848e+00 1.384752186234803666e-39
3.863031996062613604e+00 1.337270387771787232e-39
4.045452249708594294e+00 1.291869946853480048e-39
4.236486759973256966e+00 1.247230044607710506e-39
4.436542309632140579e+00 1.200397125594547083e-39
4.646044890573509889e+00 1.155561874415679277e-39
4.865440610891870854e+00 1.112876645710533364e-39
5.095196644816256004e+00 1.072172393689418581e-39
5.335802227496101224e+00 1.033196661831039666e-39
5.587769696762915572e+00 9.958459203894390211e-40
5.851635584086070985e+00 9.597373310369106445e-40
6.127961757045763846e+00 9.246941857933755273e-40
6.417336615755848683e+00 8.908464024386878644e-40
6.720376345784231376e+00 8.579781661508824131e-40
7.037726230238705583e+00 8.244860699560128561e-40
7.370062023812156582e+00 7.922467940976381751e-40
7.718091391713003624e+00 7.611389522094578243e-40
8.082555416544840554e+00 7.311271152098982141e-40
8.464230176344035073e+00 7.022190809622050004e-40
8.863928397135474313e+00 6.743989838651636035e-40
9.282501183525372568e+00 6.479139828587718115e-40
9.720839831016183652e+00 6.227867276859560462e-40
1.017987772390273982e+01 5.987634520670733228e-40
1.066059232279090274e+01 5.752287371807588396e-40
1.116400724597094118e+01 5.514207669883195233e-40
1.169119444907755323e+01 5.286379592977947792e-40
1.224327650767788178e+01 5.068932712753172280e-40
1.282142900764807436e+01 4.860959094985849635e-40
1.342688304842822511e+01 4.661455998835726424e-40
1.406092786448608933e+01 4.469847392418674800e-40
1.472491357057182348e+01 4.283631719438786928e-40
1.542025403660903038e+01 4.102281625274017141e-40
1.614842989834425424e+01 3.927798839742988092e-40
1.691099171016534086e+01 3.760978657075265768e-40
1.770956324680228278e+01 3.597448025640390990e-40
1.854584496094133428e+01 3.440802554420936050e-40
1.942161760411440596e+01 3.290441701910497528e-40
2.033874601857456099e+01 3.146140039732436525e-40
2.129918310823138938e+01 3.007682628447573572e-40
2.230497399710207418e+01 2.875050258624397702e-40
2.335826038413319239e+01 2.749195270642914854e-40
2.446128510366578368e+01 2.629933936543330907e-40
2.561639690125519664e+01 2.516077582429487579e-40
2.682605543501469469e+01 2.405744043658606202e-40
2.809283651313267782e+01 2.297071859964255064e-40
2.941943757871642617e+01 2.193291166379791628e-40
3.080868345364095973e+01 2.094240810691326443e-40
3.226353235363458083e+01 1.999606065404111396e-40
3.378708218740872127e+01 1.909143914525795981e-40
3.538257715324557751e+01 1.822660108804543719e-40
3.705341464709039911e+01 1.739916896952174226e-40
3.880315249685742884e+01 1.660755738659298021e-40
4.063551653835514799e+01 1.585094494829071183e-40
4.255440854896176006e+01 1.512206029275951937e-40
4.456391455594498296e+01 1.440963918335538083e-40
4.666831353711810948e+01 1.373073184822875963e-40
4.887208653235818190e+01 1.308379222313406951e-40
5.117992618538923466e+01 1.246506253575296334e-40
5.359674673614762952e+01 1.187217073806280719e-40
5.612769448500723968e+01 1.130477606593289114e-40
5.877815875114718835e+01 1.076359512812945594e-40
6.155378334839529941e+01 1.024759026013329019e-40
6.446047860298511978e+01 9.755904972551171311e-41
6.750443393881542420e+01 9.283392533551662547e-41
7.069213105701120980e+01 8.821501440550353209e-41
7.403035773785126139e+01 8.379612870219051961e-41
7.752622229444978075e+01 7.957109806611471704e-41
8.118716870897148397e+01 7.557390067877715580e-41
8.502099248360886463e+01 7.180612287318347399e-41
8.903585724007498925e+01 6.823409032488243746e-41
9.324031210295899541e+01 6.480459206580326786e-41
9.764330990395785648e+01 6.151359308656202891e-41
1.022542262457504876e+02 5.837367949558763891e-41
1.070828794661058225e+02 5.534363091224273913e-41
1.121395515447370173e+02 5.237151021309295641e-41
1.174350099974208064e+02 4.956150213034414688e-41
1.229805308040002814e+02 4.690317414019969087e-41
1.287879224190965886e+02 4.436803847422812002e-41
1.348695509166540774e+02 4.194568366152331909e-41
1.412383663218621450e+02 3.963942323074481595e-41
1.479079301865256753e+02 3.745528947886190155e-41
1.548924444665985334e+02 3.538771667008046711e-41
1.622067817633752327e+02 3.343438050047461533e-41
1.698665169927320733e+02 3.154855678418359169e-41
1.778879605498541707e+02 2.967791088230867470e-41
1.862881930400706381e+02 2.790272599287356438e-41
1.950851016497475712e+02 2.621893091836492463e-41
2.042974182346919747e+02 2.462088356069396252e-41
2.139447592071657027e+02 2.310524069762823430e-41
2.240476673064457600e+02 2.167585387598417126e-41
2.346276553418774995e+02 2.033600862041027548e-41
2.457072520015611872e+02 1.907794804696880390e-41
2.573100498242211529e+02 1.788426566748562193e-41
2.694607554364026782e+02 1.671079287149142149e-41
2.821852421619713027e+02 1.552675543755557856e-41
2.955106051159428944e+02 1.441990776058618254e-41
3.094652188999528448e+02 1.338711171729556259e-41
3.240787980222270335e+02 1.242979370160705765e-41
3.393824601707042348e+02 1.154088981262675041e-41
3.554087924740446738e+02 1.070591278977475509e-41
3.721919208916216348e+02 9.915521575733602563e-42
3.897675828802450155e+02 9.170932939258096738e-42
4.081732034923611536e+02 8.477993937707354177e-42
4.274479750677614902e+02 7.793134870014236061e-42
4.476329406884959212e+02 7.087835967284066039e-42
4.687710815747017250e+02 6.440353535980177829e-42
4.909074086074356273e+02 5.846193726494752334e-42
5.140890581734070111e+02 5.300204615293621783e-42
5.383653925356909440e+02 4.798956476235414694e-42
5.637881049441505183e+02 4.343745469775161639e-42
5.904113297093933852e+02 3.931724343466030797e-42
6.182917574746364835e+02 3.551656304435468390e-42
6.474887559309529479e+02 3.205933102985059607e-42
6.780644962329319014e+02 2.849315747609560196e-42
7.100840853839453075e+02 2.469252865760720925e-42
7.436157048729214694e+02 2.135218442709264788e-42
7.787307558578255566e+02 1.846824626970724164e-42
8.155040112049983918e+02 1.596286644452601127e-42
8.540137747081118960e+02 1.376453477879011454e-42
8.943420478257565946e+02 1.188245816236203666e-42
9.365747042927298480e+02 1.023343018388646196e-42
9.808016729768177129e+02 8.829653893355138156e-43
1.027117129370446492e+03 7.595286954954248266e-43
1.075619696124970915e+03 6.412582682881953104e-43
1.126412653054585462e+03 5.236999411111490145e-43
1.179604157057060320e+03 4.239592283438343256e-43
1.235307472419586247e+03 3.356070418778130912e-43
1.293641212000113001e+03 2.598752388772913116e-43
1.354729589797779227e+03 1.970378610052137779e-43
1.418702685450239642e+03 1.440951339135371579e-43
1.485696721221067037e+03 1.014578946483851171e-43
1.555854352067090758e+03 6.777963790027291239e-44
1.629324969403309296e+03 4.313670279569685604e-44
1.706265019212171183e+03 2.532234564658756858e-44
1.786838335174658596e+03 1.381998133059570231e-44
1.871216487532480187e+03 6.277550875331003968e-45
1.959579148424271352e+03 3.642256905618186285e-45
2.052114474473675273e+03 1.915253046554279031e-45
2.149019507444050760e+03 8.556549617978869543e-46
2.250500593812912939e+03 3.827817865413809567e-46
2.356773824159496598e+03 9.631402526545444574e-47
2.468065493301136485e+03 3.708361216853876614e-47
2.584612582158226360e+03 0.000000000000000000e+00
2.706663262373782800e+03 0.000000000000000000e+00
2.834477424762223109e+03 0.000000000000000000e+00
2.968327232712540535e+03 0.000000000000000000e+00
3.108497701724343642e+03 0.000000000000000000e+00
3.255287306310709027e+03 0.000000000000000000e+00
3.409008615560278031e+03 0.000000000000000000e+00
3.569988958711897340e+03 0.000000000000000000e+00
3.738571122158991329e+03 0.000000000000000000e+00
3.915114079367959675e+03 0.000000000000000000e+00
4.099993755264820720e+03 0.000000000000000000e+00
4.293603826717677293e+03 0.000000000000000000e+00
4.496356560819676815e+03 0.000000000000000000e+00
4.708683692757356766e+03 0.000000000000000000e+00
4.931037345133778217e+03 0.000000000000000000e+00
5.163890990703876923e+03 0.000000000000000000e+00
5.407740460572232223e+03 0.000000000000000000e+00
5.663104999999997744e+03 0.000000000000000000e+00
