1.056583745000000130e-01 8.842900018001349954e-37
1.106311963784044616e-01 1.039633297134114637e-36
1.158380646118788160e-01 1.188897464407368695e-36
1.212899946153446484e-01 1.322750311555787817e-36
1.269985202453196294e-01 1.449050291255087295e-36
1.329757182004226990e-01 1.552465965020817677e-36
1.392342335702915490e-01 1.600524303273190079e-36
1.457873065869620399e-01 1.603250691001842447e-36
1.526488006353046434e-01 1.572457874837582297e-36
1.598332315817739269e-01 1.528207512859810553e-36
1.673557984835193913e-01 1.476452406897270896e-36
1.752324157428232776e-01 1.418983838695879799e-36
1.834797467748899846e-01 1.359504497911125104e-36
1.921152392602138159e-01 1.299477514393308077e-36
2.011571620561025397e-01 1.241959048604536442e-36
2.106246438454455194e-01 1.187153440358154381e-36
2.205377136044902875e-01 1.134656326049105167e-36
2.309173429752384155e-01 1.085512104770060971e-36
2.417854906321028896e-01 1.040236588967449508e-36
2.531651487366866626e-01 9.992603921073060166e-37
2.650803915789595733e-01 9.612362606766655071e-37
2.775564265077372084e-01 9.225468903347407839e-37
2.906196472582082135e-01 8.862602711712833576e-37
3.042976897893261978e-01 8.529123399932007708e-37
3.186194907491951556e-01 8.202554820377148537e-37
3.336153486921326072e-01 7.887446349926221230e-37
3.493169881769210283e-01 7.598650957714542489e-37
3.657576268818495957e-01 7.320964069671049131e-37
3.829720458785316750e-01 7.047435014914069519e-37
4.009966632131669040e-01 6.787202719824845367e-37
4.198696109509120755e-01 6.540156974600234010e-37
4.396308158463542171e-01 6.294567210597129480e-37
4.603220838107459079e-01 6.056450866149700138e-37
4.819871883547005020e-01 5.826690997728141998e-37
5.046719631934512007e-01 5.619003053019341473e-37
5.284243992105859267e-01 5.427279635835289669e-37
5.532947459853900796e-01 5.236266080277254146e-37
5.793356180985833603e-01 5.047774756397931337e-37
6.066021064413468222e-01 4.863957965135154984e-37
6.351518947631211720e-01 4.690230202618682573e-37
6.650453817047368155e-01 4.524508628920375865e-37
6.963458085750475757e-01 4.355047510252498773e-37
7.291193931413825213e-01 4.191708113611437569e-37
7.634354697168594939e-01 4.035888822630907621e-37
7.993666358409227124e-01 3.879570852034952783e-37
8.369889058634120138e-01 3.724605015087327651e-37
8.763818717570843742e-01 3.577308188750024640e-37
9.176288714987912432e-01 3.441096553051295062e-37
9.608171653755325226e-01 3.315847158618316951e-37
1.006038120588372609e+00 3.188985777187670945e-37
1.053387404544759542e+00 3.061954812040388087e-37
1.102965187248163170e+00 2.938095695962712839e-37
1.154876353213206031e+00 2.820752994819936096e-37
1.209230723354595138e+00 2.708385846739646936e-37
1.266143287319286603e+00 2.599945127388236107e-37
1.325734446753376483e+00 2.496094874508652925e-37
1.388130270018380630e+00 2.397127847264673739e-37
1.453462758895756490e+00 2.302539498955508492e-37
1.521870127843902853e+00 2.211316478541185979e-37
1.593497096398414747e+00 2.123639647119453862e-37
1.668495195334187331e+00 2.039448259266530143e-37
1.747023087237072669e+00 1.956120722447282907e-37
1.829246902163263799e+00 1.876327349820115087e-37
1.915340589096532486e+00 1.801564083631511497e-37
2.005486283946828596e+00 1.731373728116689605e-37
2.099874694868774316e+00 1.663991588418523308e-37
2.198705505715209618e+00 1.598232123801468428e-37
2.302187798479319092e+00 1.534262501160386590e-37
2.410540495619040158e+00 1.472831580252206949e-37
2.523992823199511903e+00 1.414142943910203211e-37
2.642784795833373668e+00 1.357773194695081121e-37
2.767167724444818955e+00 1.301938932283870519e-37
2.897404747931621394e+00 1.247943397836630648e-37
3.033771389849885036e+00 1.195766111653883082e-37
3.176556141299217817e+00 1.145289397564685970e-37
3.326061071241451117e+00 1.097128061926738759e-37
3.482602465544073489e+00 1.051858996423387995e-37
3.646511496100310890e+00 1.009183449028215153e-37
3.818134921441394436e+00 9.682160972076595988e-38
3.997835820323231815e+00 9.287328411394188726e-38
4.185994359839400047e+00 8.905677741086999619e-38
4.383008599685452644e+00 8.527999088202935589e-38
4.589295334276005001e+00 8.161943164814630358e-38
4.805290974496148948e+00 7.813282998133930820e-38
5.031452470952578082e+00 7.482141151968133584e-38
5.268258280677626360e+00 7.165062660152457522e-38
5.516209379331327156e+00 6.857790576028734118e-38
5.775830321042849214e+00 6.560745295698826338e-38
6.047670348133495466e+00 6.279815071782714158e-38
6.332304553068913044e+00 6.016176107516166565e-38
6.630335095098700116e+00 5.766404433872281448e-38
6.942392474157277782e+00 5.521958646482573079e-38
7.269136864721031266e+00 5.286243721498709261e-38
7.611259512443584896e+00 5.061523000488110280e-38
7.969484196523818120e+00 4.847494899614924410e-38
8.344568760900418880e+00 4.642038183418597653e-38
8.737306717512232979e+00 4.441688906723833639e-38
9.148528925016240265e+00 4.246527746782642733e-38
9.579105346514534602e+00 4.057897575606692141e-38
1.002994689000892947e+01 3.876197869613856267e-38
1.050200733547670140e+01 3.702241530612572424e-38
1.099628535264439755e+01 3.536532133579695396e-38
1.151382661372833738e+01 3.379892099217234844e-38
1.205572600561140106e+01 3.230842231555589981e-38
1.262312994613629158e+01 3.088724093225925748e-38
1.321723880941516249e+01 2.953348503212913257e-38
1.383930946528688821e+01 2.824765648743432230e-38
1.449065793829400661e+01 2.702614039795846071e-38
1.517266219180467068e+01 2.585902939444838486e-38
1.588676504316972959e+01 2.473796724493197663e-38
1.663447721608172714e+01 2.366057540842279996e-38
1.741738053659374685e+01 2.261482354167574038e-38
1.823713127955892688e+01 2.160704881340275168e-38
1.909546367257074451e+01 2.063685484750565559e-38
1.999419356481642041e+01 1.970454647947523602e-38
2.093522226860526914e+01 1.881256502785370687e-38
2.192054058169915010e+01 1.797264945924827101e-38
2.295223299895401681e+01 1.718261019512974587e-38
2.403248212218311153e+01 1.642955077617223149e-38
2.516357327757046392e+01 1.570434480245540604e-38
2.634789935040376108e+01 1.500630211852294343e-38
2.758796584735415536e+01 1.433164847496828948e-38
2.888639619701277184e+01 1.368267534387031747e-38
3.024593729989776492e+01 1.306655367697066756e-38
3.166946533967259114e+01 1.248746956205701404e-38
3.315999186787028918e+01 1.194094816122337689e-38
3.472067017499545472e+01 1.141444446256122854e-38
3.635480196148328247e+01 1.090589155857458613e-38
3.806584432262733486e+01 1.041877621566892244e-38
3.985741706225430647e+01 9.955887731256317874e-39
4.173331035061708860e+01 9.516410328514323980e-39
4.369749274270744621e+01 9.100658244542842469e-39
4.575411957395174056e+01 8.708871735589350554e-39
4.790754175105023904e+01 8.331687303187101473e-39
5.016231495655890171e+01 7.959767419138500120e-39
5.252320928668498112e+01 7.595507958751393355e-39
5.499521934268717871e+01 7.251686463254677718e-39
5.758357479722773320e+01 6.929544197627890575e-39
6.029375145803174973e+01 6.623952010138874372e-39
6.313148285225818057e+01 6.328903032140457243e-39
6.610277235609038371e+01 6.044316896884325903e-39
6.921390589520761694e+01 5.770774090057466667e-39
7.247146524300461579e+01 5.508806460608441877e-39
7.588234194469421823e+01 5.258740398738347571e-39
7.945375189674813043e+01 5.021006985580927690e-39
8.319325061252162357e+01 4.795014858275845983e-39
8.710874920635562546e+01 4.580670816986942863e-39
9.120853112997215817e+01 4.377469396386881506e-39
9.550126969657073062e+01 4.183664456342383587e-39
9.999604642969666202e+01 3.996824263823680949e-39
1.047023702757023358e+02 3.816801369211803527e-39
1.096301977204432205e+02 3.644039608351603231e-39
1.147899538527696706e+02 3.478877316264889027e-39
1.201925544193731099e+02 3.321495931139415701e-39
1.258494289176455538e+02 3.172221541226256170e-39
1.317725447754082495e+02 3.030509372415079067e-39
1.379744326686596594e+02 2.893626622890026777e-39
1.444682130309078048e+02 2.760596931188446966e-39
1.512676238101649346e+02 2.632298447630758588e-39
1.583870495323299963e+02 2.511035706387056538e-39
1.658415517324399673e+02 2.396467565183976611e-39
1.736469008181729805e+02 2.287017190301876047e-39
1.818196094330092762e+02 2.182218720257139948e-39
1.903769673896321137e+02 2.082240401479664493e-39
1.993370782474748353e+02 1.987397660567613468e-39
2.087188976117908510e+02 1.897426180605106890e-39
2.185422732352761841e+02 1.811574665120879687e-39
2.288279870070758193e+02 1.729391203394256811e-39
2.395977989180100280e+02 1.650551496172286315e-39
2.508744930950250023e+02 1.574804416539609245e-39
2.626819260022627986e+02 1.502058713319800654e-39
2.750450769107171709e+02 1.432828912895973360e-39
2.879901007432486040e+02 1.367575867106646714e-39
3.015443834067581292e+02 1.305792795186797782e-39
3.157365997285707522e+02 1.245659946547444719e-39
3.305967741196057545e+02 1.187040594588898787e-39
3.461563440926597082e+02 1.130999781655444420e-39
3.624482267701890237e+02 1.078157277693088018e-39
3.795068885222843846e+02 1.028223131665593328e-39
3.973684178821629303e+02 9.807625293201402421e-40
4.160706018934398571e+02 9.356137923134523064e-40
4.356530060506851783e+02 8.920328425170328394e-40
4.561570580023980597e+02 8.497625831870837268e-40
4.776261351934626305e+02 8.090069482937169900e-40
5.001056566325113408e+02 7.705987257781526066e-40
5.236431789783241584e+02 7.345204589680617722e-40
5.482884971485430015e+02 7.001880652788463127e-40
5.740937496635511934e+02 6.670865470866175841e-40
6.011135289483643191e+02 6.352767440361450059e-40
6.294049968258998433e+02 6.050419664538536944e-40
6.590280054459394705e+02 5.763586577316497181e-40
6.900452239056353392e+02 5.489763647352498052e-40
7.225222708294113545e+02 5.230557231483000773e-40
7.565278531887626059e+02 4.985165103682658078e-40
7.921339116556139288e+02 4.748607733194875054e-40
8.294157727967493656e+02 4.519815306632705459e-40
8.684523084312954779e+02 4.300139047031347321e-40
9.093261024883670416e+02 4.091218898640252577e-40
9.521236257179001541e+02 3.892080295664755922e-40
9.969354186242512696e+02 3.701011056382539790e-40
1.043856283009601384e+03 3.517471791127015933e-40
1.092985482532352307e+03 3.338003280843484641e-40
1.144426952704839778e+03 3.164227693224417064e-40
1.198289520774598486e+03 2.997313830999108062e-40
1.254687135954367477e+03 2.841028241577819078e-40
1.313739110487880907e+03 2.693940790963254489e-40
1.375570372061469243e+03 2.549101683358587460e-40
1.440311728095412036e+03 2.413000054825793416e-40
1.508100142474204404e+03 2.282540570749943945e-40
1.579079025301145066e+03 2.160785553754370054e-40
1.653398536290281299e+03 2.047318497005300648e-40
1.731215902437496652e+03 1.931323548161363871e-40
1.812695750642835037e+03 1.819992971331903265e-40
1.898010455987727482e+03 1.713991252782170623e-40
1.987340506403902054e+03 1.610690514968130489e-40
2.080874884505512910e+03 1.512783226228720001e-40
2.178811467392194118e+03 1.421459517681920328e-40
2.281357445268905394e+03 1.332054775901698047e-40
2.388729759768164513e+03 1.248813867718966811e-40
2.501155562901931262e+03 1.167790230864336039e-40
2.618872697614159733e+03 1.091306278378105053e-40
2.742130200950552990e+03 1.010113045248845386e-40
2.871188830910083198e+03 9.316231160307037818e-41
3.006321618092797507e+03 8.591589640515550949e-41
3.147814443311038303e+03 7.888351771091955978e-41
3.295966642385939849e+03 7.240347933562010738e-41
3.451091639408753963e+03 6.636984592697933472e-41
3.613517609806690871e+03 6.062716151196668455e-41
3.783588174615978915e+03 5.522582602802730509e-41
3.961663127431029807e+03 4.998208590400333233e-41
4.148119195567464885e+03 4.507327959563013293e-41
4.343350837049400980e+03 4.006341837544908403e-41
4.547771075106965327e+03 3.511114792366455767e-41
4.761812371949617045e+03 3.028681337904554448e-41
4.985927543663599863e+03 2.585824537443638070e-41
5.220590718169180036e+03 2.166576615483529183e-41
5.466298338264242375e+03 1.776135945684351155e-41
5.723570211876172834e+03 1.420215335716737248e-41
5.992950611744065100e+03 1.099821388576487844e-41
6.275009426857464859e+03 8.243188010985336334e-42
6.570343368087752424e+03 5.878163266897388806e-42
6.879577230562680597e+03 3.927277021231449186e-42
7.203365215454638019e+03 2.433149589387641789e-42
7.542392313979138635e+03 1.383189051712969154e-42
7.897375756531197112e+03 6.935771290299101813e-43
8.269066530025545944e+03 2.991391765666328068e-43
8.658250966650515693e+03 1.173458942528423868e-43
9.065752407396943454e+03 4.725820065790732725e-44
9.492432943881070969e+03 1.774173100904351991e-44
9.939195242146584860e+03 4.039346486726288833e-45
1.040698445230409743e+04 0.000000000000000000e+00
1.089679020804788161e+04 0.000000000000000000e+00
1.140964872028027821e+04 0.000000000000000000e+00
1.194664496927252912e+04 0.000000000000000000e+00
1.250891500000001179e+04 0.000000000000000000e+00
