1.056583745000000130e-01 1.250386296975574836e-36
1.106351959202415830e-01 1.438660581790428331e-36
1.158464403246165786e-01 1.638275335635261388e-36
1.213031497278668214e-01 1.843208492369819855e-36
1.270168862562327527e-01 2.046195581772467835e-36
1.329997566462405856e-01 2.239210897358346515e-36
1.392644378974548514e-01 2.414101516823516702e-36
1.458242041335515160e-01 2.563307297855655500e-36
1.526929547286265954e-01 2.687784584359871060e-36
1.598852437583372088e-01 2.815825678104808515e-36
1.674163108382783205e-01 2.951013469554007751e-36
1.753021134149378712e-01 3.090768855985374373e-36
1.835593605776517090e-01 3.238080850445707532e-36
1.922055484632007594e-01 3.390059490495592929e-36
2.012589973280698441e-01 3.534286980793047947e-36
2.107388903669190627e-01 3.667928681742868491e-36
2.206653143595200817e-01 3.789876093626223301e-36
2.310593022322826040e-01 3.899399398056446480e-36
2.419428776245549639e-01 4.000552923681702071e-36
2.533391015541287539e-01 4.107567093861208175e-36
2.652721212808267781e-01 4.221467469745536925e-36
2.777672214717097909e-01 4.340041668806905528e-36
2.908508777763162412e-01 4.465736825923953605e-36
3.045508129254532736e-01 4.598111665017707766e-36
3.188960554724070140e-01 4.735706273689852334e-36
3.339170013010371862e-01 4.878472820758877011e-36
3.496454780310841448e-01 5.026768549228603046e-36
3.661148124571566020e-01 5.181041653314332265e-36
3.833599011642945809e-01 5.337059651828466831e-36
4.014172844697337927e-01 5.485787530803867058e-36
4.203252238475460034e-01 5.626153052500770703e-36
4.401237830002073803e-01 5.755420268593725804e-36
4.608549127488785202e-01 5.874811460742490875e-36
4.825625399222663314e-01 5.988674000409885248e-36
5.052926604324140536e-01 6.104601945346047850e-36
5.290934367346359357e-01 6.222534293783307812e-36
5.540152998781027183e-01 6.342622210143664867e-36
5.801110563633106176e-01 6.465111020923673155e-36
6.074360000328528075e-01 6.585624012104725012e-36
6.360480292325766394e-01 6.698127742138594398e-36
6.660077694913777435e-01 6.802163320089011360e-36
6.973787019795735231e-01 6.895685439401245552e-36
7.302272980180464224e-01 6.980000152042113368e-36
7.646231599231653187e-01 7.059438414343554082e-36
8.006391684859168745e-01 7.138600889344541222e-36
8.383516373977409897e-01 7.217276020304461353e-36
8.778404749502786153e-01 7.295412476729980416e-36
9.191893533516549697e-01 7.373008057999286767e-36
9.624858860180598441e-01 7.448459068200068315e-36
1.007821813216285500e+00 7.520363469904863700e-36
1.055293196450574511e+00 7.588571655410528070e-36
1.105000622005663180e+00 7.651454315231780372e-36
1.157049414077303773e+00 7.710337998359091087e-36
1.211549857941863761e+00 7.763202765982758357e-36
1.268617433637869718e+00 7.808552419777012078e-36
1.328373060654645776e+00 7.846226870885376716e-36
1.390943354146506383e+00 7.876148098405243877e-36
1.456460893215394847e+00 7.898259314889603426e-36
1.525064501830426744e+00 7.911693438954615132e-36
1.596899542979576037e+00 7.915964675196035988e-36
1.672118226676765795e+00 7.911072614202145124e-36
1.750879932477012568e+00 7.895662185497006497e-36
1.833351547182979102e+00 7.871287605604230570e-36
1.919707818458506798e+00 7.840775233048410430e-36
2.010131725098387001e+00 7.805397026800991193e-36
2.104814864738934865e+00 7.765180647265636839e-36
2.203957859830872668e+00 7.720220112527880446e-36
2.307770782734736681e+00 7.670408287889395241e-36
2.416473600839532221e+00 7.611655510459039438e-36
2.530296642647793970e+00 7.542598907485526794e-36
2.649481085814624048e+00 7.463537197256493153e-36
2.774279468174812635e+00 7.373538394766112602e-36
2.904956222840850089e+00 7.274681873021069330e-36
3.041788238505622743e+00 7.172740219949817433e-36
3.185065446137031575e+00 7.069493319709677649e-36
3.335091433307656672e+00 6.965008509022872869e-36
3.492184087461158715e+00 6.859460142498360059e-36
3.656676269478434715e+00 6.753075255327066179e-36
3.828916518970720162e+00 6.646267234169566319e-36
4.009269792794086129e+00 6.539174727021300103e-36
4.198118238350146747e+00 6.431856645767606298e-36
4.395862003311512112e+00 6.323325386914464239e-36
4.602920083487700431e+00 6.214182279280812597e-36
4.819731210628045659e+00 6.100543462143796768e-36
5.046754782042730980e+00 5.981889935963311580e-36
5.284471834011733371e+00 5.858585964938413322e-36
5.533386061044185844e+00 5.731169335578091650e-36
5.794024883147879557e+00 5.600437709927371608e-36
6.066940563370302186e+00 5.468107739359425174e-36
6.352711377979169960e+00 5.334657170432877700e-36
6.651942841761902869e+00 5.200324099039878356e-36
6.965268991040332480e+00 5.064594968631111702e-36
7.293353727119193941e+00 4.928737397960484234e-36
7.636892223014997150e+00 4.794310210074930044e-36
7.996612396445995863e+00 4.661560788888130419e-36
8.373276452204319042e+00 4.530550950217894106e-36
8.767682497178391543e+00 4.401490804815152347e-36
9.180666231447695225e+00 4.274249485846892882e-36
9.613102719033044252e+00 4.147546529462464001e-36
1.006590824205447277e+01 4.021424014911102495e-36
1.054004224222539499e+01 3.896061181398025299e-36
1.103650935379693365e+01 3.772145101825679816e-36
1.155636153225981921e+01 3.651685899244748895e-36
1.210070028331457692e+01 3.534600245913083474e-36
1.267067899683268095e+01 3.417685396512199080e-36
1.326750539075417024e+01 3.300407572501448548e-36
1.389244407010018456e+01 3.184657753586568614e-36
1.454681920652235227e+01 3.072896840323013241e-36
1.523201734406707430e+01 2.965101205912073123e-36
1.594949033709938035e+01 2.860050511903315545e-36
1.670075842661189824e+01 2.757455234580043347e-36
1.748741346143681241e+01 2.657112140991304373e-36
1.831112227118667946e+01 2.559292445056262740e-36
1.917363019807044111e+01 2.464153686014214338e-36
2.007676479506870493e+01 2.373323878372666085e-36
2.102243969830364634e+01 2.286993575419074976e-36
2.201265868180933438e+01 2.203429003016963320e-36
2.304951990329345435e+01 2.120234352999185770e-36
2.413522034988696063e+01 2.037530287595791430e-36
2.527206049330190041e+01 1.958357106028424378e-36
2.646244916426052995e+01 1.883262743625216912e-36
2.770890865652488699e+01 1.810621155880394762e-36
2.901408007134074296e+01 1.738638335768928354e-36
3.038072891362114802e+01 1.667838055755257531e-36
3.181175095172623557e+01 1.599458600246050331e-36
3.331017835325646814e+01 1.533719326738811945e-36
3.487918610985935430e+01 1.470888746541135997e-36
3.652209876466403671e+01 1.411417730085598099e-36
3.824239745659740919e+01 1.355128097194173158e-36
4.004372729650881269e+01 1.300340677879173432e-36
4.192990509073163707e+01 1.246676658120185994e-36
4.390492742844749330e+01 1.194743374197368645e-36
4.597297914998947022e+01 1.145400444286302070e-36
4.813844221402690238e+01 1.098187853067064016e-36
5.040590498242140427e+01 1.052752746976381557e-36
5.278017194242629984e+01 1.008977143617538424e-36
5.526627388683112940e+01 9.666883766085113130e-37
5.786947857362020642e+01 9.256963334691244339e-37
6.059530188773344150e+01 8.861334603007255040e-37
6.344951952857811506e+01 8.482401569210958871e-37
6.643817924805797759e+01 8.120144378679517628e-37
6.956761366504855459e+01 7.774471329077385437e-37
7.284445368347321903e+01 7.446409542132087420e-37
7.627564254240942887e+01 7.135036957018946571e-37
7.986845052799648670e+01 6.833945539337449647e-37
8.363049037831845567e+01 6.541485155493284220e-37
8.756973341390119003e+01 6.260081044562138100e-37
9.169452642800489173e+01 5.992963415119739709e-37
9.601360937249782523e+01 5.738191872779231860e-37
1.005361338767883979e+02 5.491230467553870153e-37
1.052716826390521021e+02 5.250997083303394234e-37
1.102302897308440919e+02 5.018806778957475496e-37
1.154224618581173019e+02 4.796972595848827955e-37
1.208592006236990102e+02 4.585454846839168470e-37
1.265520258383940586e+02 4.382767998788708945e-37
1.325129999301115049e+02 4.188294422205602115e-37
1.387547535027320578e+02 4.001384570962675168e-37
1.452905120988737337e+02 3.821288877336766446e-37
1.521341242232638251e+02 3.648374647799620273e-37
1.593000906860928012e+02 3.486007343387227842e-37
1.668035953285287007e+02 3.334417396337292419e-37
1.746605371954918553e+02 3.190290799583253039e-37
1.828875642238646435e+02 3.049381651287119520e-37
1.915021085175129087e+02 2.912281870281764276e-37
2.005224232838677096e+02 2.783052662185314463e-37
2.099676215103262109e+02 2.662253843350008457e-37
2.198577164624284705e+02 2.548690364505148387e-37
2.302136640896144399e+02 2.440766611232860531e-37
2.410574074284207597e+02 2.337338933783454677e-37
2.524119230971970183e+02 2.235895012232428931e-37
2.643012699808601269e+02 2.135944696175840776e-37
2.767506402088472441e+02 2.039163947769723374e-37
2.897864125342765078e+02 1.948047572081930595e-37
3.034362082274287786e+02 1.862217146503422125e-37
3.177289496019719763e+02 1.779455221850861184e-37
3.326949212979492927e+02 1.699172134739158967e-37
3.483658344513709153e+02 1.621830032744325040e-37
3.647748938863893500e+02 1.548225786861189234e-37
3.819568684724181367e+02 1.478597665526185737e-37
3.999481647952850381e+02 1.412733250897019340e-37
4.187869042985078636e+02 1.350402192763785758e-37
4.385130040581577759e+02 1.291320867998253547e-37
4.591682613624535634e+02 1.235176249274256816e-37
4.807964422753041163e+02 1.181587727605859206e-37
5.034433743714599245e+02 1.130265165875543041e-37
5.271570438397570797e+02 1.081074218829765807e-37
5.519876971602183175e+02 1.033901623103787189e-37
5.779879475704378820e+02 9.885769080521663833e-38
6.052128865468562253e+02 9.448618909158722224e-38
6.337202005371220821e+02 9.027063125702073244e-38
6.635702931909038398e+02 8.620760802526663713e-38
6.948264133481227418e+02 8.229296421626007418e-38
7.275547890558194695e+02 7.852756893063471427e-38
7.618247678976043744e+02 7.491979704308279714e-38
7.977089639330386035e+02 7.147518179369530331e-38
8.352834115583018502e+02 6.818933863910255257e-38
8.746277266141403288e+02 6.506323925973437158e-38
9.158252750824872237e+02 6.210342552656387357e-38
9.589633497291789581e+02 5.930120347823219937e-38
1.004133355067079037e+03 5.662993143722029581e-38
1.051431001031496407e+03 5.407822519088482002e-38
1.100956505778303381e+03 5.164248165657691018e-38
1.152814808034428324e+03 4.932166118831483131e-38
1.207115789450692773e+03 4.711136034685368544e-38
1.263974507428131574e+03 4.501117717751309291e-38
1.323511438911094046e+03 4.301668106419277876e-38
1.385852735663745307e+03 4.111438331784634725e-38
1.451130491570843787e+03 3.928620752629065049e-38
1.519483022529149821e+03 3.752935518919767524e-38
1.591055159522574513e+03 3.584772566936786370e-38
1.665998555502015506e+03 3.424007946881612502e-38
1.744472006720158561e+03 3.270764072996045281e-38
1.826641789202064729e+03 3.125551457339459674e-38
1.912682011064548078e+03 2.987993665065749148e-38
2.002774981430815160e+03 2.855803916243602515e-38
2.097111596722099421e+03 2.728256202395989845e-38
2.195891745144727793e+03 2.605605254922804565e-38
2.299324730229767738e+03 2.488259160299256281e-38
2.407629714322612017e+03 2.375850784487630990e-38
2.521036182962265684e+03 2.269531720789593795e-38
2.639784431134215538e+03 2.169339570088766090e-38
2.764126072427292002e+03 2.074065245662845069e-38
2.894324572173325123e+03 1.981970274885398767e-38
3.030655805699200755e+03 1.892859917924005499e-38
3.173408642874293037e+03 1.807464926786030489e-38
3.322885560191774857e+03 1.725878228501765735e-38
3.479403281680798955e+03 1.648029910496914374e-38
3.643293450007475712e+03 1.573969737026259758e-38
3.814903329186747669e+03 1.503653453704797619e-38
3.994596540394031763e+03 1.436233215133990185e-38
4.182753832435811091e+03 1.371399144277670368e-38
4.379773888511576843e+03 1.309312873541048329e-38
4.586074170976725327e+03 1.250332578291176072e-38
4.802091805896273399e+03 1.194439819764747027e-38
5.028284509263590735e+03 1.141587812325096641e-38
5.265131556846858075e+03 1.091629115466274774e-38
5.513134799718102840e+03 1.044035143787917061e-38
5.772819727616711134e+03 9.979921681121291230e-39
6.044736582400391853e+03 9.533115152732941594e-39
6.329461523943085012e+03 9.105430646142755530e-39
6.627597850950025531e+03 8.697846004244905048e-39
6.939777279276887384e+03 8.308293395368222290e-39
7.266661280461397837e+03 7.933868168945817584e-39
7.608942483303873814e+03 7.573848673418892181e-39
7.967346141466261543e+03 7.230190609760743909e-39
8.342631670199516520e+03 6.902905016237923574e-39
8.735594255455220264e+03 6.590491283670175658e-39
9.147066538791239509e+03 6.291407564745591551e-39
9.577920381641450149e+03 6.007054086076321498e-39
1.002906871268758186e+04 5.737620665406140883e-39
1.050146746224792696e+04 5.482476205726055775e-39
1.099611758778136209e+04 5.240453459629332909e-39
1.151406719479870299e+04 5.009886768190351709e-39
1.205641375767503996e+04 4.789056817252630999e-39
1.262430644506909994e+04 4.576927194538729122e-39
1.321894855487660425e+04 4.373044426149419368e-39
1.384160006387726753e+04 4.177316960649777673e-39
1.449358029747741966e+04 3.989811016505101277e-39
1.517627072520564798e+04 3.810432114310691754e-39
1.589111788788454760e+04 3.640406415886800326e-39
1.663963646268060984e+04 3.479694452068983733e-39
1.742341247252735047e+04 3.326638477061581404e-39
1.824410664672151688e+04 3.178717511269460480e-39
1.910345793981354291e+04 3.036055663015519920e-39
2.000328721624774698e+04 2.899628536561396425e-39
2.094550110856034735e+04 2.769515425598576587e-39
2.193209605730975454e+04 2.646054354423279768e-39
2.296516254129977824e+04 2.530057876030880373e-39
2.404688950705838579e+04 2.420669227605804638e-39
2.517956900695838340e+04 2.315061610529235827e-39
2.636560105580731397e+04 2.212376316001632538e-39
2.760749871619662372e+04 2.113744624028480423e-39
2.890789342338626011e+04 2.021109995533354292e-39
3.026954056100680464e+04 1.933999527277439161e-39
3.169532529939393135e+04 1.850524620553701480e-39
3.318826870892509032e+04 1.770034974090139236e-39
3.475153416131300037e+04 1.692509821905905907e-39
3.638843403241856868e+04 1.618019526640495423e-39
3.810243672078654345e+04 1.546685067322763388e-39
3.989717399677418143e+04 1.478610329391569250e-39
4.177644869784629554e+04 1.413709392209020418e-39
4.374424278634098300e+04 1.351676250673149329e-39
4.580472578678040736e+04 1.291988651403540738e-39
4.796226362060297106e+04 1.234564039478169218e-39
5.022142785703822301e+04 1.180068691283132327e-39
5.258700539972536353e+04 1.128584624375644120e-39
5.506400862959916412e+04 1.079850169503151063e-39
5.765768602553675737e+04 1.033545613602025960e-39
6.037353328526764381e+04 9.894933658505472512e-40
6.321730497011209809e+04 9.471562282834230792e-40
6.619502669821991003e+04 9.063342662049445553e-40
6.931300791214789206e+04 8.672356393660007469e-40
7.257785524782727589e+04 8.301960801467180544e-40
7.599648653324974293e+04 7.950829954898721876e-40
7.957614544653146004e+04 7.617252653077664615e-40
8.332441686441648926e+04 7.300068117117807307e-40
8.724924293374024273e+04 6.996408503425626008e-40
9.135893989990456612e+04 6.701595425486314588e-40
9.566221572802563605e+04 6.415976057970270058e-40
1.001681885540886724e+05 6.146763030075444870e-40
1.048864060052079003e+05 5.895426821897361345e-40
1.098268654299256305e+05 5.658930934983025956e-40
1.150000350814202102e+05 5.431705593064680563e-40
1.204168762985044741e+05 5.213366278558736768e-40
1.260888667314160120e+05 5.001669984648989378e-40
1.320280246616083314e+05 4.795844736751001557e-40
1.382469344670784194e+05 4.597712328544831113e-40
1.447587732871850894e+05 4.410748220714536147e-40
1.515773389434602868e+05 4.233979051180959530e-40
1.587170791755707178e+05 4.065233969393500942e-40
1.661931222543815675e+05 3.903586969645534848e-40
1.740213090369866986e+05 3.749051122786322043e-40
1.822182265316218836e+05 3.600921693148479832e-40
1.908012430435881543e+05 3.458991899517703460e-40
1.997885449766499514e+05 3.323713677100846723e-40
2.091991753678897803e+05 3.194993174808159071e-40
2.190530742376646667e+05 3.072745417062301192e-40
2.293711208401683834e+05 2.957229098215104445e-40
2.401751779041177069e+05 2.848196476694525750e-40
2.514881379573083832e+05 2.741013604137482096e-40
2.633339718331893091e+05 2.635628866530021161e-40
2.757377794622444781e+05 2.539718144352162833e-40
2.887258430557986139e+05 2.451691074349564593e-40
3.023256827949327999e+05 2.362689909450665110e-40
3.165661151425173157e+05 2.280010196748705676e-40
3.314773139019103837e+05 2.201602448040965486e-40
3.470908741517057060e+05 2.125840213323149717e-40
3.634398791919886135e+05 2.053345072604488300e-40
3.805589706439655274e+05 1.988459007005092084e-40
3.984844218514881795e+05 1.926578814491041680e-40
4.172542147400120157e+05 1.870078473413040005e-40
4.369081202958294889e+05 1.813947789018205320e-40
4.574877828361215070e+05 1.760480370238373768e-40
4.790368082483718172e+05 1.711358133417955981e-40
5.016008563861242728e+05 1.667451486129496435e-40
5.252277378168433206e+05 1.625355212987829824e-40
5.499675151268928312e+05 1.585361496394575572e-40
5.758726089982790872e+05 1.545693883310040669e-40
6.029979092819122598e+05 1.507009379977032955e-40
6.314008913027566159e+05 1.473194591773099486e-40
6.611417376432904275e+05 1.440394425943753531e-40
6.922834656633338891e+05 1.412632171536661767e-40
7.248920610264245188e+05 1.385596992970452912e-40
7.590366175156919053e+05 1.362721332327786151e-40
7.947894834354650229e+05 1.340269365021544412e-40
8.322264149088372942e+05 1.319210936497543134e-40
8.714267363959826762e+05 1.291662818055492796e-40
9.124735087733733235e+05 1.277438755366631452e-40
9.554537053300255211e+05 1.265972898544457214e-40
1.000458396053671837e+06 1.257190188204095988e-40
1.047582940597374807e+06 1.251486886258864054e-40
1.096927190335425548e+06 1.250080328689946992e-40
1.148595699936686084e+06 1.252263096825660435e-40
1.202697948903637007e+06 1.258088675274921213e-40
1.259348573546592146e+06 1.267828560263623671e-40
1.318667609884569654e+06 1.282385678829642363e-40
1.380780747987526003e+06 1.302042828263513248e-40
1.445819598298833473e+06 1.327219200925378423e-40
1.513921970502361888e+06 1.358494345674192921e-40
1.585232165525002871e+06 1.396641101429855120e-40
1.659901281293397304e+06 1.445795931070037673e-40
1.738087532892673044e+06 1.511465981552283390e-40
1.819956587805635063e+06 1.596515434549281224e-40
1.905681916942711221e+06 1.704856224534503941e-40
1.995445162206413690e+06 1.841705464939965426e-40
2.089436521369206952e+06 2.013775962003848691e-40
2.187855151080238167e+06 2.229077260136991956e-40
2.290909588854899630e+06 2.488408211126666267e-40
2.398818194941301364e+06 2.713769339865179470e-40
2.511809614999998827e+06 1.915349680418186602e-40
