1.056583745000000130e-01 3.588876802887511465e-37
1.106354055040336820e-01 4.073278796010476659e-37
1.158468792366473959e-01 4.577761150347788695e-37
1.213038391076450145e-01 5.086529977637945677e-37
1.270178487259461531e-01 5.581679182837012906e-37
1.330010164035323184e-01 6.044542362506001547e-37
1.392660208136500544e-01 6.457270975198850711e-37
1.458261378576420075e-01 6.804448838215259513e-37
1.526952687973383294e-01 7.099825697141748414e-37
1.598879697126227017e-01 7.449062709161755600e-37
1.674194823465949278e-01 7.868614586476927730e-37
1.753057664036932195e-01 8.356220722041315056e-37
1.835635333692172411e-01 8.930752948589750209e-37
1.922102819219177472e-01 9.566343663669306761e-37
2.012643350146940402e-01 1.011917206766830508e-36
2.107448787019750858e-01 1.055507176004709453e-36
2.206720027960623609e-01 1.085971537670402962e-36
2.310667434385866859e-01 1.102759718584635154e-36
2.419511276772912112e-01 1.112716386371788968e-36
2.533482201426006664e-01 1.135245386870200831e-36
2.652821719228873332e-01 1.171634388371317203e-36
2.777782717420039238e-01 1.221935321043937219e-36
2.908629995475300323e-01 1.288605901849293731e-36
3.045640826232902665e-01 1.367134302606359512e-36
3.189105543450485025e-01 1.441089957634045357e-36
3.339328157038853884e-01 1.508218714526488274e-36
3.496626997276311988e-01 1.567234817551905228e-36
3.661335389368652327e-01 1.617124344896022193e-36
3.833802359784268532e-01 1.660206391565998882e-36
4.014393375861122215e-01 1.702216518841371042e-36
4.203491120252866864e-01 1.743114925460394107e-36
4.401496301855189475e-01 1.782052858814973603e-36
4.608828504930799208e-01 1.819500690040918290e-36
4.825927078232385425e-01 1.858218751912745778e-36
5.053252066007662968e-01 1.902924910478458064e-36
5.291285182859345460e-01 1.953945697145854469e-36
5.540530834525839721e-01 2.011765820861016226e-36
5.801517186745746013e-01 2.077017835613521212e-36
6.074797284471153969e-01 2.145749334450525134e-36
6.360950223801414838e-01 2.211955159423152707e-36
6.660582379120769669e-01 2.275214010023881253e-36
6.974328688040224433e-01 2.334592163734272511e-36
7.302853996866527364e-01 2.390280195679786617e-36
7.646854469449378966e-01 2.444386925456687946e-36
8.007059062392299920e-01 2.499319648904854106e-36
8.384231069753204091e-01 2.555033120183094536e-36
8.779169740508016018e-01 2.611560388296241701e-36
9.192711972204781201e-01 2.668957406391174175e-36
9.625734084397267187e-01 2.726945131621573581e-36
1.007915367561603048e+00 2.785289765468879468e-36
1.055393156781198494e+00 2.844011112333063777e-36
1.105107384239287782e+00 2.902694504557666647e-36
1.157163397216711465e+00 2.961869863602188267e-36
1.211671505371266777e+00 3.018580858772293303e-36
1.268747214490158592e+00 3.070438070223922351e-36
1.328511471253344789e+00 3.117044478664480986e-36
1.391090919526442704e+00 3.158092875335772129e-36
1.456618168726294904e+00 3.193395251582409992e-36
1.525232074827883810e+00 3.225346374628324390e-36
1.597078034608052199e+00 3.255289799815497987e-36
1.672308293749559693e+00 3.283163911262882870e-36
1.751082269458358764e+00 3.308529047237191631e-36
1.833566888277739615e+00 3.331863003536970912e-36
1.919936939815186427e+00 3.355355863434063636e-36
2.010375447131515614e+00 3.379936140556973885e-36
2.105074054577171783e+00 3.405552854416281313e-36
2.204233433897524908e+00 3.432191881303119273e-36
2.308063709467736313e+00 3.459938363347655843e-36
2.416784903558280018e+00 3.489985583533357759e-36
2.530627402574674445e+00 3.522809830571072024e-36
2.649832445259401315e+00 3.558473429409332702e-36
2.774652633890548614e+00 3.596693603944400330e-36
2.905352469560431583e+00 3.637430311053031834e-36
3.042208912668480814e+00 3.674005659431720960e-36
3.185511969816105182e+00 3.704132125742402710e-36
3.335565308347213431e+00 3.727613187718720753e-36
3.492686899836614955e+00 3.744274073538491069e-36
3.657209693889906799e+00 3.754412154227039973e-36
3.829482323682659839e+00 3.762145579540628136e-36
4.009869844733984223e+00 3.768512987444610946e-36
4.198754508479977332e+00 3.773502357969133884e-36
4.396536572286296796e+00 3.776748941548392016e-36
4.603635147616327750e+00 3.778378895551151223e-36
4.820489088152253743e+00 3.776780391985687117e-36
5.047557919751018751e+00 3.771619688372603127e-36
5.285322814205802189e+00 3.762907553806324293e-36
5.534287608876467424e+00 3.750629062538277144e-36
5.794979874349636795e+00 3.735057379446710052e-36
6.067952032390830475e+00 3.717896143389695279e-36
6.353782526557653298e+00 3.699437336833530802e-36
6.653077047954675471e+00 3.679699861623685649e-36
6.966469818727381913e+00 3.658350968026304766e-36
7.294624936015041250e+00 3.635509032951721536e-36
7.638237779210390599e+00 3.610010368843794338e-36
7.998036483508188077e+00 3.581749683683270840e-36
8.374783482865183259e+00 3.550792107890796965e-36
8.769277125641119497e+00 3.517196329403470612e-36
9.182353366344397472e+00 3.481355913480061082e-36
9.614887537067316359e+00 3.444589750764471884e-36
1.006779620236464723e+01 3.407047417069407605e-36
1.054203910150617673e+01 3.368760438349082223e-36
1.103862118221887378e+01 3.327747535595900781e-36
1.155859473022841755e+01 3.282031343588970796e-36
1.210306159911259805e+01 3.232176217416849822e-36
1.267317554519183354e+01 3.181088443103596665e-36
1.327014467240456597e+01 3.129504550152234804e-36
1.389523399234834145e+01 3.077727364710100926e-36
1.454976810491146999e+01 3.026275776995549282e-36
1.523513400517567185e+01 2.975055841984021313e-36
1.595278402253768313e+01 2.919321436208405768e-36
1.670423889827801744e+01 2.858175382833466593e-36
1.749109100809837969e+01 2.795021682300981205e-36
1.831500773645654689e+01 2.735196437516306648e-36
1.917773500984897339e+01 2.678421167044970131e-36
2.008110099652861891e+01 2.621165354939764037e-36
2.102701998049760235e+01 2.562666954956875281e-36
2.201749641798408064e+01 2.503129982422811121e-36
2.305462918499922154e+01 2.442573380343966587e-36
2.414061602497507764e+01 2.380552683314428200e-36
2.527775820590814604e+01 2.318340131907188448e-36
2.646846539687739153e+01 2.256313344064575764e-36
2.771526077427032320e+01 2.194260068733666552e-36
2.902078636853754645e+01 2.132493708378660433e-36
3.038780866280584547e+01 2.071398242933124055e-36
3.181922445521355058e+01 2.009286453952427298e-36
3.331806699739087918e+01 1.945923123965324417e-36
3.488751242209297487e+01 1.883252925174641985e-36
3.653088647360619490e+01 1.823851700951416525e-36
3.825167155518978745e+01 1.767450669610783445e-36
4.005351410848680871e+01 1.712652166931691060e-36
4.194023234054174765e+01 1.659106760634539163e-36
4.391582431479885429e+01 1.605936465806713943e-36
4.598447642322637563e+01 1.552187987361049518e-36
4.815057225751969128e+01 1.498134065101084682e-36
5.041870189818190795e+01 1.446035480665636352e-36
5.279367164116600719e+01 1.396347499145524557e-36
5.528051418268983497e+01 1.348331347903762959e-36
5.788449928380617138e+01 1.301018637995710025e-36
6.061114493732668507e+01 1.254524821423411306e-36
6.346622906076314763e+01 1.208706018880340711e-36
6.645580174006383345e+01 1.163564773699074086e-36
6.958619805009047354e+01 1.119537836767324943e-36
7.286405147900279644e+01 1.077351548518664735e-36
7.629630798499799482e+01 1.036866495487829159e-36
7.989024071519192205e+01 9.975991505317226323e-37
8.365346541783233647e+01 9.594224928424322912e-37
8.759395658050311795e+01 9.223036357118587724e-37
9.172006432851833324e+01 8.862302873393477910e-37
9.604053211931325507e+01 8.513546718890526410e-37
1.005645152703290250e+02 8.179896968439605973e-37
1.053016003596519141e+02 7.861503066309178560e-37
1.102618255405186858e+02 7.554701074712062934e-37
1.154557018127351711e+02 7.255003854276603947e-37
1.208942352960838917e+02 6.961374886780389590e-37
1.265889505529190302e+02 6.679131634754542290e-37
1.325519150093707310e+02 6.409201984711437170e-37
1.387957645269087266e+02 6.149365507406327408e-37
1.453337301784528108e+02 5.896915443712638419e-37
1.521796662857703097e+02 5.652844950420653765e-37
1.593480797775733322e+02 5.419286974890908895e-37
1.668541609305273994e+02 5.196358543703966768e-37
1.747138155583132857e+02 4.982535513811582859e-37
1.829436987169524969e+02 4.776317925314076519e-37
1.915612499978201413e+02 4.577760352804518044e-37
2.005847304831326881e+02 4.386540166802492974e-37
2.100332614422218569e+02 4.202400886672815435e-37
2.199268648505938870e+02 4.024870569624768120e-37
2.302865058176364812e+02 3.853242375491422284e-37
2.411341370128803305e+02 3.687123695965911204e-37
2.524927451849567035e+02 3.528078351856346482e-37
2.643863998718277912e+02 3.376250673569177081e-37
2.768403044055089026e+02 3.231313314341856110e-37
2.898808493193655522e+02 3.093120267567900147e-37
3.035356682711571921e+02 2.961096576511524742e-37
3.178336966003326438e+02 2.833641741282110294e-37
3.328052326436633734e+02 2.710303857176223304e-37
3.484820019391458459e+02 2.591670140651359664e-37
3.648972244542229646e+02 2.478773188338409333e-37
3.820856849807901199e+02 2.371735126854566649e-37
4.000838068461500256e+02 2.268615577699212572e-37
4.189297290961189901e+02 2.168856496014362016e-37
4.386633873138384843e+02 2.073061270171874551e-37
4.593265982455512813e+02 1.982152381270842575e-37
4.809631484126696250e+02 1.895475991757532826e-37
5.036188868979091922e+02 1.812122850818839012e-37
5.273418225021080161e+02 1.731808136694968358e-37
5.521822254776110412e+02 1.654568351639676249e-37
5.781927340537994269e+02 1.580497633664220170e-37
6.054284659804983448e+02 1.509590158659051798e-37
6.339471353256288921e+02 1.442765031955979509e-37
6.638091747746078681e+02 1.380047448068936534e-37
6.950778636906503607e+02 1.320534653231926533e-37
7.278194622073477831e+02 1.263099145130407024e-37
7.621033516376653552e+02 1.207829464915417218e-37
7.980021814968984017e+02 1.154845797703012885e-37
8.355920234511352191e+02 1.104106830767978742e-37
8.749525325174519139e+02 1.055694347126785652e-37
9.161671158574325773e+02 1.009760963575181140e-37
9.593231095216976883e+02 9.660085310545806195e-38
1.004511963519971800e+03 9.235628073802128880e-38
1.051829435608865651e+03 8.822083976537739338e-38
1.101375794208019443e+03 8.422158398894544306e-38
1.153256030874592398e+03 8.040352159642165776e-38
1.207580082786367484e+03 7.677307242278797364e-38
1.264463065704878773e+03 7.336784666193221483e-38
1.324025517912287796e+03 7.018534024478897724e-38
1.386393655638853488e+03 6.715968199073698292e-38
1.451699640522335812e+03 6.419632926298628037e-38
1.520081859666015816e+03 6.129732601532952217e-38
1.591685218888876989e+03 5.853481045312445595e-38
1.666661449789266953e+03 5.592161495570642422e-38
1.745169431272827296e+03 5.345533127658366185e-38
1.827375526225920339e+03 5.113785696084518159e-38
1.913453934048093970e+03 4.894724670701176751e-38
2.003587059790505918e+03 4.680771853406775072e-38
2.097965900682651409e+03 4.470143970350963201e-38
2.196790450866345054e+03 4.266260506911915294e-38
2.300270125194736011e+03 4.074283452680550152e-38
2.408624202994280040e+03 3.893453591117108448e-38
2.522082292730164227e+03 3.719623370641995582e-38
2.640884818559691212e+03 3.551573821211445352e-38
2.765283529804806221e+03 3.388835853214841455e-38
2.895542034423215227e+03 3.230932690184851945e-38
3.031936357608713479e+03 3.078756794727062497e-38
3.174755526704257591e+03 2.935218208390942303e-38
3.324302183667392910e+03 2.800621680980210415e-38
3.480893226385827347e+03 2.673567531118194095e-38
3.644860480202065446e+03 2.552217813703916575e-38
3.816551401070275006e+03 2.436296235000223384e-38
3.996329811835192231e+03 2.326503042199926622e-38
4.184576673193524584e+03 2.222759230505340294e-38
4.381690890971309273e+03 2.124333583273588658e-38
4.588090161428159263e+03 2.030323618036680355e-38
4.804211856379364690e+03 1.940528761331277066e-38
5.030513950011771158e+03 1.854950900785509028e-38
5.267475989357094477e+03 1.773439938897028905e-38
5.515600110479493196e+03 1.695703157486425004e-38
5.775412102530414813e+03 1.621318987127281789e-38
6.047462521925858709e+03 1.549806081087548080e-38
6.332327859006696599e+03 1.481160418510122187e-38
6.630611759654659181e+03 1.415317986025663425e-38
6.942946304452248114e+03 1.352285237220095844e-38
7.269993348097620583e+03 1.292178735381684197e-38
7.612445921912293670e+03 1.234912272057575073e-38
7.971029702414122767e+03 1.179910567038623673e-38
8.346504549067072730e+03 1.126963397817011820e-38
8.739666114466848740e+03 1.076153257728229789e-38
9.151347530373952395e+03 1.027706406409558669e-38
9.582421173167493180e+03 9.816843189626923715e-39
1.003380051246030234e+04 9.374200907303366037e-39
1.050644204679324866e+04 8.946929167395257618e-39
1.100134733050998511e+04 8.537555349605743026e-39
1.151956509610784997e+04 8.150184564702960240e-39
1.206219347656160789e+04 7.782326222604516312e-39
1.263038233232998027e+04 7.434374592420520762e-39
1.322533568797529188e+04 7.105630454232085894e-39
1.384831428356032484e+04 6.792530402391458578e-39
1.450063824622817447e+04 6.489865662072822496e-39
1.518368988762695699e+04 6.197760928812393062e-39
1.589891663310706645e+04 5.922510565043009579e-39
1.664783408889774364e+04 5.665062353102107969e-39
1.743202925376330677e+04 5.419811379491249098e-39
1.825316388194367755e+04 5.178045827524596130e-39
1.911297800450661089e+04 4.940594505848817194e-39
2.001329361657236950e+04 4.712956633769288073e-39
2.095601853822552221e+04 4.496354171732352983e-39
2.194315045729409030e+04 4.290150372451131304e-39
2.297678116256422436e+04 4.093732924915687044e-39
2.405910097639948435e+04 3.906743725824584870e-39
2.519240339615911944e+04 3.727467481665734856e-39
2.637908995424926252e+04 3.555235454593906506e-39
2.762167530710735082e+04 3.390886275228221124e-39
2.892279256390199589e+04 3.236071320887302483e-39
3.028519886624178980e+04 3.090446747860132496e-39
3.171178123071501250e+04 2.953060760666914952e-39
3.320556266664279246e+04 2.823276651082968701e-39
3.476970858200760267e+04 2.700181020114623524e-39
3.640753349113367585e+04 2.582460745852412734e-39
3.812250803833118698e+04 2.469527308380105836e-39
3.991826635238987365e+04 2.361816246781483375e-39
4.179861374750443792e+04 2.259286623062481725e-39
4.376753478695278318e+04 2.161247035648267056e-39
4.582920172661198740e+04 2.066650225512299759e-39
4.798798335620696162e+04 1.975360730542981647e-39
5.024845425702408829e+04 1.887735460849146026e-39
5.261540449571039790e+04 1.803785550739286125e-39
5.509384977469693695e+04 1.723391499822568163e-39
5.768904206075890397e+04 1.646489156663040196e-39
6.040648071423159126e+04 1.573065028223053112e-39
6.325192414246925910e+04 1.502815552790204373e-39
6.623140200223760621e+04 1.435555533678110057e-39
6.935122797690037987e+04 1.371471597408785134e-39
7.261801315547463309e+04 1.310969524521626076e-39
7.603868004190411011e+04 1.253716767602992743e-39
7.962047722424067615e+04 1.198493801893633452e-39
8.337099473481427412e+04 1.144918987766625021e-39
8.729818013394520676e+04 1.093613264980354989e-39
9.141035535127595358e+04 1.045705744231157793e-39
9.571623432041575143e+04 1.000897895991873434e-39
1.002249414442609122e+05 9.578213115064409571e-40
1.049460309301261004e+05 9.160343764759659852e-40
1.098895070356524375e+05 8.757039925883189974e-40
1.150658452684011281e+05 8.371366543138329121e-40
1.204860145840492769e+05 8.003316973537797051e-40
1.261615006302337133e+05 7.651973759357502716e-40
1.321043300852910033e+05 7.316496417663262674e-40
1.383270961434760538e+05 6.994587553500041226e-40
1.448429852006563742e+05 6.682715229586644565e-40
1.516658047970384359e+05 6.381376845318331653e-40
1.588100128761297965e+05 6.093935322908842234e-40
1.662907484219478210e+05 5.820898532628881298e-40
1.741238635393868026e+05 5.562395190739649055e-40
1.823259570457342197e+05 5.318924291297036315e-40
1.909144096445077448e+05 5.088426166039473254e-40
1.999074207561590883e+05 4.868277637751552696e-40
2.093240470836801978e+05 4.657415760194694814e-40
2.191842429948458157e+05 4.456135615676797056e-40
2.295089028066525061e+05 4.265405411574744601e-40
2.403199050615706656e+05 4.084851436552266510e-40
2.516401588894188171e+05 3.912938799310972148e-40
2.634936525531191146e+05 3.748889324016610028e-40
2.759055042811899330e+05 3.591942299598671056e-40
2.889020154947047122e+05 3.440777950334879904e-40
3.025107265415039146e+05 3.295491932022197926e-40
3.167604750557570951e+05 3.156908981193128912e-40
3.316814570665580686e+05 3.025043520371557913e-40
3.473052909850259894e+05 2.898851647847344082e-40
3.636650846055254806e+05 2.776625876068448845e-40
3.807955052629641141e+05 2.658255536614102005e-40
3.987328532948560896e+05 2.545193174570942773e-40
4.175151389638000401e+05 2.437715756432191044e-40
4.371821630033976398e+05 2.335480477568335028e-40
4.577756009582694969e+05 2.237843746817441249e-40
4.793390914969158475e+05 2.144630995768415770e-40
5.019183288845346542e+05 2.056078708604268991e-40
5.255611598117807880e+05 1.972083328406890514e-40
5.503176847846220480e+05 1.892356330152715559e-40
5.762403642901746789e+05 1.816577194287581815e-40
6.033841299634559546e+05 1.744468166988941580e-40
6.318065009906579508e+05 1.675956511328266936e-40
6.615677059955717996e+05 1.610890635180176199e-40
6.927308106674827868e+05 1.549025551831253883e-40
7.253618514009492937e+05 1.489769172370514801e-40
7.595299752306971932e+05 1.433058002527156485e-40
7.953075863581143785e+05 1.378368590972817811e-40
8.327704995798922610e+05 1.325483093799002725e-40
8.719981009438867914e+05 1.274787822733689931e-40
9.130735159726907732e+05 1.227071178788101025e-40
9.560837858113396214e+05 1.181990762104794523e-40
1.001120051672471454e+06 1.139185123007731017e-40
1.048277747969735297e+06 1.098667742760813087e-40
1.097656804548767628e+06 1.060892543445132533e-40
1.149361858444215031e+06 1.023063466125406387e-40
1.203502475611579139e+06 9.874933541682049981e-41
1.260193383103727130e+06 9.531957280312660008e-41
1.319554712184037780e+06 9.206980089938610292e-41
1.381712252891412703e+06 8.896993840443322945e-41
1.446797720596517669e+06 8.616191551096090252e-41
1.514949035114178201e+06 8.349717335846102186e-41
1.586310612963305321e+06 8.081074125244520174e-41
1.661033673393751495e+06 7.821758000997656260e-41
1.739276558828492416e+06 7.582807283358258441e-41
1.821205070400271332e+06 7.363261870557401931e-41
1.906992819293618668e+06 7.164378212895475647e-41
1.996821594636874972e+06 6.986376518898567667e-41
2.090881748723680852e+06 6.808919815291239164e-41
2.189372600380367599e+06 6.649787832763264106e-41
2.292502857333872467e+06 6.484175894709675199e-41
2.400491058475342114e+06 6.340165338603418895e-41
2.513566036956457421e+06 6.202841785177891306e-41
2.631967405099960044e+06 6.088687668230552647e-41
2.755946062151779886e+06 5.976696518270709217e-41
2.885764725950873457e+06 5.880408041979622707e-41
3.021698489643252920e+06 5.785942805615150862e-41
3.164035404620082583e+06 5.708409312412391533e-41
3.313077090914944187e+06 5.640261455880692651e-41
3.469139376353925094e+06 5.533673846655797426e-41
3.632552965812724549e+06 5.484570841096949842e-41
3.803664141999187879e+06 5.447479053654990258e-41
3.982835499246034771e+06 5.422207277642524293e-41
4.170446711868976243e+06 5.412874076066275914e-41
4.366895338718159124e+06 5.425428426848250468e-41
4.572597665628089570e+06 5.457819209004299227e-41
4.787989587550969794e+06 5.511161793844829782e-41
5.013527532243012451e+06 5.587200447602498044e-41
5.249689427460797131e+06 5.685401207613968856e-41
5.496975713717449456e+06 5.803344263916892532e-41
5.755910404744638130e+06 5.943541181533949912e-41
6.027042197907454334e+06 6.109380463042719459e-41
6.310945636925487779e+06 6.305406864281548952e-41
6.608222329363610595e+06 6.579041930389109783e-41
6.919502221472787671e+06 6.988136507918220325e-41
7.245444933081976138e+06 7.563278209843319579e-41
7.586741155370238237e+06 8.352549137729744111e-41
7.944114114480593242e+06 9.430310758964901854e-41
8.318321104077544063e+06 1.091546832345435739e-40
8.710155090095384046e+06 1.300996611115944482e-40
9.120446391078321263e+06 1.609869561154630674e-40
9.550064437672656029e+06 2.108220504176830087e-40
9.999919615000007674e+06 1.595300516988314241e-40
