1.056583745000000130e-01 4.883832933514370260e-36
1.106348093599981430e-01 5.747687612429360549e-36
1.158456307892862108e-01 6.658910747473293083e-36
1.213018782298359854e-01 7.576247952577235939e-36
1.270151110735440458e-01 8.475775769055505962e-36
1.329974331515059727e-01 9.274638395475911879e-36
1.392615183767185461e-01 9.837401373171931630e-36
1.458206375945347577e-01 1.027192114706503468e-35
1.526886866977565649e-01 1.066067080142112864e-35
1.598802160659283655e-01 1.105689495633273581e-35
1.674104613912009154e-01 1.143421576163667146e-35
1.752953759560709757e-01 1.171120166741691302e-35
1.835516644313803236e-01 1.196483354985018154e-35
1.921968182661764335e-01 1.223058195552751376e-35
2.012491527444105754e-01 1.248803217659755912e-35
2.107278457869803112e-01 1.274758201332089575e-35
2.206529785813206024e-01 1.303657234091125597e-35
2.310455781246204821e-01 1.331856801891617934e-35
2.419276617707945554e-01 1.356560425826159549e-35
2.533222838755858630e-01 1.374530991773103721e-35
2.652535846386200880e-01 1.388952763450483059e-35
2.777468412458859448e-01 1.406169058676526547e-35
2.908285214209902492e-01 1.421378239583450757e-35
3.045263394986393868e-01 1.431373314109241988e-35
3.188693151391425729e-01 1.437895428160015286e-35
3.338878348083256231e-01 1.441422443914786647e-35
3.496137161531067683e-01 1.442436288316531202e-35
3.660802754091155298e-01 1.442251543035703832e-35
3.833223979831632544e-01 1.441675527493194745e-35
4.013766123600983615e-01 1.441604028959275159e-35
4.202811674906218320e-01 1.442575994951007304e-35
4.400761138240149029e-01 1.444349735571342563e-35
4.608033881574501445e-01 1.442380408449073275e-35
4.825069024816458496e-01 1.435037023896076616e-35
5.052326370110881149e-01 1.431563433495965236e-35
5.290287375959096261e-01 1.430114146021293376e-35
5.539456177218016197e-01 1.424169898351679547e-35
5.800360653140459455e-01 1.416478063954783989e-35
6.073553545719454494e-01 1.408557954478073792e-35
6.359613630705748255e-01 1.399781036116747764e-35
6.659146943779414851e-01 1.388994090276168313e-35
6.972788064473297576e-01 1.373490765530147562e-35
7.301201460568311763e-01 1.356981527399178092e-35
7.645082895808842371e-01 1.340781180727123029e-35
8.005160903920528481e-01 1.322132602605251432e-35
8.382198332053254486e-01 1.301227213051606126e-35
8.776993956919202367e-01 1.279411366480021388e-35
9.190384177049890635e-01 1.258381396929525515e-35
9.623244784757294390e-01 1.238425936244827298e-35
1.007649282155310466e+00 1.215686995396507829e-35
1.055108852095691940e+00 1.190686479208168961e-35
1.104803734280933147e+00 1.165148679136939937e-35
1.156839210339972501e+00 1.139589802336955145e-35
1.211325520592157590e+00 1.113883191685586355e-35
1.268378097598064524e+00 1.088027031264483557e-35
1.328117810710394586e+00 1.061825507004936259e-35
1.390671222143045505e+00 1.035295459300226021e-35
1.456170855100855865e+00 1.008549920838835859e-35
1.524755474538070477e+00 9.816567728103636129e-36
1.596570381140331119e+00 9.548930736064289953e-36
1.671767719153015141e+00 9.286858465455655393e-36
1.750506798708064027e+00 9.028719967015667117e-36
1.832954433332185218e+00 8.775703040563035928e-36
1.919285293351448596e+00 8.524203043936918549e-36
2.009682275940991580e+00 8.273787622831321055e-36
2.104336892603801967e+00 8.024802002832930332e-36
2.203449674899479849e+00 7.777962592927895739e-36
2.307230599282537931e+00 7.534525067108372220e-36
2.415899531950284285e+00 7.295739655856408137e-36
2.529686694642727662e+00 7.061390753870507033e-36
2.648833152381327327e+00 6.832602844581714770e-36
2.773591324179902617e+00 6.608151698419685548e-36
2.904225517809648771e+00 6.387076576557493440e-36
3.041012489751225623e+00 6.165123460721096392e-36
3.184242031520181371e+00 5.943826352108949685e-36
3.334217583607899105e+00 5.731528837377160747e-36
3.491256878338721226e+00 5.530355905900929214e-36
3.655692613005196545e+00 5.336580601835001132e-36
3.827873154707518211e+00 5.144104546976965533e-36
4.008163278390402873e+00 4.952877619826364073e-36
4.196944939640985694e+00 4.763587568718618192e-36
4.394618083884958004e+00 4.575943161524251410e-36
4.601601493695254952e+00 4.394382006815730038e-36
4.818333676008400346e+00 4.224259421038203995e-36
5.045273791128107810e+00 4.064701082041786466e-36
5.282902625484299008e+00 3.907888067082264505e-36
5.531723610208380215e+00 3.752241422747688888e-36
5.792263887682701728e+00 3.600672682505072871e-36
6.065075428323737583e+00 3.456637640534110440e-36
6.350736199964970297e+00 3.319303910412826649e-36
6.649851392316882048e+00 3.187773933583997388e-36
6.963054699098139899e+00 3.061314375681366672e-36
7.291009660554278682e+00 2.939281020057273057e-36
7.634411069208029588e+00 2.820481809566735607e-36
7.993986441819525446e+00 2.704919408460875576e-36
8.370497560674786897e+00 2.593631079588808055e-36
8.764742087467798370e+00 2.486748246443035824e-36
9.177555253195306406e+00 2.383503928265725355e-36
9.609811627644454290e+00 2.283225546475216447e-36
1.006242697222204363e+01 2.186728808545404482e-36
1.053636018005074604e+01 2.095388487114850273e-36
1.103261530744246599e+01 2.009010004540568832e-36
1.155224370105272236e+01 1.926378828701453486e-36
1.209634622522237635e+01 1.845991520760849038e-36
1.266607559422571683e+01 1.767698186169660571e-36
1.326263881436570102e+01 1.692751520969832955e-36
1.388729974109019771e+01 1.621248396847325228e-36
1.454138175654657239e+01 1.552961521440588410e-36
1.522627057324722344e+01 1.487627813533362872e-36
1.594341716978578205e+01 1.424951846100471732e-36
1.669434086482345947e+01 1.364270059446787910e-36
1.748063253585800680e+01 1.305373520472024549e-36
1.830395798959439091e+01 1.248751420744530690e-36
1.916606149105758305e+01 1.194772214185992410e-36
2.006876945892402730e+01 1.143316835710397854e-36
2.101399433490066571e+01 1.093796539155078449e-36
2.200373863534892749e+01 1.046089325756015966e-36
2.304009919373740090e+01 1.000431589381549663e-36
2.412527160291095996e+01 9.569568865629980535e-37
2.526155486658779381e+01 9.154290844603891997e-37
2.645135626993839395e+01 8.753408991432284966e-37
2.769719647956561559e+01 8.365586663876011720e-37
2.900171488369010930e+01 7.993380229591948932e-37
3.036767518385469700e+01 7.638427938151242197e-37
3.179797124999411295e+01 7.300627043638896426e-37
3.329563325127437423e+01 6.979539259514648531e-37
3.486383407569037729e+01 6.674343889512509608e-37
3.650589605202199550e+01 6.382583013167108494e-37
3.822529798838957760e+01 6.102366183977759356e-37
4.002568254232040346e+01 5.833535218039646556e-37
4.191086393794013532e+01 5.577406988693073097e-37
4.388483604663847615e+01 5.333287297681487980e-37
4.595178084832851795e+01 5.100014358440792584e-37
4.811607729122540178e+01 4.876443834073502058e-37
5.038231056891432758e+01 4.661932291373177928e-37
5.275528183436189522e+01 4.456090738920065005e-37
5.524001837145053884e+01 4.258609013327565823e-37
5.784178424558504616e+01 4.068869164445061944e-37
6.056609145593514398e+01 3.886584420487140715e-37
6.341871161294072579e+01 3.712104781868350017e-37
6.640568816581971134e+01 3.546295623585586716e-37
6.953334920598223334e+01 3.388664169122246301e-37
7.280832087347721426e+01 3.238497252466661659e-37
7.623754139487280668e+01 3.095240266541644838e-37
7.982827578231122345e+01 2.958557012158451806e-37
8.358813122487852354e+01 2.827984957515227518e-37
8.752507320489719689e+01 2.703255170881142758e-37
9.164744237328469012e+01 2.584757926051929567e-37
9.596397221972942759e+01 2.472254438124573953e-37
1.004838075751195845e+02 2.364598378784151430e-37
1.052165239854233505e+02 2.260066533444827206e-37
1.101721479980650571e+02 2.158509783551151991e-37
1.153611784037755399e+02 2.060572841422097068e-37
1.207946084789184624e+02 1.966593803473363829e-37
1.264839492754145880e+02 1.876738639265266770e-37
1.324412540076051243e+02 1.791236722765371571e-37
1.386791435877189542e+02 1.709878220837036863e-37
1.452108333640424576e+02 1.632005609483881621e-37
1.520501611184383250e+02 1.557357740297009259e-37
1.592116163825274953e+02 1.486161928298542797e-37
1.667103711346427133e+02 1.418917266707838267e-37
1.745623119425875132e+02 1.355394018233310135e-37
1.827840736202949472e+02 1.295605731213874693e-37
1.913930744696928627e+02 1.239293960513648717e-37
2.004075531824351231e+02 1.185691103713086906e-37
2.098466074796787382e+02 1.133612796388470971e-37
2.197302345717671130e+02 1.083038991697966080e-37
2.300793735235357644e+02 1.034517685628086345e-37
2.409159496149941617e+02 9.882257400644310796e-38
2.522629207913641949e+02 9.441621998148470375e-38
2.641443263008829376e+02 9.023603594681282130e-38
2.765853376234112488e+02 8.626459924989010581e-38
2.896123117977442121e+02 8.241962824338357435e-38
3.032528472605999355e+02 7.867948173376178399e-38
3.175358423155857963e+02 7.508480196599920842e-38
3.324915563560109604e+02 7.170200772944686442e-38
3.481516739712511139e+02 6.851792536023960228e-38
3.645493720724767854e+02 6.549781485088097540e-38
3.817193901799568039e+02 6.261853128777824922e-38
3.996981040208438003e+02 5.985737379668854040e-38
4.185236025933633641e+02 5.718982918312854085e-38
4.382357688606725219e+02 5.461539796311913013e-38
4.588763642453411649e+02 5.215923110841439638e-38
4.804891171034661852e+02 4.982415446801850775e-38
5.031198153658497176e+02 4.759923114007708766e-38
5.268164035425156726e+02 4.547078019631808002e-38
5.516290842960684131e+02 4.343441818822099099e-38
5.776104247990856493e+02 4.148419961112283939e-38
6.048154681008685429e+02 3.961753136536908747e-38
6.333018497394888300e+02 3.783273997436372570e-38
6.631299198461787228e+02 3.612762631012252009e-38
6.943628710007536711e+02 3.449911937612518005e-38
7.270668721089341489e+02 3.294936465213121355e-38
7.613112085851943220e+02 3.147680022046554823e-38
7.971684291381252478e+02 3.007824304136926393e-38
8.347144994692840783e+02 2.875016691644847383e-38
8.740289632111509945e+02 2.748663125651337050e-38
9.151951104451500214e+02 2.626492854093690022e-38
9.583001541567498407e+02 2.507854080680433362e-38
1.003435415001475803e+03 2.394417190867854684e-38
1.050696514773269428e+03 2.288309462421078193e-38
1.100183578985071563e+03 2.188692565699222781e-38
1.152001448990811923e+03 2.092323194757279005e-38
1.206259904098184734e+03 1.998592434978015713e-38
1.263073894142790550e+03 1.908099137675141173e-38
1.322563783016348680e+03 1.821467520381327549e-38
1.384855603664919727e+03 1.738663878961435880e-38
1.450081325097364015e+03 1.660368325740970160e-38
1.518379131969708169e+03 1.586528911946922006e-38
1.589893717337740554e+03 1.516168574249247423e-38
1.664776589198045031e+03 1.448286981029486872e-38
1.743186391466902933e+03 1.382930436393243626e-38
1.825289240077074055e+03 1.320600650500063844e-38
1.911259074904497766e+03 1.261069196100606096e-38
2.001278028270494588e+03 1.204472467803130513e-38
2.095536810800161675e+03 1.151019230762120242e-38
2.194235115454424886e+03 1.100378048107887419e-38
2.297582040591717032e+03 1.051540916095885040e-38
2.405796532955559542e+03 1.004519884907469828e-38
2.519107851526551713e+03 9.594287104893446993e-39
2.637756053221456114e+03 9.162775140457420903e-39
2.761992501468370847e+03 8.750683249121329822e-39
2.892080398735432027e+03 8.360739945319841149e-39
3.028295344141243731e+03 7.991997018738398955e-39
3.170925917328365358e+03 7.641225383564060536e-39
3.320274289836826028e+03 7.305825588538268126e-39
3.476656865272903360e+03 6.985517938634696351e-39
3.640404949629396469e+03 6.681485339392886120e-39
3.811865453177513245e+03 6.392149504663856290e-39
3.991401625417368905e+03 6.114324561030624915e-39
4.179393824644134838e+03 5.845904946357038690e-39
4.376240323760208412e+03 5.587274613250820400e-39
4.582358154040569389e+03 5.339960059064512567e-39
4.798183988638887968e+03 5.103923540179362266e-39
5.024175067706146365e+03 4.878011144056603584e-39
5.260810167081683176e+03 4.661284250128393785e-39
5.508590612608961237e+03 4.453199269677957672e-39
5.768041342224772961e+03 4.252556099109163511e-39
6.039712018072221326e+03 4.059333150972837841e-39
6.324178190993368844e+03 3.875773971778487199e-39
6.622042519868685304e+03 3.702952773317822805e-39
6.933936048386525727e+03 3.540025625765397172e-39
7.260519541947544894e+03 3.385088187090016493e-39
7.602484887536365022e+03 3.237714152120007729e-39
7.960556559526217825e+03 3.096271976171574759e-39
8.335493154521942415e+03 2.959748783034790760e-39
8.728088998493012696e+03 2.828867763675561119e-39
9.139175829601386795e+03 2.706322450043471933e-39
9.569624560289372312e+03 2.591522316807243498e-39
1.002034712236057203e+04 2.481777456339521257e-39
1.049229839896285557e+04 2.375642813595905053e-39
1.098647824756635055e+04 2.273408714317979499e-39
1.150393361822227962e+04 2.175468119801110412e-39
1.204576077159028682e+04 2.081686935893790905e-39
1.261310760143329207e+04 1.991894612407314835e-39
1.320717606650020571e+04 1.905923656436720815e-39
1.382922473694861219e+04 1.823768341791635043e-39
1.448057146070215276e+04 1.745726819767579615e-39
1.516259615539147308e+04 1.671745508949980494e-39
1.587674373179360555e+04 1.601266665653354551e-39
1.662452715496329256e+04 1.533935473950294409e-39
1.740753064954142246e+04 1.469888663490872400e-39
1.822741305603125511e+04 1.409115635581457040e-39
1.908591134515285739e+04 1.351358956193721507e-39
1.998484429772115982e+04 1.296290232651303005e-39
2.092611635784370810e+04 1.243703989482760467e-39
2.191172166760124674e+04 1.193376950871118812e-39
2.294374829175896957e+04 1.144904814735993572e-39
2.402438264145864377e+04 1.098090428729443632e-39
2.515591410626353900e+04 1.053253812369778420e-39
2.634073990436938402e+04 1.010472071160794042e-39
2.758137016125685477e+04 9.697947905216169477e-40
2.888043322754499968e+04 9.308958406451533055e-40
3.024068124731179705e+04 8.938185910048760668e-40
3.166499598867869645e+04 8.583745403559558152e-40
3.315639494901157741e+04 8.244378590324100998e-40
3.471803774767234427e+04 7.920308660894820924e-40
3.635323281986463553e+04 7.613022403553697274e-40
3.806544442575484572e+04 7.322953869434320399e-40
3.985829998971819441e+04 7.047208326626654214e-40
4.173559778525731963e+04 6.782942985644963275e-40
4.370131498187589750e+04 6.526964791495848437e-40
4.575961607095394720e+04 6.286079091055892503e-40
4.791486168847597582e+04 6.058170538296751832e-40
5.017161785330341081e+04 5.844010434464438296e-40
5.253466564056313655e+04 5.635168576164721866e-40
5.500901131064577203e+04 5.443877821262913332e-40
5.759989691527268587e+04 5.254952047565758704e-40
6.031281140310121555e+04 5.076109938224159831e-40
6.315350224839607836e+04 4.899192462246001109e-40
6.612798762740301026e+04 4.740152227093868899e-40
6.924256916822100175e+04 4.589005270787983967e-40
7.250384530118448311e+04 4.447311534194237357e-40
7.591872523803914373e+04 4.307834078604359735e-40
7.949444360952705028e+04 4.173709014088447603e-40
8.323857579239160987e+04 4.051037609296449678e-40
8.715905395827381290e+04 3.933287399614599540e-40
9.126418387849998544e+04 3.825133787995870299e-40
9.556266252036333026e+04 3.718438558851444019e-40
1.000635964721777564e+05 3.624525017452302289e-40
1.047765212361389131e+05 3.532229959982819629e-40
1.097114214298652223e+05 3.448332047732094998e-40
1.148787519394172850e+05 3.369563330743224890e-40
1.202894600686095946e+05 3.300158391968843996e-40
1.259550087315391283e+05 3.231009134629105635e-40
1.318874007374657376e+05 3.162092552864571821e-40
1.380992042194932874e+05 3.088815905567560801e-40
1.446035792609235214e+05 3.033597233362500572e-40
1.514143057756927155e+05 2.984776874869970231e-40
1.585458127019569802e+05 2.942106695767148100e-40
1.660132085706749349e+05 2.903590598735868997e-40
1.738323135139489605e+05 2.871595849064156346e-40
1.820196927809368644e+05 2.843141791418829888e-40
1.905926918323391292e+05 2.816838909255578044e-40
1.995694730878120172e+05 2.792838342876185807e-40
2.089690544041576504e+05 2.776162321117187054e-40
2.188113493658096995e+05 2.768811132276362801e-40
2.291172094729727833e+05 2.770515010244376500e-40
2.399084683167930634e+05 2.780998092257785453e-40
2.512079878351483785e+05 2.799894366774517767e-40
2.630397067470531329e+05 2.812991103500846792e-40
2.754286912682916736e+05 2.802902231584889759e-40
2.884011882157171494e+05 2.766745113793391518e-40
3.019846806127309101e+05 2.701027479661725328e-40
3.162079459137374070e+05 2.600967216486978058e-40
3.311011169709310634e+05 2.459613397201496938e-40
3.466957458725753822e+05 2.268189695800366612e-40
3.630248707880201400e+05 2.022087087226601208e-40
3.801230859610713087e+05 1.678578626600382288e-40
3.980266149999999325e+05 1.157181195764654971e-40
