1.056583745000000130e-01 7.785239470516446999e-36
1.106428053059233252e-01 9.085980606336590997e-36
1.158623764930668126e-01 1.034040176242517807e-35
1.213281808022134284e-01 1.146895919588301209e-35
1.270518342738763407e-01 1.257321573879011126e-35
1.330455009349489071e-01 1.355170245807487286e-35
1.393219186499465856e-01 1.416369892890375974e-35
1.458944261917802521e-01 1.444356371356875582e-35
1.527769915895927089e-01 1.445884314477609809e-35
1.599842418139035827e-01 1.441097022111843749e-35
1.675314938621499383e-01 1.431952853287052575e-35
1.754347873106863187e-01 1.413708231052522426e-35
1.837109184024246777e-01 1.391192135900721226e-35
1.923774757425577853e-01 1.366103476093516331e-35
2.014528776782270603e-01 1.340712954037556645e-35
2.109564114415753977e-01 1.313730490392075547e-35
2.209082741393724458e-01 1.282885250289630489e-35
2.313296156763240685e-01 1.254360576826929537e-35
2.422425837032878282e-01 1.229569131705990277e-35
2.536703706859195218e-01 1.201083729819354037e-35
2.656372631937811146e-01 1.170870067971096232e-35
2.781686935146615025e-01 1.142017971149287152e-35
2.912912937038014127e-01 1.114112383609310421e-35
3.050329521828885060e-01 1.086125763091199914e-35
3.194228730091085988e-01 1.057900839720535818e-35
3.344916379402133599e-01 1.029654456260227201e-35
3.502712714275044159e-01 1.001789070910817423e-35
3.667953086748612646e-01 9.739394923142561295e-36
3.840988669084504648e-01 9.462847438276162883e-36
4.022187200085822201e-01 9.206392473640860791e-36
4.211933766623226494e-01 8.957694138463492560e-36
4.410631622029522747e-01 8.686938880239228809e-36
4.618703043102004302e-01 8.411406357752700733e-36
4.836590227533839048e-01 8.137686923212989976e-36
5.064756233681768638e-01 7.878330928674926254e-36
5.303685964667318453e-01 7.634622178300206320e-36
5.553887198902951461e-01 7.406455544661513061e-36
5.815891669233270722e-01 7.187602447973735713e-36
6.090256192984666583e-01 6.971920040710799466e-36
6.377563855325031339e-01 6.743846407850826699e-36
6.678425248448442986e-01 6.514415872140379077e-36
6.993479769218327036e-01 6.297917718180084868e-36
7.323396978026920356e-01 6.089366758199708307e-36
7.668878021758888108e-01 5.884548181877523755e-36
8.030657123883190307e-01 5.683584594452032141e-36
8.409503144840011490e-01 5.483088080472461832e-36
8.806221216038896404e-01 5.278764925292418817e-36
9.221654450940683923e-01 5.082412191948148786e-36
9.656685736859705882e-01 4.898553552838437646e-36
1.011223961129418036e+00 4.726584881520675474e-36
1.058928422677246184e+00 4.561175964530537024e-36
1.108883340839083020e+00 4.393426580426045540e-36
1.161194880841560195e+00 4.226284027973828155e-36
1.215974216252849960e+00 4.061113092450801889e-36
1.273337765251032927e+00 3.899882366967863847e-36
1.333407438038425319e+00 3.745244033014325176e-36
1.396310895927662887e+00 3.597702692803011941e-36
1.462181822650165053e+00 3.456315078246043273e-36
1.531160208463572925e+00 3.319834104596121851e-36
1.603392647661941783e+00 3.188630713503492146e-36
1.679032650120972470e+00 3.062340286543332458e-36
1.758240967540373845e+00 2.939775694371835609e-36
1.841185935076710578e+00 2.822369446767535163e-36
1.928043829092760619e+00 2.710613304927331229e-36
2.018999241783689946e+00 2.603852598165988272e-36
2.114245473476212833e+00 2.500375353943946402e-36
2.213984943434449182e+00 2.399825914581076253e-36
2.318429620045530104e+00 2.302159645507780971e-36
2.427801471299213087e+00 2.207244765822332475e-36
2.542332936518847397e+00 2.114947913927566060e-36
2.662267420346231539e+00 2.026727434772885036e-36
2.787859810030209218e+00 1.942214320159361688e-36
2.919377017118323092e+00 1.861547720555070531e-36
3.057098544702766318e+00 1.784337191835097831e-36
3.201317081426135136e+00 1.710445114077655958e-36
3.352339123509404661e+00 1.638349763476753757e-36
3.510485626124039804e+00 1.567849990962468237e-36
3.676092685492566403e+00 1.500584713580301557e-36
3.849512253167236775e+00 1.437958104536405963e-36
4.031112884004749652e+00 1.379299965191536294e-36
4.221280519426658273e+00 1.322233876798464185e-36
4.420419307630087502e+00 1.266175717471356030e-36
4.628952462491841224e+00 1.211909629133263249e-36
4.847323162991297174e+00 1.159771252041701354e-36
5.075995495063557961e+00 1.109628277835123721e-36
5.315455437884492262e+00 1.061909522272051960e-36
5.566211896683732618e+00 1.016564504716727808e-36
5.828797784280622452e+00 9.731258310850328955e-37
6.103771153641571523e+00 9.312665805910645454e-37
6.391716383865769124e+00 8.911003504378992339e-37
6.693245422119760590e+00 8.527474883022594290e-37
7.008999084160233650e+00 8.160003526421607167e-37
7.339648416208937043e+00 7.805353788587678838e-37
7.685896121073996667e+00 7.460596870216693468e-37
8.048478051548494605e+00 7.128041261064193277e-37
8.428164774260059389e+00 6.814941394811697276e-37
8.825763207295004520e+00 6.520643184242374472e-37
9.242118335077378788e+00 6.236720853222873602e-37
9.678115004147359812e+00 5.958784012010348529e-37
1.013467980365542687e+01 5.689608787388415697e-37
1.061278303456883343e+01 5.436813466749914557e-37
1.111344077177531275e+01 5.199106689561859139e-37
1.163771702346647174e+01 4.973811036765888167e-37
1.218672599239002885e+01 4.758946727034726595e-37
1.276163444377657719e+01 4.553240050234829820e-37
1.336366418497320652e+01 4.355635971459708693e-37
1.399409466205380603e+01 4.165869753203374383e-37
1.465426567892429155e+01 3.984559007537037289e-37
1.534558024470170245e+01 3.811733019138374502e-37
1.606950755541817699e+01 3.646564302316996994e-37
1.682758611638679369e+01 3.486901479034606873e-37
1.762142701186493809e+01 3.332244114790572394e-37
1.845271732896394212e+01 3.183798865436980022e-37
1.932322374308147417e+01 3.041700758361647488e-37
2.023479627247679957e+01 2.906059945036041718e-37
2.118937220996782145e+01 2.777100210835285530e-37
2.218898024010591996e+01 2.654469149493070902e-37
2.323574475057836608e+01 2.537483310540696799e-37
2.433189034700104258e+01 2.425741813937320816e-37
2.547974658069638920e+01 2.318167135418235870e-37
2.668175289950400497e+01 2.213525825038630631e-37
2.794046383214589113e+01 2.111863654688337789e-37
2.925855441716367622e+01 2.015968181418264390e-37
3.063882588796596096e+01 1.926273641931455145e-37
3.208421162606755672e+01 1.841359313701194253e-37
3.359778339517267653e+01 1.758917784157154629e-37
3.518275786935065241e+01 1.679065996264759492e-37
3.684250346917843189e+01 1.603487865780238866e-37
3.858054752037769219e+01 1.532392848903626686e-37
4.040058375016047876e+01 1.464871863685054727e-37
4.230648013721481249e+01 1.399827732440629304e-37
4.430228713201307755e+01 1.337147729509034055e-37
4.639224626491333225e+01 1.277178924465316512e-37
4.858079916034721890e+01 1.219886181200974763e-37
5.087259697625254518e+01 1.165255110765241498e-37
5.327251028881020289e+01 1.113330437395293208e-37
5.578563944349363624e+01 1.063945018524204059e-37
5.841732539442863725e+01 1.016772188085055863e-37
6.117316105509973312e+01 9.716710748207052937e-38
6.405900318452550835e+01 9.286068976452931103e-38
6.708098483416451074e+01 8.875486989930778332e-38
7.024552838200304450e+01 8.483348526165481845e-38
7.355935918152584918e+01 8.106784921578121695e-38
7.702951985457664819e+01 7.744827015424438349e-38
8.066338525848394170e+01 7.396774461343793931e-38
8.446867815926063372e+01 7.061899659460504117e-38
8.845348564418590342e+01 6.740391769923238449e-38
9.262627630865115691e+01 6.434989381996254286e-38
9.699591825379393129e+01 6.145329948960288959e-38
1.015716979331701850e+02 5.869570461096946445e-38
1.063633398885177854e+02 5.606160738341557509e-38
1.113810274165539909e+02 5.354509747705438456e-38
1.166354242107281891e+02 5.114445825742831423e-38
1.221376970239246873e+02 4.885460593626845077e-38
1.278995394002767370e+02 4.667044577668032168e-38
1.339331965265288318e+02 4.458567316977695763e-38
1.402514912557611808e+02 4.259227166649257753e-38
1.468678513587827581e+02 4.067159291245793306e-38
1.537963380611073205e+02 3.882035086608053339e-38
1.610516759261619768e+02 3.705781682976506757e-38
1.686492841482337326e+02 3.539332938597912163e-38
1.766053093216606271e+02 3.381850123876850994e-38
1.849366597559084653e+02 3.232077711774439174e-38
1.936610414094602390e+02 3.089522896221443716e-38
2.027969955188859785e+02 2.952776199412914172e-38
2.123639380030619179e+02 2.821086826120941761e-38
2.223822007262845375e+02 2.694635003514934584e-38
2.328730747079688399e+02 2.574298094765254822e-38
2.438588553707640756e+02 2.459829779143302956e-38
2.553628899232474225e+02 2.349990942439742843e-38
2.674096269778957549e+02 2.244095076171495727e-38
2.800246685097818613e+02 2.142108490208028224e-38
2.932348242664239137e+02 2.044059275284878054e-38
3.070681687444147201e+02 1.949877281728702575e-38
3.215541008539240693e+02 1.860563760567965222e-38
3.367234063978709173e+02 1.776441005186072076e-38
3.526083234985500212e+02 1.696828928488122540e-38
3.692426111107557176e+02 1.620565447039241129e-38
3.866616207670134600e+02 1.547484739950642470e-38
4.049023717073881130e+02 1.477747666340485637e-38
4.240036295535392696e+02 1.411312490609904574e-38
4.440059886942238450e+02 1.348053292842311093e-38
4.649519585573312384e+02 1.287814409790894041e-38
4.868860539518007045e+02 1.230448840301268908e-38
5.098548896714131047e+02 1.175840695476594629e-38
5.339072795615188625e+02 1.123802914259086181e-38
5.590943402592312168e+02 1.073943372827546369e-38
5.854695998275626607e+02 1.025645439277134498e-38
6.130891115143724619e+02 9.789730773052368686e-39
6.420115728778912398e+02 9.351335975130421827e-39
6.722984505319840309e+02 8.942702542692251819e-39
7.040141107762756292e+02 8.555551550993698314e-39
7.372259563887400873e+02 8.176877706548164374e-39
7.720045698714819764e+02 7.807368863658577622e-39
8.084238634541309239e+02 7.454608490784139942e-39
8.465612361736430103e+02 7.121083098780522053e-39
8.864977383643378062e+02 6.806167281761613207e-39
9.283182439077438630e+02 6.509452422034380390e-39
9.721116306083348491e+02 6.229197474757630492e-39
1.017970969078476628e+03 5.958646960584851024e-39
1.065993720534022259e+03 5.696181790925857867e-39
1.116281943920900403e+03 5.444822495547293316e-39
1.168942512812913719e+03 5.207569504637544059e-39
1.224087342541653470e+03 4.983041272920174424e-39
1.281833628041299562e+03 4.765903825076773129e-39
1.342304092913704153e+03 4.554299895669921795e-39
1.405627250243138860e+03 4.350569114579598500e-39
1.471937675714972102e+03 4.157273196831091892e-39
1.541376293618682666e+03 3.973723967971458951e-39
1.614090676343101677e+03 3.798757530942599140e-39
1.690235358000284577e+03 3.632406128385001371e-39
1.769972162844632976e+03 3.472945368743702379e-39
1.853470549185127538e+03 3.318003679285068968e-39
1.940907969521645100e+03 3.168222817822011515e-39
2.032470247670699109e+03 3.027169060057086390e-39
2.128351973682034895e+03 2.894859121984941463e-39
2.228756917385466750e+03 2.769265435238747849e-39
2.333898461446704459e+03 2.648706797257761217e-39
2.444000054852650464e+03 2.532762741626071526e-39
2.559295687789782278e+03 2.420086690731867251e-39
2.680030388924955787e+03 2.310706144475104178e-39
2.806460746145418398e+03 2.207881631646647986e-39
2.938855451864663792e+03 2.113099327895886298e-39
3.077495874053159241e+03 2.024917108054580268e-39
3.222676654207341016e+03 1.939276062620358728e-39
3.374706333527843071e+03 1.855741468291338805e-39
3.533908008637665716e+03 1.775732169718744042e-39
3.700620018233764313e+03 1.700065712689865016e-39
3.875196662131510493e+03 1.628512004164117567e-39
4.058008954229936990e+03 1.560943549880510825e-39
4.249445410998223451e+03 1.497223361765412689e-39
4.449912877158885749e+03 1.435691518398985005e-39
4.659837390322629290e+03 1.374804211938327632e-39
4.879665086412330311e+03 1.315391555703681596e-39
5.109863147800274419e+03 1.259836423144427832e-39
5.350920796173885719e+03 1.207912066240363675e-39
5.603350332239710042e+03 1.158393915023427648e-39
5.867688224475566130e+03 1.110651728334101901e-39
6.144496249244392857e+03 1.064559945284166311e-39
6.434362684693038318e+03 1.019837242391393383e-39
6.737903560973204549e+03 9.765106375586250116e-40
7.055763969441388326e+03 9.353899266816928448e-40
7.388619433620500786e+03 8.962057230152454144e-40
7.737177344836337397e+03 8.593062949710077155e-40
8.102178465580390366e+03 8.248542086232498471e-40
8.484398503793529017e+03 7.906570204453551918e-40
8.884649761416623733e+03 7.596096824591892054e-40
9.303782860711511603e+03 7.290478519639953326e-40
9.742688552020916177e+03 7.002918787702695791e-40
1.020229960680967088e+04 6.729533870350545425e-40
1.068359280000982108e+04 6.470088414503378443e-40
1.118759098588298912e+04 6.224577717457727483e-40
1.171536527181151359e+04 5.998496786865292257e-40
1.226803729463787204e+04 5.782938614125704330e-40
1.284678160439071689e+04 5.573614403849274424e-40
1.345282816046273183e+04 5.368548447337037577e-40
1.408746494554600213e+04 5.174006981177356315e-40
1.475204070287932700e+04 4.997158614273610566e-40
1.544796780262534958e+04 4.819212418724521319e-40
1.617672524346898717e+04 4.641413922162276014e-40
1.693986179581583201e+04 4.477115594824320330e-40
1.773899929327136124e+04 4.323861303653076486e-40
1.857583607939503418e+04 4.174734770688683326e-40
1.945215061705546032e+04 4.029455886502484727e-40
2.036980526805629779e+04 3.890387666099147613e-40
2.133075025106619432e+04 3.760617627728171461e-40
2.233702778626405780e+04 3.635023256700288333e-40
2.339077643550734501e+04 3.513963769169498153e-40
2.449423564724838798e+04 3.375717633883290918e-40
2.564975051585628898e+04 3.263393959236023147e-40
2.685977676546017392e+04 3.157633928507892648e-40
2.812688596890514236e+04 3.060546873001602055e-40
2.945377101291174768e+04 2.965844799294677659e-40
3.084325182105508065e+04 2.869634432765982890e-40
3.229828134672427404e+04 2.770942812263591232e-40
3.382195184880069428e+04 2.670186664341528519e-40
3.541750146339011553e+04 2.569176877676323199e-40
3.708832108557681931e+04 2.470070834718313885e-40
3.883796157582425803e+04 2.376045247474262727e-40
4.067014130633675813e+04 2.286664147583348671e-40
4.258875406342173665e+04 2.201386292799778155e-40
4.459787732264436636e+04 2.119492758639595998e-40
4.670178091436374234e+04 2.006468556163824942e-40
4.890493609806420864e+04 1.816416485179739220e-40
5.121202506476882991e+04 1.571236895758147102e-40
5.362795088772908639e+04 1.296500625217891248e-40
5.615784794253690779e+04 1.012205964997381988e-40
5.880709281880691560e+04 7.273149449748240573e-41
6.158131574661510967e+04 4.447283217676384200e-41
6.448641256198134943e+04 2.004000635699811149e-41
6.752855723682134703e+04 9.921759540728005493e-42
7.071421499999996740e+04 5.402792166129452767e-42
