1.056583745000000130e-01 3.875834518489583635e-36
1.106328854896770075e-01 4.487312497442266702e-36
1.158416018578062312e-01 5.074323870851008566e-36
1.212955502478928471e-01 5.601675731507980801e-36
1.270062764497904839e-01 6.107522602969160225e-36
1.329858698416748197e-01 6.526887053415507564e-36
1.392469889827720186e-01 6.716809247080320924e-36
1.458028884110206536e-01 6.728776557290861814e-36
1.526674467023965420e-01 6.615094011400464134e-36
1.598551958513010074e-01 6.447140667368832757e-36
1.673813520342097572e-01 6.247373855611164086e-36
1.752618478217080888e-01 6.020156470244130179e-36
1.835133659071030987e-01 5.791344448974232243e-36
1.921533744230158602e-01 5.567869413331919960e-36
2.012001639207173509e-01 5.349935490079267286e-36
2.106728860904912848e-01 5.136731889102254265e-36
2.205915943049936712e-01 4.926925474450038121e-36
2.309772860714381926e-01 4.725763050701244729e-36
2.418519474824760984e-01 4.536688674591091025e-36
2.532385997598718963e-01 4.365734736727588877e-36
2.651613479895060244e-01 4.206036720428816983e-36
2.776454321508743384e-01 4.038610878432220198e-36
2.907172805491112788e-01 3.877696908838681406e-36
3.044045657626516799e-01 3.726916204907384136e-36
3.187362632249685079e-01 3.583181830634670553e-36
3.337427125644024661e-01 3.445887476387588507e-36
3.494556818319377589e-01 3.315001892110824860e-36
3.659084347528909764e-01 3.190760678579671622e-36
3.831358011448825485e-01 3.072838411505206677e-36
4.011742506511631334e-01 2.959238134627071365e-36
4.200619699453838063e-01 2.849801461155134441e-36
4.398389435712528051e-01 2.741844012928173545e-36
4.605470385882087792e-01 2.638798629748439372e-36
4.822300932023060316e-01 2.540438772816851575e-36
5.049340095699370590e-01 2.444345258761160622e-36
5.287068509708553465e-01 2.350355790037667375e-36
5.535989435562097549e-01 2.258938209332595182e-36
5.796629828869864776e-01 2.170893677186164340e-36
6.069541454883973230e-01 2.086679624099915192e-36
6.355302056563688629e-01 2.006841387187575780e-36
6.654516577634073116e-01 1.931325388646268389e-36
6.967818443227590253e-01 1.858381348907309044e-36
7.295870900819675375e-01 1.786577655577691822e-36
7.639368424297021676e-01 1.714774985728949615e-36
7.999038184130937701e-01 1.645770528929371221e-36
8.375641586768042268e-01 1.580629010939732712e-36
8.769975886497149986e-01 1.520479502903213927e-36
9.182875873204616735e-01 1.461950335509618142e-36
9.615215639591010444e-01 1.403381441449687198e-36
1.006791043159029231e+00 1.346276516077638660e-36
1.054191858590871611e+00 1.291224855731748659e-36
1.103824355878517238e+00 1.237948793063467257e-36
1.155793605026778970e+00 1.187184674623743326e-36
1.210209622850374034e+00 1.138796734337549801e-36
1.267187605875108813e+00 1.092885702573049748e-36
1.326848174204297459e+00 1.048780970324493584e-36
1.389317626866680477e+00 1.006120060546726066e-36
1.454728209186402887e+00 9.648346158575755359e-37
1.523218392741052751e+00 9.247468230999923778e-37
1.594933168500436871e+00 8.857395033834349643e-37
1.670024353766643488e+00 8.485903469668484707e-37
1.748650913565180209e+00 8.131676339654409420e-37
1.830979297167549147e+00 7.796133328187796992e-37
1.917183790457676063e+00 7.470490217446609257e-37
2.007446884888135941e+00 7.154595520382076057e-37
2.101959663807225986e+00 6.852855597829687628e-37
2.200922206974750495e+00 6.567620380693671530e-37
2.304544014122845041e+00 6.297693746467507782e-37
2.413044448458492308e+00 6.041351740707397372e-37
2.526653201046634489e+00 5.797640467587708891e-37
2.645610777056940144e+00 5.563424850640304146e-37
2.770169004903590526e+00 5.333568767646276706e-37
2.900591569355929433e+00 5.111135814074892645e-37
3.037154569748533373e+00 4.897758176065084538e-37
3.180147104472431430e+00 4.692767407068858280e-37
3.329871882984783760e+00 4.493859418824580304e-37
3.486645866632659629e+00 4.299167575746923724e-37
3.650800939647493415e+00 4.109463355296534662e-37
3.822684611730671644e+00 3.928490765128457037e-37
4.002660753717630193e+00 3.757184635667313097e-37
4.191110367877814546e+00 3.594188392892675326e-37
4.388432394481181831e+00 3.436598186036015113e-37
4.595044556338745423e+00 3.285656302958369468e-37
4.811384243105009340e+00 3.141077347644186137e-37
5.037909437214301178e+00 3.002073702535002163e-37
5.275099683411206719e+00 2.869773273589199859e-37
5.523457103927560397e+00 2.745570732478979908e-37
5.783507461455038801e+00 2.628742954888253211e-37
6.055801272163690463e+00 2.517259655745196120e-37
6.340914971122578514e+00 2.410498472135594620e-37
6.639452132589668487e+00 2.307869381457437257e-37
6.952044747754327680e+00 2.207859581372600215e-37
7.279354562637291970e+00 2.111247591768214290e-37
7.622074478980456647e+00 2.018947997817201754e-37
7.980930021092029314e+00 1.931234125717056226e-37
8.356680871752381279e+00 1.847151539613001303e-37
8.750122480432024119e+00 1.765300981502571961e-37
9.162087747226177470e+00 1.685826212072326492e-37
9.593448786070867484e+00 1.610630166405005527e-37
1.004511877097313821e+01 1.540103999282187161e-37
1.051805386916373841e+01 1.473476276754682333e-37
1.101325526526480125e+01 1.409215413025408058e-37
1.153177128075752478e+01 1.347555650438528530e-37
1.207469959323662856e+01 1.288185206016879725e-37
1.264318956014979811e+01 1.230772886700537889e-37
1.323844465194126840e+01 1.175824575897607872e-37
1.386172499975043593e+01 1.124489197032872783e-37
1.451435006305896991e+01 1.076501401780576112e-37
1.519770142293348947e+01 1.030239949327195606e-37
1.591322570677729331e+01 9.850880242126197218e-38
1.666243765078249339e+01 9.413670418118367946e-38
1.744692330656575407e+01 8.996618192689901691e-38
1.826834339877587610e+01 8.600644716495520480e-38
1.912843684078130835e+01 8.222016422177987407e-38
2.002902441587986004e+01 7.859684123530014767e-38
2.097201263182391529e+01 7.513045867273175941e-38
2.195939775682083095e+01 7.181646078753118639e-38
2.299327004555260601e+01 6.864810448882263969e-38
2.407581816416115927e+01 6.559627341366435931e-38
2.520933382356667707e+01 6.263733480240535100e-38
2.639621663092776416e+01 5.978218217218723033e-38
2.763897916951334111e+01 5.706187415118873555e-38
2.894025231774068274e+01 5.447890405200321821e-38
3.030279081863941570e+01 5.202233771165447789e-38
3.172947911153195832e+01 4.968420640712374748e-38
3.322333743827575603e+01 4.745697955851819193e-38
3.478752823699423402e+01 4.532883168645343900e-38
3.642536283683116238e+01 4.329471999795113813e-38
3.814030846790169704e+01 4.135927138844979850e-38
3.993599560127935888e+01 3.952491819796062421e-38
4.181622563455757557e+01 3.778034349416304174e-38
4.378497893925582929e+01 3.609136803624547092e-38
4.584642328710636860e+01 3.445594278979058630e-38
4.800492267305987326e+01 3.289908197372647458e-38
5.026504655368735541e+01 3.143873136630440098e-38
5.263157952053651911e+01 3.006110258289776569e-38
5.510953142891997913e+01 2.872008950148355961e-38
5.770414800357789886e+01 2.740976607970315199e-38
6.042092194366667712e+01 2.615378860306012887e-38
6.326560455058287147e+01 2.497321739593483274e-38
6.624421790323704329e+01 2.386285012677149060e-38
6.936306760655338621e+01 2.281585906135719641e-38
7.262875614018221881e+01 2.182930393252760066e-38
7.604819683568439359e+01 2.087981678427208426e-38
7.962862851177678181e+01 1.994286396265450814e-38
8.337763079862091331e+01 1.902490092673287014e-38
8.730314018359611339e+01 1.816334514270546054e-38
9.141346681252424844e+01 1.736221592753367143e-38
9.571731208191535245e+01 1.660223705343885302e-38
1.002237870594745885e+02 1.585932033449594719e-38
1.049424317718670352e+02 1.513566661879195218e-38
1.098832354005710954e+02 1.444827994806908957e-38
1.150566574285752068e+02 1.379976466843680441e-38
1.204736497826829407e+02 1.318745245584879669e-38
1.261456800183029117e+02 1.260863013365569968e-38
1.320847555958031876e+02 1.206028219936596489e-38
1.383034492998230860e+02 1.152834813565849451e-38
1.448149258553534366e+02 1.100913233591417628e-38
1.516329697969315475e+02 1.050896970823711906e-38
1.587720146499469820e+02 1.003940820344555149e-38
1.662471734858357877e+02 9.598015081259137419e-39
1.740742709158462276e+02 9.172379333459260136e-39
1.822698765911057137e+02 8.758525601177993814e-39
1.908513402799071343e+02 8.359842000026432674e-39
1.998368285964718041e+02 7.982202116074848820e-39
2.092453634589436149e+02 7.624640102620499037e-39
2.190968623580249925e+02 7.286684597722451442e-39
2.294121805215062011e+02 6.967421693497160314e-39
2.402131550639453508e+02 6.664078970437267484e-39
2.515226512149635312e+02 6.371553459640330731e-39
2.633646107240179504e+02 6.089383461894931653e-39
2.757641025441257625e+02 5.818097418681939047e-39
2.887473759018299120e+02 5.557462161055295752e-39
3.023419158657591765e+02 5.307376192390791616e-39
3.165765015314153175e+02 5.070178197153514841e-39
3.314812669453629610e+02 4.845300891810371561e-39
3.470877648977967738e+02 4.630323410884705445e-39
3.634290337185329918e+02 4.423943812285980514e-39
3.805396672178259792e+02 4.225793944280529590e-39
3.984558879200772026e+02 4.033856233658802577e-39
4.172156237454655070e+02 3.847990843126270763e-39
4.368585883018317304e+02 3.672402716011616846e-39
4.574263649567930088e+02 3.508712115215797152e-39
4.789624948680621515e+02 3.354689200130585697e-39
5.015125691583334060e+02 3.204558145652111200e-39
5.251243254298562988e+02 3.057891133543931970e-39
5.498477488230256540e+02 2.916831368089904012e-39
5.757351778329174294e+02 2.782619545149992893e-39
6.028414151077820406e+02 2.655166026435787096e-39
6.312238434640506739e+02 2.535156606309252059e-39
6.609425473634570380e+02 2.422231870525691325e-39
6.920604401094281002e+02 2.314830905965899065e-39
7.246433970320246090e+02 2.211408039265739016e-39
7.587603949433704429e+02 2.112196693085076722e-39
7.944836581587956061e+02 2.018169881404789723e-39
8.318888113928134089e+02 1.929188533842535452e-39
8.710550398536043986e+02 1.844704092320171307e-39
9.120652568749281954e+02 1.764195091986264525e-39
9.550062794403182806e+02 1.687203410753082756e-39
9.999690119711544867e+02 1.613637923510150249e-39
1.047048638767674902e+03 1.543365569994972024e-39
1.096344825510318515e+03 1.476139507349086476e-39
1.147961930247969804e+03 1.411282343312509636e-39
1.202009224319766190e+03 1.348731289891744548e-39
1.258601123678124168e+03 1.288735090120222891e-39
1.317857431102733926e+03 1.231261603462598035e-39
1.379903589818229193e+03 1.176290604828500559e-39
1.444870949052450442e+03 1.123830519788367002e-39
1.512897042097509029e+03 1.073858711847376212e-39
1.584125877462222661e+03 1.026418152717920280e-39
1.658708243732373603e+03 9.814060465677974755e-40
1.736802028784067488e+03 9.388059632045323122e-40
1.818572554026053922e+03 8.981479238377411327e-40
1.904192924378503449e+03 8.591925172508058471e-40
1.993844394729165288e+03 8.218351595611508872e-40
2.087716753642716412e+03 7.860093592319187130e-40
2.186008725135504392e+03 7.516655274530010669e-40
2.288928389366347346e+03 7.188013498840514862e-40
2.396693623133845449e+03 6.875183182729387736e-40
2.509532561112849635e+03 6.571740574488514862e-40
2.627684078806399611e+03 6.279236035044131011e-40
2.751398298235560560e+03 6.009832033954159763e-40
2.880937117437741108e+03 5.740141790585444495e-40
3.016574764894281998e+03 5.485336325135042247e-40
3.158598380061186162e+03 5.242562958326603447e-40
3.307308621231806683e+03 5.015936851117097650e-40
3.463020302018366692e+03 4.794254555785968810e-40
3.626063057799787657e+03 4.589635475239678856e-40
3.796782043546501882e+03 4.393647992410455339e-40
3.975538664499731567e+03 4.203298889453741297e-40
4.162711341251818340e+03 4.016963937872070859e-40
4.358696310847482891e+03 3.840025180224298552e-40
4.563908465601728494e+03 3.672331330439071272e-40
4.778782231410185886e+03 3.514063060507587643e-40
5.003772487411368274e+03 3.357474330198032997e-40
5.239355528947472521e+03 3.207426809594660296e-40
5.486030075862586273e+03 3.063782084188710088e-40
5.744318328272493090e+03 2.922229200212525933e-40
6.014767072041440770e+03 2.790286468198790507e-40
6.297948836305837176e+03 2.658335883086632231e-40
6.594463105495416130e+03 2.535962991482783794e-40
6.904937588417802544e+03 2.411103741284568198e-40
7.230029547092763096e+03 2.290754011522952213e-40
7.570427188149633366e+03 2.170044792635634615e-40
7.926851119733014457e+03 2.055609971166113625e-40
8.300055877001399494e+03 1.946247817172703696e-40
8.690831519447780011e+03 1.839003393023446794e-40
9.100005303423828082e+03 1.733784239717670675e-40
9.528443433408518104e+03 1.627141371052949062e-40
9.977052895728094882e+03 1.524050399974195962e-40
1.044678337860985812e+04 1.421952678393225018e-40
1.093862928263397589e+04 1.317260619061188438e-40
1.145363182583952585e+04 1.211664922219146006e-40
1.199288124794145733e+04 1.106085846256563430e-40
1.255751911832412952e+04 9.983959651855430897e-41
1.314874075269807327e+04 8.883009988426250369e-41
1.376779774353517132e+04 7.762278722266776728e-41
1.441600060963988108e+04 6.635943991003004018e-41
1.509472157046486427e+04 5.520359394460560995e-41
1.580539745104440590e+04 4.447339201758563991e-41
1.654953272369555998e+04 3.434513175563458447e-41
1.732870269292541343e+04 2.490550965592107844e-41
1.814455683028776184e+04 1.650620211513402740e-41
1.899882226624791292e+04 9.715513925878007401e-42
1.989330744644883453e+04 5.009256095556013961e-42
2.082990596011786329e+04 2.681456119461562702e-42
2.181060054871900502e+04 1.396833790048183000e-42
2.283746730333731466e+04 5.659340412990757736e-43
2.391268005968005309e+04 1.459120854238737463e-43
2.503851500000001761e+04 1.380978758430658656e-44
