1.056583745000000130e-01 4.424482730682375182e-36
1.106424644711869465e-01 5.120744236794755709e-36
1.158616626669556060e-01 5.790811574650140046e-36
1.213270595526838858e-01 6.395102404026687264e-36
1.270502687503621275e-01 6.978417013104484569e-36
1.330434517168035125e-01 7.462416564139250572e-36
1.393193435859692020e-01 7.678460311588861832e-36
1.458912802303207468e-01 7.696417547133318533e-36
1.527732265987041260e-01 7.581249356015614434e-36
1.599798063909805002e-01 7.415818676499213126e-36
1.675263331324619576e-01 7.219854220542555690e-36
1.754288427141821038e-01 6.989269416578012814e-36
1.837041274681480985e-01 6.747861696206709563e-36
1.923697718499821352e-01 6.501006316184452676e-36
2.014441898047748536e-01 6.251275625970801735e-36
2.109466638955517226e-01 6.003732711760100209e-36
2.208973862774975816e-01 5.765397044655546541e-36
2.313175016050059984e-01 5.539406163489963233e-36
2.422291519627306211e-01 5.325348928089475821e-36
2.536555239161110142e-01 5.115624800007955136e-36
2.656208977813548922e-01 4.914614297144722760e-36
2.781506992195714734e-01 4.723324124472065046e-36
2.912715532646892314e-01 4.542292438482153042e-36
3.050113408999662878e-01 4.369105500223695614e-36
3.193992583033123389e-01 4.208947939783701385e-36
3.344658788873161037e-01 4.058086433964453630e-36
3.502432182658098414e-01 3.910104056556443271e-36
3.667648022850193978e-01 3.763474902591708260e-36
3.840657382638624218e-01 3.619882315840036198e-36
4.021827895947763243e-01 3.490539316122641615e-36
4.211544538635967339e-01 3.371413679359393692e-36
4.410210446544882146e-01 3.251211068513359233e-36
4.618247772137546447e-01 3.131655133740154044e-36
4.836098581545627551e-01 3.012836570871698410e-36
5.064225793931929065e-01 2.898862590732751364e-36
5.303114165164274363e-01 2.788581717728078112e-36
5.553271317891005365e-01 2.679750812790730620e-36
5.815228820206930216e-01 2.578185938116316722e-36
6.089543315201839668e-01 2.484420506005356150e-36
6.376797703791792227e-01 2.389883191330615007e-36
6.677602383346620263e-01 2.295766523746458836e-36
6.992596544745647291e-01 2.203659464352325065e-36
7.322449530617800573e-01 2.114477524225224182e-36
7.667862257652273694e-01 2.028220202990446145e-36
8.029568706002065959e-01 1.947010542676835625e-36
8.408337478945296928e-01 1.869426599610236370e-36
8.804973436118445074e-01 1.793263327251762767e-36
9.220319403792075486e-01 1.721088331991585242e-36
9.655257965823240696e-01 1.653335255471920953e-36
1.011071333909024261e+00 1.587472657534563783e-36
1.058765333739492664e+00 1.523545498763456264e-36
1.108709142800565983e+00 1.461218226544964020e-36
1.161008888521105398e+00 1.401563564137193147e-36
1.215775704546057101e+00 1.344743860980957087e-36
1.273125966888401850e+00 1.290575391711275967e-36
1.333181541220809452e+00 1.238608316947815129e-36
1.396070041832468966e+00 1.188641622792640588e-36
1.461925102801362675e+00 1.140551363268074066e-36
1.530886661958216211e+00 1.094147195180026861e-36
1.603101258245515082e+00 1.049345809647297758e-36
1.678722343103474790e+00 1.005906705842487507e-36
1.757910606544623056e+00 9.632356901080316331e-37
1.840834318609889886e+00 9.220933097067502622e-37
1.927669686931785975e+00 8.829346518041878715e-37
2.018601231164446119e+00 8.457706082387425451e-37
2.113822175076206289e+00 8.099642231742111794e-37
2.213534857137862577e+00 7.752332386787013918e-37
2.317951160479094330e+00 7.418421856189651533e-37
2.427292963126692626e+00 7.105003935552663712e-37
2.541792609481296594e+00 6.810321013664864481e-37
2.661693404034526367e+00 6.529913819218300040e-37
2.787250128375605041e+00 6.258723114575144034e-37
2.918729582586082838e+00 5.999074338406435121e-37
3.056411152173110324e+00 5.749199218041024911e-37
3.200587401745924154e+00 5.508967543039683667e-37
3.351564696697106882e+00 5.279011510819940363e-37
3.509663854209626788e+00 5.059398340881237714e-37
3.675220824973012501e+00 4.848771666733403633e-37
3.848587407057286747e+00 4.643599473938081982e-37
4.030131993461563589e+00 4.442909979514477719e-37
4.220240354925814508e+00 4.249762941195213044e-37
4.419316459669261121e+00 4.064417054082785988e-37
4.627783331797212796e+00 3.887344472397936801e-37
4.846083950200503310e+00 3.714948868476546356e-37
5.074682189857544046e+00 3.547551041612171608e-37
5.314063807539252338e+00 3.387158938202262497e-37
5.564737474011416829e+00 3.234789650916257128e-37
5.827235854927812930e+00 3.090296190045476335e-37
6.102116742710980368e+00 2.954552317457282197e-37
6.389964241825760283e+00 2.827543104120316911e-37
6.691390009964250041e+00 2.706887234555196593e-37
7.007034557779657113e+00 2.589996534318393317e-37
7.337568609930816166e+00 2.477850129794214775e-37
7.683694530329600703e+00 2.371255244519970364e-37
8.046147814619715177e+00 2.269320578180702330e-37
8.425698653058304899e+00 2.171748795162381716e-37
8.823153567121471141e+00 2.078516041307427412e-37
9.239357123311256359e+00 1.989224710688095788e-37
9.675193727805961430e+00 1.902563407526020169e-37
1.013158950576720940e+01 1.818721846503898065e-37
1.060951426929721642e+01 1.737938532876607568e-37
1.110998357822802873e+01 1.659923640904316716e-37
1.163406089812185407e+01 1.585129910988752001e-37
1.218285986006790900e+01 1.514085856905325340e-37
1.275754662707793230e+01 1.446723585788107315e-37
1.335934237210871700e+01 1.382578187009743436e-37
1.398952587297717010e+01 1.321182885152022654e-37
1.464943622968215919e+01 1.262498830164871820e-37
1.534047570990719045e+01 1.206964444260031383e-37
1.606411272875027052e+01 1.154365189391668470e-37
1.682188496901295949e+01 1.104028574685162241e-37
1.761540264867893057e+01 1.055148211486601651e-37
1.844635194252501975e+01 1.007962477406459507e-37
1.931649856513584140e+01 9.628259738360599710e-38
2.022769152293530581e+01 9.198061750213651135e-38
2.118186704320819658e+01 8.788318742732916219e-38
2.218105268846028721e+01 8.397947474391376336e-38
2.322737166486022886e+01 8.025871445382467434e-38
2.432304733391817209e+01 7.670025040981356444e-38
2.547040793698790040e+01 7.329247314235425449e-38
2.667189154263223472e+01 7.004441792182091109e-38
2.793005122736427026e+01 6.696895386311070177e-38
2.924756050077301950e+01 6.405809293503949189e-38
3.062721898656192110e+01 6.122393062299295736e-38
3.207195837157173202e+01 5.844747042544691945e-38
3.358484863542939536e+01 5.577778061520821210e-38
3.516910457405994350e+01 5.329117258683389539e-38
3.682809263092422469e+01 5.096953406537850305e-38
3.856533805049798502e+01 4.871077768213402326e-38
4.038453236919273337e+01 4.648773111969384496e-38
4.228954125963675637e+01 4.433769363556395673e-38
4.428441274498458569e+01 4.232294262564127758e-38
4.637338580070939997e+01 4.043754510885385039e-38
4.856089936215732905e+01 3.865726283428979821e-38
5.085160175700391960e+01 3.696479768603310750e-38
5.325036058265551731e+01 3.534131566989906967e-38
5.576227304958545972e+01 3.376308035548642764e-38
5.839267681258316856e+01 3.223067165660343815e-38
6.114716131293251777e+01 3.076805450815018516e-38
6.403157965561995013e+01 2.938269330198396613e-38
6.705206104681178658e+01 2.806970626410978402e-38
7.021502381802903869e+01 2.682026904537295283e-38
7.352718906469475257e+01 2.563177181810743434e-38
7.699559492803599881e+01 2.448165182488070827e-38
8.062761155068807284e+01 2.336407627237074417e-38
8.443095673778009314e+01 2.228990116101769988e-38
8.841371235678207086e+01 2.127703644884308061e-38
9.258434151096081166e+01 2.032258128452069185e-38
9.695170652293843716e+01 1.941524705200659174e-38
1.015250877665656475e+02 1.854723495017780731e-38
1.063142033871282450e+02 1.771710759825425262e-38
1.113292299517903530e+02 1.693006904082724433e-38
1.165808240741538810e+02 1.618454616372268842e-38
1.220801450588874530e+02 1.547330393196605748e-38
1.278388786145418692e+02 1.479159596953548188e-38
1.338692616849394312e+02 1.413761720784410686e-38
1.401841084519043648e+02 1.351016892870370588e-38
1.467968375645874346e+02 1.290829589684158063e-38
1.537215006532441919e+02 1.233320985988197721e-38
1.609728121880590948e+02 1.178510584128570851e-38
1.685661807464618960e+02 1.126090142419442403e-38
1.765177417553786938e+02 1.075231254105238856e-38
1.848443917779905235e+02 1.025860208147256386e-38
1.935638244178596494e+02 9.788720396592084092e-39
2.026945679167164087e+02 9.347871947766416228e-39
2.122560245257973861e+02 8.932960324541766159e-39
2.222685117344002208e+02 8.535676386460851246e-39
2.327533054432611834e+02 8.154500385959519967e-39
2.437326851744946339e+02 7.787728387407822901e-39
2.552299814141662466e+02 7.434018293985969047e-39
2.672696251880968248e+02 7.094158914247906285e-39
2.798771999762447535e+02 6.773507929805780023e-39
2.930794960759778860e+02 6.471433906878742030e-39
3.069045675297581397e+02 6.183195269730669563e-39
3.213817917382049245e+02 5.905277857621514316e-39
3.365419318852075321e+02 5.638718940157557714e-39
3.524172023077418885e+02 5.386604154329231182e-39
3.690413369492963511e+02 5.148613303522973453e-39
3.864496610423611287e+02 4.923652909267402373e-39
4.046791661723098059e+02 4.710244008164644442e-39
4.237685888821746971e+02 4.506055391764957986e-39
4.437584929853435369e+02 4.307322454836210145e-39
4.646913557610934049e+02 4.113216170175284129e-39
4.866116582161163819e+02 3.925395677552697881e-39
5.095659796038412992e+02 3.745679373646329805e-39
5.336030964023925662e+02 3.574376135987186970e-39
5.587740859615155387e+02 3.412037890119216534e-39
5.851324350387101276e+02 3.258337211828476911e-39
6.127341534551962923e+02 3.111981244687043013e-39
6.416378931132363732e+02 2.971739939365237889e-39
6.719050726277121157e+02 2.838062879466432883e-39
7.036000078367846982e+02 2.712159875503900639e-39
7.367900484689770337e+02 2.593531745589139370e-39
7.715457212570767069e+02 2.481311016764111063e-39
8.079408798029769514e+02 2.374341583488090658e-39
8.460528615118947755e+02 2.271575698449760194e-39
8.859626519294575928e+02 2.171828539909864185e-39
9.277550568308581660e+02 2.074844569260443462e-39
9.715188824277461208e+02 1.981425760347189337e-39
1.017347124075801958e+03 1.892810037848503218e-39
1.065337163883978292e+03 1.809008179234998278e-39
1.115590977645297016e+03 1.728888572793683398e-39
1.168215351528964675e+03 1.651690072313695588e-39
1.223322108994196697e+03 1.577853728677207136e-39
1.281028348407990279e+03 1.508163261918985249e-39
1.341456691871730072e+03 1.442337949891465680e-39
1.404735545785383010e+03 1.379638048397949194e-39
1.470999373702955836e+03 1.319744848077745558e-39
1.540388982059037289e+03 1.262369309597374574e-39
1.613051819373530861e+03 1.207094772892159011e-39
1.689142289570424737e+03 1.153998415792241476e-39
1.768822080076341763e+03 1.103673394208636819e-39
1.852260505396073995e+03 1.055840482742484843e-39
1.939634866895173900e+03 1.010234119864438419e-39
2.031130829554114371e+03 9.664349674748792283e-40
2.126942816494622548e+03 9.242871608433617663e-40
2.227274422116465303e+03 8.836568686284185616e-40
2.332338844722662998e+03 8.444784353958359851e-40
2.442359339552365327e+03 8.069245637501054396e-40
2.557569693184085736e+03 7.714628620461788770e-40
2.678214720317358115e+03 7.381349356475425261e-40
2.804550783988478088e+03 7.064553093895556908e-40
2.936846340325676010e+03 6.758044404848031170e-40
3.075382509001395192e+03 6.461511608410882612e-40
3.220453670593774859e+03 6.188819515621549629e-40
3.372368092126718693e+03 5.924658565029172391e-40
3.531448582117785918e+03 5.671904230264377358e-40
3.698033176525822000e+03 5.427404218480160247e-40
3.872475857055977031e+03 5.194520645208301845e-40
4.055147303348351670e+03 4.968961262930330815e-40
4.246435680648764901e+03 4.757821386613813879e-40
4.446747464635295728e+03 4.554966704097150313e-40
4.656508305153335641e+03 4.362706344414975383e-40
4.876163930694531700e+03 4.176730990749832082e-40
5.106181095541574905e+03 3.998480229069108266e-40
5.347048571591503787e+03 3.823724470969175436e-40
5.599278186964952511e+03 3.656867260643242644e-40
5.863405913608503397e+03 3.500357851567740377e-40
6.139993006201097160e+03 3.351592054603383646e-40
6.429627194784653511e+03 3.215373838147429367e-40
6.732923933653143649e+03 3.071263847889626226e-40
7.050527709154017430e+03 2.931201248368450715e-40
7.383113409180761664e+03 2.796799701549817675e-40
7.731387757266948938e+03 2.671116992257367879e-40
8.096090814328950728e+03 2.547285049708587900e-40
8.477997551248472519e+03 2.428916835148911249e-40
8.877919495636562715e+03 2.315602232594467421e-40
9.296706456278338010e+03 2.204389977763410508e-40
9.735248328922856672e+03 2.095252724476468304e-40
1.019447698725508417e+04 1.984889543945726187e-40
1.067536826306847797e+04 1.880926572285232238e-40
1.117894401984568685e+04 1.776154945342902130e-40
1.170627432415368276e+04 1.670015206751178744e-40
1.225847971946738107e+04 1.560779060227542971e-40
1.283673360725358725e+04 1.449678211178235983e-40
1.344226474037461776e+04 1.337931731663775842e-40
1.407635983411033703e+04 1.221512052019509310e-40
1.474036630034655900e+04 1.103598307986978886e-40
1.543569511073990361e+04 9.805412343015870343e-41
1.616382379494314591e+04 8.569888451598644830e-41
1.692629958026204258e+04 7.307062824535868282e-41
1.772474267941543803e+04 6.030221612319052927e-41
1.856084973338439522e+04 4.800166625432624106e-41
1.943639741666689224e+04 3.642919074161605773e-41
2.035324621259847845e+04 2.578707871489619958e-41
2.131334436676145924e+04 1.643233593161561652e-41
2.231873202688323363e+04 9.113503072161148535e-42
2.337154557802108320e+04 4.985390540001074139e-42
2.447402218224476383e+04 2.944997527620351386e-42
2.562850453246427423e+04 1.442228957178961160e-42
2.683744583050378787e+04 5.216543585833020268e-43
2.810341500000002270e+04 9.338904506416208383e-44
