1.056583745000000130e-01 7.216238975517895972e-36
1.106427332062545482e-01 8.523064461238672898e-36
1.158622254911788746e-01 9.781494269378219198e-36
1.213279436141941336e-01 1.091026517328765588e-35
1.270515031041744292e-01 1.207957860424051222e-35
1.330450674443112435e-01 1.320598730028856205e-35
1.393213739214686775e-01 1.402782822903056306e-35
1.458937606949639865e-01 1.459715674579736768e-35
1.527761951422984543e-01 1.496954241900036156e-35
1.599833035420775984e-01 1.523923255596870573e-35
1.675304021572026625e-01 1.543656475458107857e-35
1.754335297843892527e-01 1.557153133735770214e-35
1.837094818391862838e-01 1.569797695336365561e-35
1.923758460489315147e-01 1.582431783382518931e-35
2.014510398294971361e-01 1.590228115099482556e-35
2.109543494252565377e-01 1.592427642939451243e-35
2.209059708954509149e-01 1.589432433540040377e-35
2.313270530340593434e-01 1.584999227731280559e-35
2.422397423143825557e-01 1.581179898358490774e-35
2.536672299538554332e-01 1.579538979651792253e-35
2.656338011991093428e-01 1.576360540642512782e-35
2.781648869360215381e-01 1.563645668704146550e-35
2.912871177344318330e-01 1.551288872715979605e-35
3.050283804423812306e-01 1.542051430536048037e-35
3.194178774501429396e-01 1.529411430734662329e-35
3.344861887499913089e-01 1.515418441101162163e-35
3.502653369235980141e-01 1.504916845467196599e-35
3.667888551951602460e-01 1.492882610384880961e-35
3.840918586948887659e-01 1.477056336166171457e-35
4.022111190842994066e-01 1.458536492282747035e-35
4.211851427018992733e-01 1.438418756218287588e-35
4.410542523953412952e-01 1.417000358684428347e-35
4.618606732139514670e-01 1.394257817881512641e-35
4.836486221437406030e-01 1.369787861038201329e-35
5.064644020756018383e-01 1.344495525638645338e-35
5.303565002063895806e-01 1.318833828531425823e-35
5.553756910820017989e-01 1.293347327916743713e-35
5.815751445014437637e-01 1.266591087789791294e-35
6.090105385111918013e-01 1.238255472706455537e-35
6.377401777299840369e-01 1.210035241476184065e-35
6.678251172554994231e-01 1.182331518454259427e-35
6.993292924162474167e-01 1.154716011975251806e-35
7.323196546444090682e-01 1.127461276938283690e-35
7.668663137583837663e-01 1.100132429544592071e-35
8.030426869574142090e-01 1.071706411836249277e-35
8.409256548449264290e-01 1.042456518302001034e-35
8.805957248121594194e-01 1.013045450104966782e-35
9.221372021293032795e-01 9.843657447671450232e-36
9.656383691077370379e-01 9.564901903581932759e-36
1.011191672714121692e+00 9.281666027305429271e-36
1.058893921035050534e+00 8.998673609217053527e-36
1.108846489009783998e+00 8.721163964925591717e-36
1.161155533868274858e+00 8.451781963704188125e-36
1.215932220732333535e+00 8.186924022858595000e-36
1.273292958859367996e+00 7.922535840079448896e-36
1.333359649030749772e+00 7.664239901357521449e-36
1.396259942610553750e+00 7.414099250342677174e-36
1.462127512825212028e+00 7.169472814855330480e-36
1.531102338840585553e+00 6.925860349512917578e-36
1.603331003240176411e+00 6.684660219962008118e-36
1.678967003536659730e+00 6.449168745750475482e-36
1.758171078378754526e+00 6.218362782552345744e-36
1.841111549146664528e+00 5.994430758764735523e-36
1.927964677662046933e+00 5.777797174640861815e-36
2.018915040772697456e+00 5.569125377933776486e-36
2.114155922607990679e+00 5.364247971487528182e-36
2.213889725338702430e+00 5.162496644130076491e-36
2.318328399314133481e+00 4.966529424531875022e-36
2.427693893490637134e+00 4.779330980001563407e-36
2.542218627108803641e+00 4.599386629700710825e-36
2.662145983621677647e+00 4.421442530002078340e-36
2.787730827923681876e+00 4.243939792259801361e-36
2.919240047979453578e+00 4.071882435637168045e-36
3.056953122003635226e+00 3.909550376470124832e-36
3.201162712396973031e+00 3.756184661535029454e-36
3.352175287700914996e+00 3.608626100579572094e-36
3.510311773892487608e+00 3.466242259694523733e-36
3.675908236403548468e+00 3.328923805059972128e-36
3.849316594313795470e+00 3.196421240444566570e-36
4.030905368235335295e+00 3.068202985792508616e-36
4.221060463478183422e+00 2.945578246944261660e-36
4.420185990161015432e+00 2.828140558989727571e-36
4.628705122010079442e+00 2.714137186082885813e-36
4.847060995671339079e+00 2.601741642461133325e-36
5.075717652447005790e+00 2.491975254652237842e-36
5.315161024457843553e+00 2.386637839077303253e-36
5.565899967326980224e+00 2.285831676866818227e-36
5.828467341579820271e+00 2.189312192727237701e-36
6.103421145058250730e+00 2.096834053337157303e-36
6.391345698755689142e+00 2.008333664041023629e-36
6.692852888593022520e+00 1.924153233081561053e-36
7.008583465774480104e+00 1.843919010667534738e-36
7.339208408486848079e+00 1.766884292954036181e-36
7.685430347835897180e+00 1.692359283543968380e-36
8.047985061050313860e+00 1.620389778666521374e-36
8.427643035126493487e+00 1.551776554459119010e-36
8.825211104237176585e+00 1.486461693552722606e-36
9.241534164383621075e+00 1.423717262618699879e-36
9.677496968935322741e+00 1.363086278210576317e-36
1.013402600887303784e+01 1.304761169176002410e-36
1.061209148173090355e+01 1.249293214900677537e-36
1.111270935342204780e+01 1.196465422777540733e-36
1.163694351732928389e+01 1.145274901612739362e-36
1.218590805524948451e+01 1.095135555165934604e-36
1.276076960499631596e+01 1.046384344541124664e-36
1.336274983969291696e+01 1.000036781092392899e-36
1.399312806402358156e+01 9.560470976168253032e-37
1.465324393296165439e+01 9.141421277244121837e-37
1.534450029875146093e+01 8.741436574504790548e-37
1.606836619219473761e+01 8.359200971321950688e-37
1.682637994457697772e+01 7.991600975800784748e-37
1.762015245686845333e+01 7.637602932144625906e-37
1.845137062314758936e+01 7.301476524853065130e-37
1.932180091552177714e+01 6.984081909019376754e-37
2.023329313816426378e+01 6.682209946415735095e-37
2.118778435844525276e+01 6.390062759165254140e-37
2.218730302351102779e+01 6.107441788095721546e-37
2.323397327106006571e+01 5.837966844976487927e-37
2.433001944347676826e+01 5.582518462957388797e-37
2.547777081491618745e+01 5.339484467123453743e-37
2.667966654138588112e+01 5.106719470612713814e-37
2.793826084434410717e+01 4.883362275391925287e-37
2.925622843883058266e+01 4.667458912037453872e-37
3.063637021766568935e+01 4.458196615446438965e-37
3.208161920379751564e+01 4.258088041217098046e-37
3.359504678344658402e+01 4.071352245962954366e-37
3.517986923329507221e+01 3.896685720019170020e-37
3.683945455559126003e+01 3.725900344741278506e-37
3.857732963569509366e+01 3.556737860200209127e-37
4.039718773727630463e+01 3.392659799002014557e-37
4.230289635109276958e+01 3.239539407052305001e-37
4.429850541402938546e+01 3.096328745085070902e-37
4.638825591586471120e+01 2.959661032931558057e-37
4.857658891205525720e+01 2.828408200829818723e-37
5.086815496169146655e+01 2.702326628364109249e-37
5.326782401068303585e+01 2.581049679866277353e-37
5.578069574117598961e+01 2.464649114284748987e-37
5.841211040919611719e+01 2.355136896659103935e-37
6.116766019355112860e+01 2.252631732808838426e-37
6.405320108010859315e+01 2.154513902689773163e-37
6.707486530670627189e+01 2.057368263699849190e-37
7.023907439514279361e+01 1.961806023294982576e-37
7.355255279794270962e+01 1.871977369571372229e-37
7.702234218889789474e+01 1.788385984979267490e-37
8.065581642775585181e+01 1.709480085478342495e-37
8.446069723085537362e+01 1.633588826340035597e-37
8.844507058101456209e+01 1.560607704978483067e-37
9.261740391154279450e+01 1.490394211874396983e-37
9.698656410089616031e+01 1.422858680921634083e-37
1.015618363162188871e+02 1.358702675713076941e-37
1.063529437458145566e+02 1.298653384638818710e-37
1.113700682624826328e+02 1.242142535196578137e-37
1.166238720616340458e+02 1.187286397567711980e-37
1.221255203201687323e+02 1.133775057890105292e-37
1.278867049242693241e+02 1.082391064560887947e-37
1.339196693165379486e+02 1.033808577469654046e-37
1.402372345152778337e+02 9.878231233379134816e-38
1.468528263612159890e+02 9.440738830718507560e-38
1.537805040495719595e+02 9.024116707249118315e-38
1.610349900081052965e+02 8.625141609337788206e-38
1.686317011846387572e+02 8.240979511181714277e-38
1.765867818105494109e+02 7.871891320690567368e-38
1.849171377098529376e+02 7.521404595343739768e-38
1.936404722267943157e+02 7.189041272907911536e-38
2.027753238482988252e+02 6.869281412829009708e-38
2.123411056012337781e+02 6.558385317695517225e-38
2.223581463082079210e+02 6.257785257903369211e-38
2.328477337895857318e+02 5.973267261378134145e-38
2.438321601035243305e+02 5.704584188936693486e-38
2.553347689201765718e+02 5.449728931651378272e-38
2.673800051307408694e+02 5.207177503849399402e-38
2.799934667967805240e+02 4.975614542880714683e-38
2.932019595502150082e+02 4.752000357741537202e-38
3.070335535595947363e+02 4.535956158413547944e-38
3.215176431837168138e+02 4.329751646372906436e-38
3.366850094393579411e+02 4.134388856823153921e-38
3.525678854158801983e+02 3.948833366595395367e-38
3.692000247757226248e+02 3.771119231772523575e-38
3.866167734863537362e+02 3.600822504838782312e-38
4.048551449361319783e+02 3.438298173814589972e-38
4.239538985936978861e+02 3.283615172514926214e-38
4.439536223780727369e+02 3.136218938478719334e-38
4.648968189145045926e+02 2.995268423509330960e-38
4.868279958593717538e+02 2.860464817777168464e-38
5.097937604861036220e+02 2.731767244348540929e-38
5.338429187331216781e+02 2.608834953381503010e-38
5.590265789242951087e+02 2.491603922048575440e-38
5.853982603823416184e+02 2.380348163731499960e-38
6.130140071659818659e+02 2.274719250135174387e-38
6.419325071725642147e+02 2.173044817285939967e-38
6.722152168592758699e+02 2.074706094621425853e-38
7.039264918479835842e+02 1.980056322850874784e-38
7.371337236912644357e+02 1.889922715847835862e-38
7.719074830902825397e+02 1.804133950664937865e-38
8.083216698688625002e+02 1.722679491656842161e-38
8.464536700224806509e+02 1.645497482310497076e-38
8.863845201759403380e+02 1.572179347495995597e-38
9.281990797992125408e+02 1.502144411694999576e-38
9.719862115474359143e+02 1.435213780809488279e-38
1.017838970108337321e+03 1.370903176971918765e-38
1.065854799958385001e+03 1.308906369488369642e-38
1.116135742447955181e+03 1.249728950456649307e-38
1.168788652655581927e+03 1.194298496583380750e-38
1.223925426472174422e+03 1.142301141711791584e-38
1.281663238397748273e+03 1.092371091309491474e-38
1.342124790556059679e+03 1.044098613559003404e-38
1.405438573456326594e+03 9.976727650625330162e-39
1.471739139056200429e+03 9.534163720939070309e-39
1.541167386706274556e+03 9.112421204618517850e-39
1.613870862583853295e+03 8.711476489333355951e-39
1.690004073252263652e+03 8.330201697183556673e-39
1.769728814012121575e+03 7.965798396736134006e-39
1.853214512742332317e+03 7.613804188612048935e-39
1.940638589961548632e+03 7.274135372887467735e-39
2.032186835875253337e+03 6.948644233791169387e-39
2.128053805209809980e+03 6.637736562464202582e-39
2.228443230672488880e+03 6.341244757577723728e-39
2.333568455916195035e+03 6.059110188762462562e-39
2.443652888928996617e+03 5.790405987771066511e-39
2.558930476811988228e+03 5.532922608452861115e-39
2.679646202954432738e+03 5.286092100513555652e-39
2.806056607662842453e+03 5.050350285386934279e-39
2.938430333350315323e+03 4.826199403795119500e-39
3.077048695444812438e+03 4.613155044710017521e-39
3.222206280229626827e+03 4.411508684959389038e-39
3.374211570886556274e+03 4.220749276589786504e-39
3.533387603072183992e+03 4.038215031828760556e-39
3.700072651420572129e+03 3.861314362300927750e-39
3.874620948431163924e+03 3.690400006758812330e-39
4.057403437269745609e+03 3.527862786127254191e-39
4.248808560082262375e+03 3.373803068854473477e-39
4.449243083496728104e+03 3.227947021822560501e-39
4.659132963067699166e+03 3.089443284484719271e-39
4.878924248500203248e+03 2.957704768332298308e-39
5.109084031577011046e+03 2.831242286660229268e-39
5.350101438803702877e+03 2.709146520122412371e-39
5.602488670881054531e+03 2.591925183703569775e-39
5.866782091213753120e+03 2.479963259010512973e-39
6.143543365768845433e+03 2.373131466513385353e-39
6.433360656706082409e+03 2.271858709791052218e-39
6.736849872316986875e+03 2.176551700900211515e-39
7.054655975928894804e+03 2.084755528762298659e-39
7.387454356555630511e+03 1.994325894742174211e-39
7.735952264207577173e+03 1.906165451865861269e-39
8.100890312911632464e+03 1.823455086763091041e-39
8.483044054634905478e+03 1.746165399879419444e-39
8.883225627457228256e+03 1.672939679161127067e-39
9.302285481495013300e+03 1.602889241980460553e-39
9.741114186244361917e+03 1.535934772187653606e-39
1.020064432318420768e+04 1.472119479945931943e-39
1.068185246766184900e+04 1.411150007060412999e-39
1.118576126427234885e+04 1.353367661942907201e-39
1.171344160014255795e+04 1.298487469905901923e-39
1.226601488073825931e+04 1.246120182202673437e-39
1.284465541303092505e+04 1.195390795348564394e-39
1.345059290108853020e+04 1.146338196166450362e-39
1.408511505939436029e+04 1.099427382293332044e-39
1.474957034944700899e+04 1.054814225980810433e-39
1.544537084545766265e+04 1.012435748240769213e-39
1.617399523523464086e+04 9.723890947785255002e-40
1.693699196263234262e+04 9.348716320428371816e-40
1.773598251824333420e+04 8.990269914744711392e-40
1.857266488532616131e+04 8.642901806103293862e-40
1.944881714829252815e+04 8.321621067542104256e-40
2.036630127142224228e+04 8.002066965921559465e-40
2.132706705583642906e+04 7.710212308946434563e-40
2.233315628313787602e+04 7.429747144099923271e-40
2.338670705452515540e+04 7.155333721789585112e-40
2.448995833460088761e+04 6.906188933520500946e-40
2.564525470953118565e+04 6.647932575137520793e-40
2.685505136966782447e+04 6.404867889841182673e-40
2.812191932722212005e+04 6.179841046932788784e-40
2.944855088007860104e+04 5.966428377296531900e-40
3.083776533336075590e+04 5.753780310902137755e-40
3.229251499090702055e+04 5.556388294078569738e-40
3.381589142939067096e+04 5.365030753543243360e-40
3.541113206841678038e+04 5.189019230723491086e-40
3.708162705055896367e+04 5.019763067854879753e-40
3.883092644595649472e+04 4.856094018399500395e-40
4.066274779678403138e+04 4.696135517062175155e-40
4.258098401762549474e+04 4.547784364610512464e-40
4.458971166854289186e+04 4.420833355946131923e-40
4.669319961842120392e+04 4.299150694241337442e-40
4.889591811700048856e+04 4.179170207884207337e-40
5.120254829487417010e+04 4.067248383211952082e-40
5.361799211164396547e+04 3.961784079735111533e-40
5.614738277337100590e+04 3.851107987459161546e-40
5.879609564146321645e+04 3.762503554555302388e-40
6.156975965618183545e+04 3.637669405010215457e-40
6.447426929904300778e+04 3.549170359091300637e-40
6.751579711953851802e+04 3.466771037491200682e-40
7.070080685279429599e+04 3.393404342591360976e-40
7.403606715604591591e+04 3.323076918826582096e-40
7.752866599312229664e+04 3.254589648999721288e-40
8.118602569750744442e+04 3.186347762449066066e-40
8.501591874599053699e+04 3.117754901138787828e-40
8.902648427642848401e+04 3.050799898757105100e-40
9.322624538472043059e+04 2.990721817316232075e-40
9.762412723775565973e+04 2.941020610528151127e-40
1.022294760408266884e+05 2.900999359965132493e-40
1.070520788998168573e+05 2.870059251484203452e-40
1.121021846203714231e+05 2.847673935794911590e-40
1.173905254882568843e+05 2.806707929192086997e-40
1.229283400771911984e+05 2.705009152222769414e-40
1.287273971326181054e+05 2.545785718131820802e-40
1.348000205821814598e+05 2.337536847122330622e-40
1.411591157260511245e+05 2.092512017954826092e-40
1.478181966627574875e+05 1.824737235044412664e-40
1.547914150088229508e+05 1.542905703906949758e-40
1.620935899732189719e+05 1.218680023562971582e-40
1.697402398505655583e+05 7.275966917072138796e-41
1.777476149999999325e+05 4.834893545261914872e-41
