1.056583745000000130e-01 3.104789949102394083e-36
1.106424178641906425e-01 3.706790602950015787e-36
1.158615650559167987e-01 4.327840812554447998e-36
1.213269062294333317e-01 4.933419177886276908e-36
1.270500546760393035e-01 5.577058015900800704e-36
1.330431715011345939e-01 6.211875133266063558e-36
1.393189914653259198e-01 6.707126540510636366e-36
1.458908500444912604e-01 7.116807104083986070e-36
1.527727117663027767e-01 7.483726765556145030e-36
1.599791998834206863e-01 7.835167179705123341e-36
1.675256274464104189e-01 8.160998289998379200e-36
1.754280298424093498e-01 8.426444474939130980e-36
1.837031988686855799e-01 8.695477910004909581e-36
1.923687184134904582e-01 8.990515352645960560e-36
2.014430018200235317e-01 9.248882162693800779e-36
2.109453310129047743e-01 9.476665808977862451e-36
2.208958974702930067e-01 9.707793925940605781e-36
2.313158451287130879e-01 9.963707844898274200e-36
2.422273153117595612e-01 1.024103052509526103e-35
2.536534937781458887e-01 1.045513876906542393e-35
2.656186599890715816e-01 1.062157294868014888e-35
2.781482386995952627e-01 1.078849085547995365e-35
2.912688539836401080e-01 1.096683095785339869e-35
3.050083858074291165e-01 1.115464467182875535e-35
3.193960292715636862e-01 1.133208930612005143e-35
3.344623566476276344e-01 1.149211490387883480e-35
3.502393823411392160e-01 1.162948188108058229e-35
3.667606309188899405e-01 1.174680117497425590e-35
3.840612083452222270e-01 1.185343072970275089e-35
4.021778765786147014e-01 1.199710863912031211e-35
4.211491316870861201e-01 1.215940160544419140e-35
4.410152856484048089e-01 1.229166475196373601e-35
4.618185520089199692e-01 1.241353682400158535e-35
4.836031355830330281e-01 1.252633408867916273e-35
5.064153263839088481e-01 1.260111718753678234e-35
5.303035979850221349e-01 1.265586301895329672e-35
5.553187105215457997e-01 1.272744952330256939e-35
5.815138185504489243e-01 1.278484062325086282e-35
6.089445839984969355e-01 1.281757220701258558e-35
6.376692944381557870e-01 1.285441466328915876e-35
6.677489869427247760e-01 1.288144857121833593e-35
6.992475777838785822e-01 1.286494883899476023e-35
7.322319982472097477e-01 1.281848631841895871e-35
7.667723368543690743e-01 1.274942956951710742e-35
8.029419882940092013e-01 1.267291999196174879e-35
8.408178093779951068e-01 1.258777923450744745e-35
8.804802823542727808e-01 1.248971742171864137e-35
9.220136859234191462e-01 1.238903358702271150e-35
9.655062743222645461e-01 1.228530805643864564e-35
1.011050464855124842e+00 1.215398905822898679e-35
1.058743034271125039e+00 1.200787855108096528e-35
1.108685324404900197e+00 1.186725080781007056e-35
1.160983457517630990e+00 1.172581042291101982e-35
1.215748561796003768e+00 1.156290442785186643e-35
1.273097007488244170e+00 1.138126118656183003e-35
1.333150654179001027e+00 1.118970314868767636e-35
1.396037109728506920e+00 1.099177015425393554e-35
1.461890001426232155e+00 1.079196325086018605e-35
1.530849259935221029e+00 1.059709930281359058e-35
1.603061416630441105e+00 1.040616572355566884e-35
1.678679914962979192e+00 1.020419433655275505e-35
1.757865436511688584e+00 9.984938924342692836e-36
1.840786242415115570e+00 9.758758161391738720e-36
1.927618530909223526e+00 9.536011374304399872e-36
2.018546811730626445e+00 9.315742082932077286e-36
2.113764298180923262e+00 9.099536323193617449e-36
2.213473317685210162e+00 8.888301110268678463e-36
2.317885741717172543e+00 8.674578552112046458e-36
2.427223436004317225e+00 8.447429617388772582e-36
2.541718731969950351e+00 8.210168597186900873e-36
2.661614920413714280e+00 7.975995007181379802e-36
2.787166768479660384e+00 7.746056798265585124e-36
2.918641061010382565e+00 7.522968663060968849e-36
3.056317167437546445e+00 7.307798161318772919e-36
3.200487635413361787e+00 7.099926919152681009e-36
3.351458812444445101e+00 6.886699836400904243e-36
3.509551496848955399e+00 6.666700490487435866e-36
3.675101619420216625e+00 6.448792149358393570e-36
3.848460957245328107e+00 6.241858063219237177e-36
4.029997881195498621e+00 6.043386794460415093e-36
4.220098138676505073e+00 5.849287746695752951e-36
4.419165673302489772e+00 5.658015542771501007e-36
4.627623483234840407e+00 5.469115939126963345e-36
4.845914520010060400e+00 5.281122014808741705e-36
5.074502629766481476e+00 5.094968744459983122e-36
5.313873538869911428e+00 4.915514586196984194e-36
5.564535886032488499e+00 4.743492389875457735e-36
5.827022303117967539e+00 4.575894136589330980e-36
6.101890546929971570e+00 4.410117960618317698e-36
6.389724684388178311e+00 4.247497155174136377e-36
6.691136333610835152e+00 4.088241062456404845e-36
7.006765963540715347e+00 3.931969873139252923e-36
7.337284254876170309e+00 3.780741797615776720e-36
7.683393525199046614e+00 3.635647265978088923e-36
8.045829221327736036e+00 3.496082740550748703e-36
8.425361482066517027e+00 3.361536568339052248e-36
8.822796774671749276e+00 3.231913916310387522e-36
9.238979608512384090e+00 3.105958269617538293e-36
9.674794329566028139e+00 2.982736900781424603e-36
1.013116699956372990e+01 2.862758251293369207e-36
1.060906736377652848e+01 2.749288397275124092e-36
1.110951091162500148e+01 2.642093672242882888e-36
1.163356103449044276e+01 2.538486519202772381e-36
1.218233128531290177e+01 2.436670701275468683e-36
1.275698774477731767e+01 2.336735664380382883e-36
1.335875149911577076e+01 2.238172824315301010e-36
1.398890123479091763e+01 2.141187764161702314e-36
1.464877595557395651e+01 2.048992614344535077e-36
1.533977782779084542e+01 1.963160429088441454e-36
1.606337515978234975e+01 1.882681918464207419e-36
1.682110552190917829e+01 1.804612674637982714e-36
1.761457901373185564e+01 1.728597090856052077e-36
1.844548168530760890e+01 1.654751285347689238e-36
1.931557911987448861e+01 1.583072751097254382e-36
2.022672018553520346e+01 1.514149436977145996e-36
2.118084096391284987e+01 1.449851957238841739e-36
2.217996886412646163e+01 1.389954992181149397e-36
2.322622693082806222e+01 1.332161691277090053e-36
2.432183835545563610e+01 1.275422181878094684e-36
2.546913120028759181e+01 1.220229885007032204e-36
2.667054334533713345e+01 1.167883558137154126e-36
2.792862766859812140e+01 1.118240828660548781e-36
2.924605747064969918e+01 1.070878214418498072e-36
3.062563215514693482e+01 1.025536292684402153e-36
3.207028317726731359e+01 9.820375812044802323e-37
3.358308027275331398e+01 9.402895363817322789e-37
3.516723798078714935e+01 9.002341896945999681e-37
3.682612247455771382e+01 8.617591744767131787e-37
3.856325871403478089e+01 8.247912967476609542e-37
4.038233793614841005e+01 7.891350290189087236e-37
4.228722549829014099e+01 7.541676005286518259e-37
4.428196909180235252e+01 7.199427341728340689e-37
4.637080734290842798e+01 6.876151254728806872e-37
4.855817881936042824e+01 6.574639173742534841e-37
5.084873146194167504e+01 6.289599663363189669e-37
5.324733246086580607e+01 6.012475894818939069e-37
5.575907859805850819e+01 5.743365139488956031e-37
5.838930707729785041e+01 5.486191260599103677e-37
6.114360686522704924e+01 5.241705893812590037e-37
6.402783056733703404e+01 5.009476809429852856e-37
6.704810686415490295e+01 4.789901748915093406e-37
7.021085353406360241e+01 4.581875972738027025e-37
7.352279109042463290e+01 4.381775555660446024e-37
7.699095706198235689e+01 4.188415456896393788e-37
8.062272094689292601e+01 4.002560367872342527e-37
8.442579987215457038e+01 3.825357928244143530e-37
8.840827499171365389e+01 3.656340051916820721e-37
9.257860865809036000e+01 3.494128883737229232e-37
9.694566240401329082e+01 3.338212497017611074e-37
1.015187157722702977e+02 3.188651752564115426e-37
1.063074860337883223e+02 3.045408607994568583e-37
1.113221488358409914e+02 2.908278012086981573e-37
1.165733598242583042e+02 2.778117084200539996e-37
1.220722772855854856e+02 2.654791475933118526e-37
1.278305858573008038e+02 2.537620491933526912e-37
1.338605213564758003e+02 2.425985503419317920e-37
1.401748967796359864e+02 2.319490682072155735e-37
1.467871295290679257e+02 2.216850628703458243e-37
1.537112699234286026e+02 2.117736935977186584e-37
1.609620310532354495e+02 2.022878719999868251e-37
1.685548200446799285e+02 1.933109133028900417e-37
1.765057707981958970e+02 1.847888984957117615e-37
1.848317782713479289e+02 1.765462253167942469e-37
1.935505343788901484e+02 1.685484183186848573e-37
2.026805655862759181e+02 1.608566523309092364e-37
2.122412722765032811e+02 1.535299697223249118e-37
2.222529699739449143e+02 1.465560762693463333e-37
2.327369325127618822e+02 1.399516345359511265e-37
2.437154372416256081e+02 1.337012983792124363e-37
2.552118123608068743e+02 1.277444242105524107e-37
2.672504864922167371e+02 1.220251158933470747e-37
2.798570405877298981e+02 1.165433510087534916e-37
2.930582622860941342e+02 1.113472016094129153e-37
3.068822028339230314e+02 1.064291767931183106e-37
3.213582366917277113e+02 1.017268165660883783e-37
3.365171239516432138e+02 9.718869005332467077e-38
3.523910756994783355e+02 9.281539108510829270e-38
3.690138224599821228e+02 8.862251545070250010e-38
3.864206858707597121e+02 8.460626525298350008e-38
4.046486537371415579e+02 8.077581246523236992e-38
4.237364586274894123e+02 7.713439519469078951e-38
4.437246601759427449e+02 7.367109651383930445e-38
4.646557312674976856e+02 7.037615129964951852e-38
4.865741482885441656e+02 6.724063267405915800e-38
5.095264856346407782e+02 6.424204885254147341e-38
5.335615146763448138e+02 6.136532436700039293e-38
5.587303073933870792e+02 5.861110559494780695e-38
5.850863448974108678e+02 5.599489323800573137e-38
6.126856310738650109e+02 5.351127905161440644e-38
6.415868115845364628e+02 5.113151686827757896e-38
6.718512984835866746e+02 4.883663861843570699e-38
7.035434007118861928e+02 4.662591726968323166e-38
7.367304607469444591e+02 4.450281699456065667e-38
7.714829976987871305e+02 4.246540833678280594e-38
8.078748571558576259e+02 4.053626204917442718e-38
8.459833680993433518e+02 3.872466654482628164e-38
8.858895072193536180e+02 3.701163350055084592e-38
9.276780709821124447e+02 3.535419333505420962e-38
9.714378558137780146e+02 3.374925336778940938e-38
1.017261846783771603e+03 3.222434269839077554e-38
1.065247415188545119e+03 3.078917387670274680e-38
1.115496525455633218e+03 2.943123881577880365e-38
1.168115951807634701e+03 2.812610895823801459e-38
1.223217505146522171e+03 2.687050710157070427e-38
1.280918270640386936e+03 2.565877955796664352e-38
1.341340856517434986e+03 2.448928031304242297e-38
1.404613654595959360e+03 2.336706481356256797e-38
1.470871113103809648e+03 2.230615849287392633e-38
1.540254022367140578e+03 2.130358507466458208e-38
1.612909813975471479e+03 2.035072660598045497e-38
1.688992874058722691e+03 1.944186177399273639e-38
1.768664871341983826e+03 1.857316926335294370e-38
1.852095100675004915e+03 1.773861707019728430e-38
1.939460842766456153e+03 1.693722617483770593e-38
2.030947740887322880e+03 1.617453855413111824e-38
2.126750195343851829e+03 1.545060947356001663e-38
2.227071776558361307e+03 1.476338509114971084e-38
2.332125657635550851e+03 1.411104600874660848e-38
2.442135067333565985e+03 1.349103052929631820e-38
2.557333764402309043e+03 1.289068612856160254e-38
2.677966534296848749e+03 1.230764868987178659e-38
2.804289709321531973e+03 1.174794030633379421e-38
2.936571713309888310e+03 1.122254802723734563e-38
3.075093631997854118e+03 1.072899569820172146e-38
3.220149810302244077e+03 1.025705804248414303e-38
3.372048477773568720e+03 9.801613856927951495e-39
3.531112403552369415e+03 9.361199795782538718e-39
3.697679582220603606e+03 8.933686111542642879e-39
3.872103952005596511e+03 8.519991671784231188e-39
4.054756146862617697e+03 8.130948619212555870e-39
4.246024284034094308e+03 7.768465494663035875e-39
4.446314788759138537e+03 7.426318353727739840e-39
4.656053257885577295e+03 7.095955305158806114e-39
4.875685364219772055e+03 6.777307738707345758e-39
5.105677803535799285e+03 6.473527547879585099e-39
5.346519286256198939e+03 6.185552670639019843e-39
5.598721575911741638e+03 5.912450556072017631e-39
5.862820576586546849e+03 5.653244071801512026e-39
6.139377471659502589e+03 5.406940362312811418e-39
6.428979916261624567e+03 5.170609979588560778e-39
6.732243285983044188e+03 4.942796811885125820e-39
7.049811984483334527e+03 4.723599011070789312e-39
7.382360812783322217e+03 4.513077516639634371e-39
7.730596403148310856e+03 4.311069992114143136e-39
8.095258720609459488e+03 4.118227915172236868e-39
8.477122635313719002e+03 3.934264663854911488e-39
8.876999569043815427e+03 3.759458646112457622e-39
9.295739219406472330e+03 3.594159364217421769e-39
9.734231365353012734e+03 3.437479513896306535e-39
1.019340775786873019e+04 3.286688914884266278e-39
1.067424409984835620e+04 3.141167150394536458e-39
1.117776211936512664e+04 3.002052467177798257e-39
1.170503174073833725e+04 2.870283109755329425e-39
1.225717335801322770e+04 2.745180412735396846e-39
1.283536021568385149e+04 2.624902808961499101e-39
1.344082090171753407e+04 2.509414442230694188e-39
1.407484195817890395e+04 2.399048305256817453e-39
1.473877061500008676e+04 2.294018815661085817e-39
1.543401765270666147e+04 2.194037531570653606e-39
1.616206040018215936e+04 2.098735332730065537e-39
1.692444587384069746e+04 2.007728332719174117e-39
1.772279406487898086e+04 1.921404608232931404e-39
1.855880138159175840e+04 1.839883936384825302e-39
1.943424425406611772e+04 1.762757296434128348e-39
2.035098290891396027e+04 1.689183355947836202e-39
2.131096532206311167e+04 1.618812384334419265e-39
2.231623135800735326e+04 1.551016724363082257e-39
2.336891710430966123e+04 1.485340320020100917e-39
2.447125941057003001e+04 1.422025858487948130e-39
2.562560064150238031e+04 1.362234887727871292e-39
2.683439365421975162e+04 1.306025541355525762e-39
2.810020701030536293e+04 1.252265029050973234e-39
2.942573043374301778e+04 1.200062900802540446e-39
3.081378052630577076e+04 1.149492017924906763e-39
3.226730675254695961e+04 1.100853555539801552e-39
3.378939770711043820e+04 1.054077776057112569e-39
3.538328767767897807e+04 1.009787521927859076e-39
3.705236351750449830e+04 9.682652941693610866e-40
3.880017184212520078e+04 9.290219515024515132e-40
4.063042656556128350e+04 8.908363703550967348e-40
4.254701679200201761e+04 8.536377226616185499e-40
4.455401507975523418e+04 8.181863656929890914e-40
4.665568609501684841e+04 7.846859993198817961e-40
4.885649567385078262e+04 7.529872251782600628e-40
5.116112031163440406e+04 7.229078269774322097e-40
5.357445710013243661e+04 6.944522381464309477e-40
5.610163413331720221e+04 6.672123381944809087e-40
5.874802140404333477e+04 6.409586509636660479e-40
6.151924221473395301e+04 6.158030914841183415e-40
6.442118512632384954e+04 5.921163673455848424e-40
6.746001647084867000e+04 5.698429777883681081e-40
7.064219345427110966e+04 5.489764176659318770e-40
7.397447787738266925e+04 5.292124317872585630e-40
7.746395050393935526e+04 5.099019116201077922e-40
8.111802610656143224e+04 4.919156637651705384e-40
8.494446922236611135e+04 4.743960192097247621e-40
8.895141065181652084e+04 4.578749170010291422e-40
9.314736473584029591e+04 4.416886911052513951e-40
9.754124744793421996e+04 4.266296040165855421e-40
1.021423953396970319e+05 4.119941858131384512e-40
1.069605853800457844e+05 3.976455683192975281e-40
1.120060557302769594e+05 3.853401489229653865e-40
1.172895274991111655e+05 3.726890176987083479e-40
1.228222275239537994e+05 3.608049119865595068e-40
1.286159122267776547e+05 3.495601929774598878e-40
1.346828925953160506e+05 3.391335567679157205e-40
1.410360603426553134e+05 3.286924913257064170e-40
1.476889153008055000e+05 3.192373916766412902e-40
1.546555941064639192e+05 3.105200984144110341e-40
1.619509002399242017e+05 3.026097527941251539e-40
1.695903354809563025e+05 2.946485799448243924e-40
1.775901328485065605e+05 2.875137843586286750e-40
1.859672910942010058e+05 2.813145945057969888e-40
1.947396108229559904e+05 2.751392670750411934e-40
2.039257323174451303e+05 2.694136833286324398e-40
2.135451751467917929e+05 2.637953771391056688e-40
2.236183796436612029e+05 2.587501732163980199e-40
2.341667503378750116e+05 2.549287090467701352e-40
2.452127014388503158e+05 2.479628720260413608e-40
2.567797044635048369e+05 2.442221535039480088e-40
2.688923381108275498e+05 2.410490340040997866e-40
2.815763404891056125e+05 2.385688540792336579e-40
2.948586638067697058e+05 2.364979073883366959e-40
3.087675316430830862e+05 2.347822966570421880e-40
3.233324989203645964e+05 2.334183177992782637e-40
3.385845147051734384e+05 2.324018857777035008e-40
3.545559879719136516e+05 2.317587430673147336e-40
3.712808564685939346e+05 2.318744063625071610e-40
3.887946588310678490e+05 2.329112680065459460e-40
4.071346100990080740e+05 2.348886757427102448e-40
4.263396807940558647e+05 2.378326856162572518e-40
4.464506797281980980e+05 2.417717893823809277e-40
4.675103407183239469e+05 2.462619419843801573e-40
4.895634133912108373e+05 2.505451550209522905e-40
5.126567582719142083e+05 2.543795876945439099e-40
5.368394463575865375e+05 2.575370744767923707e-40
5.621628633883324219e+05 2.595270399289054718e-40
5.886808190366569906e+05 2.593874678410898714e-40
6.164496612475115107e+05 2.551361115334633265e-40
6.455283959719253471e+05 2.426614816545284215e-40
6.759788125486117788e+05 2.153571911173002387e-40
7.078656149999998743e+05 1.545897336357072511e-40
