1.776820000000000066e+00 0.000000000000000000e+00
1.860553902174403973e+00 0.000000000000000000e+00
1.948233823851825974e+00 0.000000000000000000e+00
2.040045723998871630e+00 0.000000000000000000e+00
2.136184325030283215e+00 0.000000000000000000e+00
2.236853525792645847e+00 0.000000000000000000e+00
2.342266834010243493e+00 4.825021269555012093e-42
2.452647819110233662e+00 9.880808682268227305e-42
2.568230586387527659e+00 2.023418649605064547e-41
2.689260273515027944e+00 4.143611280438005204e-41
2.815993570452263395e+00 8.485398929541362716e-41
2.948699263855083963e+00 1.446773437879392825e-40
3.087658807141054673e+00 2.284373534120222567e-40
3.233166917419577846e+00 3.361874395128845966e-40
3.385532200552776594e+00 4.860983448008868980e-40
3.545077805672811611e+00 7.095534672652756518e-40
3.712142110543793283e+00 9.960636957464721520e-40
3.887079439221858390e+00 1.328991810850952981e-39
4.070260813535486299e+00 1.708712945408760862e-39
4.262074739979858862e+00 2.168933199114269793e-39
4.462928033694175234e+00 2.714541572492501477e-39
4.673246681269479730e+00 3.275680905602861592e-39
4.893476744216923358e+00 3.939112677274575442e-39
5.124085305012603619e+00 4.693651973817925141e-39
5.365561457725442907e+00 5.479609842035850160e-39
5.618417345329102197e+00 6.403404569296373501e-39
5.883189245897960440e+00 7.376416530707860404e-39
6.160438709990848416e+00 8.333688268829472860e-39
6.450753751634788813e+00 9.323856287276672090e-39
6.754750095434698842e+00 1.039346560224530372e-38
7.073072482454023202e+00 1.162255321592249245e-38
7.406396037635905927e+00 1.288146185474739698e-38
7.755427701665069229e+00 1.415835334269865189e-38
8.120907730307186156e+00 1.549148399640115403e-38
8.503611264405689596e+00 1.688866893670267891e-38
8.904349973865794965e+00 1.835143550769564031e-38
9.323973779112435523e+00 1.971311565155580472e-38
9.763372653673116019e+00 2.100373355293962234e-38
1.022347851170877497e+01 2.241995431206604840e-38
1.070526718449585779e+01 2.393371239178664174e-38
1.120976049005153286e+01 2.542112015734804898e-38
1.173802840029143368e+01 2.683883611897318725e-38
1.229119131031629841e+01 2.822494295593302958e-38
1.287042241464026304e+01 2.947416289861956971e-38
1.347695019540069161e+01 3.072289957724682681e-38
1.411206102782659677e+01 3.203398211580129218e-38
1.477710190849163396e+01 3.319633644212288548e-38
1.547348331213794381e+01 3.432318708530346439e-38
1.620268218312984487e+01 3.541594668428585075e-38
1.696624506788190345e+01 3.641426348465808583e-38
1.776579139490489467e+01 3.744309162936919225e-38
1.860301690942624830e+01 3.827465309909585794e-38
1.947969726986944394e+01 3.896540864533578140e-38
2.039769181382001406e+01 3.966055458951969000e-38
2.135894750146538357e+01 4.036639111260409129e-38
2.236550304487210639e+01 4.107341846006195658e-38
2.341949323185821541e+01 4.163873663622816538e-38
2.452315345363111732e+01 4.199926098127882307e-38
2.567882444579365853e+01 4.237053740987480312e-38
2.688895725277341953e+01 4.280447993326003007e-38
2.815611842620430139e+01 4.308132196651790276e-38
2.948299546828550532e+01 4.329732186390905086e-38
3.087240253166266868e+01 4.344574457806910017e-38
3.232728638791995479e+01 4.356258683151918434e-38
3.385073267734151869e+01 4.359720639585888565e-38
3.544597245319749845e+01 4.353178323416968503e-38
3.711638903443400750e+01 4.334241389786453976e-38
3.886552518130111622e+01 4.314168117563866511e-38
4.069709060913730525e+01 4.286052879125820729e-38
4.261496985624638967e+01 4.244192689714964676e-38
4.462323052255366918e+01 4.210763943538863947e-38
4.672613189651467280e+01 4.162828673157640532e-38
4.892813398857298779e+01 4.121046621016034830e-38
5.123390699032628959e+01 4.072478507001532308e-38
5.364834117946221426e+01 4.013357990574979443e-38
5.617655729147138999e+01 3.950870783216881537e-38
5.882391738013476612e+01 3.891650926692261709e-38
6.159603618981915929e+01 3.827057304150694833e-38
6.449879306370023357e+01 3.759611458257342482e-38
6.753834441316894299e+01 3.695162908071529140e-38
7.072113677486764516e+01 3.622505954882625273e-38
7.405392048304818786e+01 3.549134108373273777e-38
7.754376398624977185e+01 3.468740684730065895e-38
8.119806883866010594e+01 3.387643081409534151e-38
8.502458539795529191e+01 3.310730764905903424e-38
8.903142926291158687e+01 3.234371305264678762e-38
9.322709848565109780e+01 3.146283531466687430e-38
9.762049159502684859e+01 3.061979760608790183e-38
1.022209264693726993e+02 2.980243774481224083e-38
1.070381600986448802e+02 2.895247921960714275e-38
1.120824092778685070e+02 2.812041832601048293e-38
1.173643722757774412e+02 2.729881116626221801e-38
1.228952515246041486e+02 2.645983732987270270e-38
1.286867773791420291e+02 2.566139132055910790e-38
1.347512329954702750e+02 2.487291693254018498e-38
1.411014803821065300e+02 2.409087235461026271e-38
1.477509876788382712e+02 2.333095780192240924e-38
1.547138577210887149e+02 2.256868562065793325e-38
1.620048579503985309e+02 2.182451785798497603e-38
1.696394517344604367e+02 2.111388612572865122e-38
1.776338311631323563e+02 2.041530223687537339e-38
1.860049513899859335e+02 1.968598918973629202e-38
1.947705665922258049e+02 1.903624367198988958e-38
2.039492676252436070e+02 1.835454801657439432e-38
2.135605214516714341e+02 1.770833063471597040e-38
2.236247124285565064e+02 1.710553774030367583e-38
2.341631855402233953e+02 1.646938412005311010e-38
2.451982916685154521e+02 1.585932399167376895e-38
2.567534349964284957e+02 1.525367930679547233e-38
2.688531226456743752e+02 1.467253365652599588e-38
2.815230166534500427e+02 1.410754401816342697e-38
2.947899883986482905e+02 1.357987920685916378e-38
3.086821755929425990e+02 1.303431893076611007e-38
3.232290419576175395e+02 1.253848848637276068e-38
3.384614397127111260e+02 1.206097196979862450e-38
3.544116750110036378e+02 1.158095802210232826e-38
3.711135764556283334e+02 1.112605122611231104e-38
3.886025668466239154e+02 1.068345754391838631e-38
4.069157383085938591e+02 1.025576221829468408e-38
4.260919309588101100e+02 9.841669812268352678e-39
4.461718152826064738e+02 9.442295350637176835e-39
4.671979783907716524e+02 9.061593977598584552e-39
4.892150143418821244e+02 8.692900503044307919e-39
5.122696187211398637e+02 8.343503662004863740e-39
5.364106876763042919e+02 7.997239363790949458e-39
5.616894216207625732e+02 7.668510588910011523e-39
5.881594338236815247e+02 7.355080936548591433e-39
6.158768641175464609e+02 7.046668285746888662e-39
6.449004979642485296e+02 6.755863301440429144e-39
6.752918911322468603e+02 6.475640532645854886e-39
7.071155002492288304e+02 6.203845968361949619e-39
7.404388195071579730e+02 5.939650820809275916e-39
7.753325238096441581e+02 5.697868029380397125e-39
8.118706186652348151e+02 5.452887413742560414e-39
8.501305971445335672e+02 5.224132169955202714e-39
8.901936042340349786e+02 5.002829403730255397e-39
9.321446089352499484e+02 4.789910661228680461e-39
9.760725844741240280e+02 4.591764123724867483e-39
1.022070697002953011e+03 4.396908690722543802e-39
1.070236503195009618e+03 4.213379512578403735e-39
1.120672157150957446e+03 4.036265960925876675e-39
1.173484627055875535e+03 3.862383378425881269e-39
1.228785922046399946e+03 3.697272187310461737e-39
1.286693329769139609e+03 3.542324713741824330e-39
1.347329665134200241e+03 3.392040714671549216e-39
1.410823530791396706e+03 3.247433575686364770e-39
1.477309589881588181e+03 3.108931306126821107e-39
1.546928851641616575e+03 2.974472664839435852e-39
1.619828970468578291e+03 2.847186979452399266e-39
1.696164559077712283e+03 2.723018979668277667e-39
1.776097516418075429e+03 2.605301788969585653e-39
1.859797371041477390e+03 2.497368182657290288e-39
1.947441640652918522e+03 2.391261413224780664e-39
2.039216208605098245e+03 2.290108189602591818e-39
2.135315718135494535e+03 2.190283473925335498e-39
2.235943985182142114e+03 2.096768255057155487e-39
2.341314430653651925e+03 2.007305793517862883e-39
2.451650533070257552e+03 1.921019135518729754e-39
2.567186302535892992e+03 1.839637275823433443e-39
2.688166777046541483e+03 1.761741118860438572e-39
2.814848542187466137e+03 1.688707121908288763e-39
2.947500275321539448e+03 1.617219248290313374e-39
3.086403315422845480e+03 1.549061374161934602e-39
3.231852259764069004e+03 1.482811815907688886e-39
3.384155588723226629e+03 1.420561324323196090e-39
3.543636320034846904e+03 1.360138075951441819e-39
3.710632693873199969e+03 1.303785570225353870e-39
3.885498890220564135e+03 1.251150510451559104e-39
4.068605780041978051e+03 1.199954398989771843e-39
4.260341711859635325e+03 1.150733683727261793e-39
4.461113335395157264e+03 1.101871324780833552e-39
4.671346464026592912e+03 1.056853256816330141e-39
4.891486977889308946e+03 1.011513745047864393e-39
5.122001769536157553e+03 9.700642922381631450e-40
5.363379734162549539e+03 9.304239251670657649e-40
5.616132806496577359e+03 8.926384139399794552e-40
5.880797046553333530e+03 8.569417930343064158e-40
6.157933776556158591e+03 8.221732610600020628e-40
6.448130771436119176e+03 7.888042241440720349e-40
6.752003505434608996e+03 7.574936657097915108e-40
7.070196457452986579e+03 7.277411208395893255e-40
7.403384477917741606e+03 6.981019658697006947e-40
7.752274220060145126e+03 6.712018424349665989e-40
8.117605638645972249e+03 6.450552429311514356e-40
8.500153559333926751e+03 6.191840875202115742e-40
8.900729321991189863e+03 5.946006365577770677e-40
9.320182501451383359e+03 5.720865859840504653e-40
9.759402709364465409e+03 5.507226931155087446e-40
1.021932148096008859e+04 5.298589803164108311e-40
1.070091425072601851e+04 5.097389919972079894e-40
1.120520242119178147e+04 4.910769187999825059e-40
1.173325552920523660e+04 4.735022015020107950e-40
1.228619351429644121e+04 4.557018548312545766e-40
1.286518909393979084e+04 4.384578918310245599e-40
1.347147025075205238e+04 4.224146229044381979e-40
1.410632283690138865e+04 4.067159585494542013e-40
1.477109330125099223e+04 3.919558996521568203e-40
1.546719154502129277e+04 3.782303294400449425e-40
1.619609391202728148e+04 3.647177355043409548e-40
1.695934631983288637e+04 3.516976527461722146e-40
1.775856753846320498e+04 3.394652840302719039e-40
1.859545262362840003e+04 3.264220059095346189e-40
1.947177651174068160e+04 3.136645878759971893e-40
2.038939778434902109e+04 3.025042193923575166e-40
2.135026260997552890e+04 2.918891275035482039e-40
2.235640887171364739e+04 2.818190597427707790e-40
2.340997048934236227e+04 2.721572141558145501e-40
2.451318194512306945e+04 2.622331534440008772e-40
2.566838302287787883e+04 2.520735255078596952e-40
2.687802377040029751e+04 2.417313101102381850e-40
2.814466969572306698e+04 2.311919755872825455e-40
2.947100720826378165e+04 2.206746575501629748e-40
3.085984931638835769e+04 2.104264914531075376e-40
3.231414159347625173e+04 2.004076704391957683e-40
3.383696842514067248e+04 1.905476283928233286e-40
3.543155955085353344e+04 1.807463834227610349e-40
3.710129691384907346e+04 1.678854325415570211e-40
3.884972183383408264e+04 1.475624597637048410e-40
4.068054251771712006e+04 1.224634791953744163e-40
4.259764192428627575e+04 9.551527102968174691e-41
4.460508599951532960e+04 6.887667266232460188e-41
4.670713229996460723e+04 4.381173295721890250e-41
4.890823902256575821e+04 2.196600284742710566e-41
5.121307445994146110e+04 8.386127268021460210e-42
5.362652690131380223e+04 4.084504182079765002e-42
5.615371500000002561e+04 1.918222954091335606e-42
