1.776820000000000066e+00 0.000000000000000000e+00
1.860745910571543149e+00 0.000000000000000000e+00
1.948635958458775130e+00 3.307105065672492985e-53
2.040677384819410634e+00 1.204939761533377551e-50
2.137066274917295949e+00 4.390183559616831565e-48
2.238007975862900789e+00 1.599558110905260268e-45
2.343717534085269616e+00 5.827970779395270675e-43
2.454420153467423482e+00 5.821517115359244264e-42
2.570351675121220314e+00 1.204259790009811193e-41
2.691759079823801137e+00 2.491174745511300566e-41
2.818901014185994036e+00 5.153442476425581483e-41
2.952048341673643606e+00 1.066053902186445061e-40
3.091484719655754443e+00 1.673102378881187219e-40
3.237507203708793746e+00 2.670279647590868913e-40
3.390426880464564974e+00 4.050776939419643355e-40
3.550569530349879876e+00 5.881608243075046537e-40
3.718276321629914172e+00 8.267899751925694167e-40
3.893904537233856544e+00 1.106614518082616455e-39
4.077828335911277691e+00 1.437902217993765574e-39
4.270439549340772523e+00 1.819705856414325339e-39
4.472148516889062009e+00 2.296557773184423892e-39
4.683384959798918779e+00 2.898780744645645788e-39
4.904598896668266761e+00 3.513376829983442006e-39
5.136261602170832496e+00 4.146764616191688702e-39
5.378866611060781899e+00 4.819383967324952292e-39
5.632930769600275944e+00 5.630477064799734844e-39
5.898995336649930366e+00 6.590545268619287650e-39
6.177627136767912752e+00 7.490575440170710176e-39
6.469419767774271968e+00 8.425176521448939108e-39
6.774994865353090923e+00 9.461720876659606665e-39
7.095003427386548545e+00 1.050269708796902183e-38
7.430127200842291835e+00 1.159022515444065121e-38
7.781080134168728790e+00 1.271868102115078248e-38
8.148609898292420439e+00 1.380668930029342961e-38
8.533499479457915982e+00 1.483929138274187403e-38
8.936568847303448138e+00 1.592407603593368760e-38
9.358676701726084346e+00 1.706235411715759882e-38
9.800722302257957708e+00 1.812058014493329458e-38
1.026364738385082020e+01 1.923368972073796859e-38
1.074843816315030942e+01 2.032717722122952196e-38
1.125612743953413819e+01 2.146494001812447140e-38
1.178779679539023739e+01 2.256624294784505386e-38
1.234457890032233252e+01 2.342728762027053773e-38
1.292765992419183085e+01 2.430565399256564558e-38
1.353828206413681379e+01 2.513683423905900261e-38
1.417774619095161448e+01 2.588085677359793326e-38
1.484741462046492622e+01 2.663297392038612564e-38
1.554871401582054169e+01 2.728543503012174627e-38
1.628313842684374890e+01 2.789770234654376245e-38
1.705225247296847257e+01 2.848655321008586750e-38
1.785769467650609954e+01 2.891618238349661223e-38
1.870118095335709185e+01 2.936186487135303529e-38
1.958450826860213212e+01 2.967951661837075313e-38
2.050955846476063371e+01 2.993025871342876629e-38
2.147830227087230526e+01 3.015501005338913859e-38
2.249280350094277026e+01 3.037620231104040985e-38
2.355522345069761059e+01 3.051420708356731144e-38
2.466782550201173763e+01 3.049982470901590852e-38
2.583297994482320448e+01 3.040355289199484802e-38
2.705316902680432989e+01 3.029429150256156342e-38
2.833099224154775797e+01 3.014980611589063600e-38
2.966917186653353156e+01 3.000846515402366285e-38
3.107055876267518713e+01 2.977687530725974409e-38
3.253813844780038522e+01 2.949209718032765410e-38
3.407503745700479669e+01 2.917935573944019241e-38
3.568453000342962866e+01 2.882060599398262939e-38
3.737004495365271595e+01 2.845927080030836664e-38
3.913517313255366048e+01 2.804694270759029341e-38
4.098367497321538622e+01 2.758887882288879563e-38
4.291948852815919935e+01 2.710589845043450145e-38
4.494673785898092433e+01 2.661554461560057033e-38
4.706974182226107217e+01 2.612228298653324512e-38
4.929302327046669063e+01 2.561864024375981208e-38
5.162131868744654639e+01 2.502464405013579324e-38
5.405958827904714070e+01 2.445881356681710006e-38
5.661302654034640369e+01 2.390382677199286513e-38
5.928707332201788205e+01 2.334318368313513874e-38
6.208742541940095805e+01 2.275632684078518501e-38
6.502004870896659838e+01 2.213212358531055612e-38
6.809119085803405369e+01 2.152773935811808388e-38
7.130739463481575058e+01 2.097144901428292832e-38
7.467551184714524481e+01 2.038312690341257471e-38
7.820271793958438877e+01 1.976462277937810204e-38
8.189652728000670834e+01 1.918977209769983027e-38
8.576480916822374923e+01 1.862388021801535137e-38
8.981580460075925032e+01 1.805275271430043220e-38
9.405814382748707203e+01 1.749463475832410102e-38
9.850086473753481187e+01 1.692214250820835494e-38
1.031534321136235661e+02 1.636253621843846292e-38
1.080257577958624040e+02 1.579093907400438490e-38
1.131282217979553906e+02 1.525038726172795751e-38
1.184716944208056475e+02 1.474744885100637379e-38
1.240675594106299542e+02 1.424446797145027508e-38
1.299277382109171413e+02 1.373435140280491136e-38
1.360647153598980026e+02 1.324989382656657426e-38
1.424915650876348536e+02 1.279193958968092399e-38
1.492219791693898685e+02 1.233508973593115399e-38
1.562702960946151336e+02 1.187002041584741811e-38
1.636515316137028435e+02 1.143723041157628271e-38
1.713814107275734386e+02 1.103016713082231168e-38
1.794764011882543571e+02 1.061086784668357975e-38
1.879537485818159155e+02 1.019225061579599491e-38
1.968315130684063377e+02 9.804777408189286139e-39
2.061286078576595173e+02 9.433348272103732735e-39
2.158648395014379560e+02 9.063560496526909272e-39
2.260609500897575401e+02 8.706713000355279481e-39
2.367386614397824758e+02 8.357022170497780120e-39
2.479207213720332561e+02 8.039855948655809015e-39
2.596309521723968032e+02 7.716137317806516205e-39
2.718943013431766076e+02 7.403850459371862432e-39
2.847368947513102171e+02 7.102823025531664960e-39
2.981860922869734054e+02 6.815546783872061367e-39
3.122705461511544627e+02 6.532999895479742916e-39
3.270202618963672876e+02 6.263325156662299018e-39
3.424666623505477219e+02 6.008918990842471225e-39
3.586426545603198406e+02 5.756106732931981853e-39
3.755826998962401149e+02 5.522878445685030240e-39
3.933228874693821808e+02 5.289441664042284519e-39
4.119010110156597193e+02 5.069163794807633534e-39
4.313566494116864192e+02 4.859178160407212520e-39
4.517312509937071923e+02 4.654701753330724612e-39
4.730682218592246500e+02 4.464883027028338062e-39
4.954130183394515257e+02 4.278930409498717257e-39
5.188132438395779218e+02 4.097790730118768674e-39
5.433187502531776545e+02 3.921669659958793704e-39
5.689817441667937601e+02 3.755328045316191449e-39
5.958568980809676532e+02 3.598614236990510933e-39
6.240014668846624772e+02 3.444981480386521007e-39
6.534754098312037058e+02 3.299924765156523008e-39
6.843415182756131117e+02 3.156709150254333346e-39
7.166655494454523705e+02 3.023700446979569984e-39
7.505163665301679430e+02 2.888811663958575805e-39
7.859660853873909900e+02 2.766717435584993088e-39
8.230902281787189168e+02 2.645984491695628367e-39
8.619678842623051196e+02 2.534712854245418150e-39
9.026818786850047900e+02 2.428294072258851219e-39
9.453189486330409181e+02 2.322703516215806673e-39
9.899699282171084178e+02 2.220300048375442206e-39
1.036729941985562846e+03 2.127516645565474886e-39
1.085698607577982102e+03 2.036600646704213698e-39
1.136980247950804142e+03 1.949620483699193895e-39
1.190684113627197576e+03 1.866987581385481392e-39
1.246924615444621168e+03 1.784658238830617944e-39
1.305821568295928500e+03 1.709086658907832387e-39
1.367500446383296776e+03 1.633989006042048987e-39
1.432092650528741160e+03 1.563132460676786060e-39
1.499735788110735029e+03 1.494673473875304650e-39
1.570573966223276329e+03 1.431438223127336861e-39
1.644758098681965066e+03 1.367660900902831772e-39
1.722446227531148224e+03 1.308148222848772062e-39
1.803803859737038238e+03 1.251358619214950873e-39
1.889004319784143036e+03 1.197821655803905520e-39
1.978229118926127740e+03 1.147585621903602014e-39
2.071668341877813873e+03 1.099133479414746660e-39
2.169521051772083865e+03 1.052140234905504190e-39
2.271995714244423198e+03 1.007621965167067218e-39
2.379310641548600870e+03 9.641331048424619797e-40
2.491694457649571632e+03 9.233027204266248380e-40
2.609386585284506964e+03 8.847729364977990227e-40
2.732637756029531374e+03 8.478867644048966025e-40
2.861710544458834647e+03 8.118649014087478045e-40
2.996879927534158469e+03 7.775654229469493357e-40
3.138433870416319678e+03 7.441893874803457509e-40
3.286673939946862902e+03 7.129316099880013923e-40
3.441915947106735530e+03 6.829092545609812086e-40
3.604490619820710890e+03 6.535941733543784652e-40
3.774744307540931459e+03 6.268484715351288348e-40
3.953039719110543956e+03 6.004117120875675195e-40
4.139756695479469272e+03 5.755352955930876803e-40
4.335293018918395319e+03 5.521002900729159774e-40
4.540065260455060525e+03 5.291073747157348623e-40
4.754509667338102190e+03 5.069812391522923085e-40
4.979083092419174136e+03 4.863328720143417414e-40
5.214263967433334074e+03 4.662548094196622624e-40
5.460553322251055761e+03 4.467316641979162166e-40
5.718475852273444616e+03 4.278053963722988706e-40
5.988581036244491770e+03 4.095610909638915585e-40
6.271444306861823861e+03 3.926552298657439070e-40
6.567668276679873088e+03 3.761057094638568290e-40
6.877884021916976053e+03 3.600706748866214086e-40
7.202752426901643958e+03 3.452283968054823524e-40
7.542965592021974771e+03 3.306401821800721033e-40
7.899248308177948275e+03 3.168329841251705040e-40
8.272359600877582125e+03 3.032928680326357327e-40
8.663094347266576733e+03 2.902828032182760740e-40
9.072284969536442077e+03 2.780082286122569383e-40
9.500803208318571706e+03 2.662644685489467237e-40
9.949561979842510482e+03 2.542473950062155733e-40
1.041951732081476439e+04 2.424666947531288022e-40
1.091167042516147012e+04 2.309312723368175735e-40
1.142706977697440925e+04 2.198533597010137467e-40
1.196681338420370048e+04 2.091793845297558918e-40
1.253205111785653935e+04 1.983940363699482622e-40
1.312398716168495230e+04 1.876092452271252580e-40
1.374388257758170403e+04 1.771832371166575363e-40
1.439305799214926083e+04 1.663107622185872244e-40
1.507289641016578025e+04 1.548152627123626907e-40
1.578484616094172998e+04 1.432604527547885605e-40
1.653042398384375701e+04 1.312866222949588088e-40
1.731121825955976237e+04 1.189633133930097106e-40
1.812889239398885547e+04 1.058466464137250683e-40
1.898518836196482152e+04 9.214282529116531993e-41
1.988193041836343036e+04 7.819727960957833356e-41
2.082102898449913118e+04 6.433450748322430551e-41
2.180448471809089824e+04 5.070061919915554369e-41
2.283439277546817902e+04 3.773729517689493651e-41
2.391294727509642325e+04 2.576290751790767005e-41
2.504244597193217487e+04 1.542026781069557909e-41
2.622529515256561353e+04 8.744494615902278688e-42
2.746401476157866637e+04 5.034377569227125333e-42
2.876124377004081543e+04 2.829442946802112463e-42
3.011974579757924221e+04 1.307210653273426321e-42
3.154241500000001543e+04 3.755645125738147571e-43
