1.776820000000000066e+00 0.000000000000000000e+00
1.860414983715884762e+00 0.000000000000000000e+00
1.947942904534266662e+00 0.000000000000000000e+00
2.039588797412563270e+00 0.000000000000000000e+00
2.135546402745013506e+00 0.000000000000000000e+00
2.236018575931934649e+00 0.000000000000000000e+00
2.341217716218202405e+00 2.689308102267336964e-42
2.451366215707515561e+00 4.873250275253712112e-42
2.566696929501675939e+00 8.830735394445056337e-42
2.687453667958753289e+00 1.600202805152376578e-41
2.813891712110780929e+00 2.899700764704449815e-41
2.946278353330580302e+00 4.072326414144204230e-41
3.084893458388568099e+00 5.694190717589888924e-41
3.230030061094093963e+00 7.961992193742127453e-41
3.381994981772034947e+00 1.113299191004381779e-40
3.541109475884232971e+00 1.556691588364694750e-40
3.707709913166967297e+00 1.940241183786855361e-40
3.882148488720156276e+00 2.411113932464354144e-40
4.064793967551556086e+00 3.025473756014327688e-40
4.256032464149916983e+00 3.780879732082029169e-40
4.456268258735123666e+00 4.690807410562593465e-40
4.665924651910897225e+00 5.671606567840569581e-40
4.885444859526771211e+00 6.804521821501023989e-40
5.115292949641128573e+00 8.102961176096715556e-40
5.355954823566023038e+00 9.574505342764834408e-40
5.607939243067725954e+00 1.122333421803274543e-39
5.871778905894526446e+00 1.291789378731718018e-39
6.148031571905449688e+00 1.474215392824219127e-39
6.437281242180538321e+00 1.668501232818319571e-39
6.740139393605360851e+00 1.872555465167455291e-39
7.057246271539664662e+00 2.083837237430940617e-39
7.389272243302897891e+00 2.284961511664086987e-39
7.736919215337850986e+00 2.483524027651568053e-39
8.100922117048369842e+00 2.677909503788106944e-39
8.482050454447943366e+00 2.876553760018639368e-39
8.881109936903612834e+00 3.081507231333344841e-39
9.298944180414178362e+00 3.277539993966039625e-39
9.736436491023381379e+00 3.475876193918132728e-39
1.019451173213832007e+01 3.676966987385137351e-39
1.067413827970053752e+01 3.880279147645160206e-39
1.117633006934308426e+01 4.085381694752001372e-39
1.170214873986125070e+01 4.290167483934159949e-39
1.225270587752829954e+01 4.527283139876159751e-39
1.282916536600068369e+01 4.802080890543228374e-39
1.343274584678051653e+01 5.120482889883786491e-39
1.406472329543667499e+01 5.489739939907159110e-39
1.472643371903076037e+01 5.892379833116260784e-39
1.541927598045028169e+01 6.330327407624458097e-39
1.614471475561967040e+01 6.806808209698701381e-39
1.690428362984082611e+01 7.324907829275645345e-39
1.769958833980876989e+01 7.887709333627193701e-39
1.853231016815614041e+01 8.470139704933187865e-39
1.940420949770260250e+01 9.065061994326308981e-39
2.031712953292286272e+01 9.669749279576260193e-39
2.127300019650060747e+01 1.028142260364381271e-38
2.227384220920560054e+01 1.089657019956747102e-38
2.332177136171892684e+01 1.150906299836278191e-38
2.441900298743705378e+01 1.214929781677205428e-38
2.556785664571022920e+01 1.281825844567741374e-38
2.677076102541565916e+01 1.351692552782564104e-38
2.803025907923172610e+01 1.424543877744882786e-38
2.934901339946698329e+01 1.497932673580922518e-38
3.072981184680871181e+01 1.571411594129685107e-38
3.217557344389011575e+01 1.644717889034541859e-38
3.368935454613527725e+01 1.717628127996774556e-38
3.527435530292709842e+01 1.789794481269637431e-38
3.693392642275720306e+01 1.860217597975616365e-38
3.867157625665938525e+01 1.931188913563811505e-38
4.049097821490109794e+01 2.002677184471614018e-38
4.239597853261189897e+01 2.074660639500102733e-38
4.439060440076548275e+01 2.146974333910672552e-38
4.647907247970442057e+01 2.219643853449691291e-38
4.866579781320489673e+01 2.296529591162973182e-38
5.095540316192644070e+01 2.377955318407205403e-38
5.335272877597714825e+01 2.464255639080805219e-38
5.586284262725405370e+01 2.555648518630683403e-38
5.849105112318967770e+01 2.648978588772474309e-38
6.124291032455393236e+01 2.741874481249926663e-38
6.412423769102576898e+01 2.834129169096275953e-38
6.714112437936493905e+01 2.925590210338501887e-38
7.029994812018233574e+01 3.015968309038269595e-38
7.360738670053046917e+01 3.103190036431924834e-38
7.707043208081643115e+01 3.187184496255212368e-38
8.069640517588067041e+01 3.267723695125295608e-38
8.449297133148911598e+01 3.344619231059009198e-38
8.846815652895568860e+01 3.417554924758027856e-38
9.263036435215241227e+01 3.483713627086792556e-38
9.698839375277523800e+01 3.543626091467922999e-38
1.015514576514216856e+02 3.597132740275243110e-38
1.063292024138033298e+02 3.645453487851817462e-38
1.113317282432654736e+02 3.697419995532381661e-38
1.165696105327247807e+02 3.749842868774398155e-38
1.220539222211626367e+02 3.794114876741419946e-38
1.277962572019361431e+02 3.841899650357385770e-38
1.338087548323921681e+02 3.897688127899087835e-38
1.401041255965982373e+02 3.947343453645262082e-38
1.466956779754412992e+02 3.987255185638121309e-38
1.535973465808980620e+02 4.022691022089243968e-38
1.608237216139533530e+02 4.063006603242199746e-38
1.683900797084403678e+02 4.110385640909731633e-38
1.763124162260074854e+02 4.144669234040957463e-38
1.846074790704830662e+02 4.168970111028486797e-38
1.932928040931232658e+02 4.196790325674375285e-38
2.023867521635875448e+02 4.215902231712301903e-38
2.119085479850134277e+02 4.221265076032525617e-38
2.218783207352436193e+02 4.229651636831269194e-38
2.323171466201225144e+02 4.236049910723843006e-38
2.432470934288200795e+02 4.230488367920399988e-38
2.546912671853730785e+02 4.214830847468505474e-38
2.666738609950664340e+02 4.191403850904697122e-38
2.792202061889153697e+02 4.167619637386718783e-38
2.923568258743694059e+02 4.144036604606559622e-38
3.061114910054438383e+02 4.119039488558823734e-38
3.205132790908128300e+02 4.091898639802389871e-38
3.355926356639723735e+02 4.061453997896975436e-38
3.513814386454226906e+02 4.022592066515090248e-38
3.679130657329320115e+02 3.976711661445948795e-38
3.852224649623451000e+02 3.933590748909959762e-38
4.033462285881032017e+02 3.892722900845760772e-38
4.223226704396616356e+02 3.852231809834648782e-38
4.421919069173309822e+02 3.803302777217678363e-38
4.629959417987766983e+02 3.745897900366991700e-38
4.847787550354520363e+02 3.683405923392900869e-38
5.075863957266844295e+02 3.619689635898101650e-38
5.314670794679619803e+02 3.556671921231971096e-38
5.564712902792165323e+02 3.490693369371782383e-38
5.826518873285791642e+02 3.422199612729645585e-38
6.100642166772256587e+02 3.357233600550329060e-38
6.387662282815393837e+02 3.290172986147646126e-38
6.688185984999365701e+02 3.217866542282178788e-38
7.002848583633347062e+02 3.145122802084826692e-38
7.332315278804290983e+02 3.073993958536304569e-38
7.677282566617000157e+02 3.006681885497907586e-38
8.038479711594316086e+02 2.936635867708940491e-38
8.416670288350092051e+02 2.860757438731568777e-38
8.812653795794062717e+02 2.787937146657719530e-38
9.227267347281065213e+02 2.716450167116116544e-38
9.661387440277585483e+02 2.640543940070202111e-38
1.011593180928674656e+03 2.563160797223972882e-38
1.059186136594882100e+03 2.486344587745144318e-38
1.109018223041871806e+03 2.410408325705737119e-38
1.161194785831464969e+03 2.336006322686122109e-38
1.215826126773457645e+03 2.264384696076211302e-38
1.273027737104821881e+03 2.194640878184501415e-38
1.332920541639410203e+03 2.126307204099023663e-38
1.395631154404301924e+03 2.060868324597734150e-38
1.461292146303205072e+03 1.997175537159745831e-38
1.530042325372760160e+03 1.932951611652668128e-38
1.602027030224208602e+03 1.868943588429574007e-38
1.677398437290765742e+03 1.805938340684259683e-38
1.756315882530222780e+03 1.745959345606109141e-38
1.838946198262859753e+03 1.688275372911663002e-38
1.925464065856747538e+03 1.630140514200530653e-38
2.016052385006023314e+03 1.572417637946723608e-38
2.110902660382791510e+03 1.515780768114469502e-38
2.210215406480042475e+03 1.459776035875971159e-38
2.314200571501427476e+03 1.404796139157211952e-38
2.423077981193997857e+03 1.352479590525114736e-38
2.537077803562178815e+03 1.301843434927210212e-38
2.656441035445382113e+03 1.252146949334054119e-38
2.781420011987890575e+03 1.203815584142419297e-38
2.912278940078053893e+03 1.156985221779751599e-38
3.049294456884449119e+03 1.111772380633175273e-38
3.192756214669814653e+03 1.068522073201249148e-38
3.342967493119017945e+03 1.027350731131264661e-38
3.500245840475540717e+03 9.871174192298295529e-39
3.664923744841850294e+03 9.475448122232789691e-39
3.837349337062792074e+03 9.088156401305471094e-39
4.017887126677905599e+03 8.720969753661175064e-39
4.206918772498474027e+03 8.380257001083743991e-39
4.404843889438321639e+03 8.045199829210919012e-39
4.612080893303997982e+03 7.714276734939447670e-39
4.829067885330253375e+03 7.396608668721281214e-39
5.056263578330717792e+03 7.092432723006287853e-39
5.294148266421676453e+03 6.801245947752320970e-39
5.543224840368953664e+03 6.521303500161818388e-39
5.804019850704345117e+03 6.252812318287025801e-39
6.077084620859061033e+03 5.998752366155257563e-39
6.362996412667329423e+03 5.752953816428844150e-39
6.662359646704068837e+03 5.511038491085476290e-39
6.975807180036423233e+03 5.281997825887534350e-39
7.304001644090349146e+03 5.065580712446690122e-39
7.647636845460502627e+03 4.855326632911493997e-39
8.007439232624802571e+03 4.653942064827409167e-39
8.384169431664213334e+03 4.463611178261645585e-39
8.778623854234418104e+03 4.279928746407234819e-39
9.191636381188529413e+03 4.102074791487805662e-39
9.624080125410109758e+03 3.931441372849285237e-39
1.007686927758310958e+04 3.768286155011101698e-39
1.055096103880071132e+04 3.612348496188421980e-39
1.104735764409864896e+04 3.459222239750192033e-39
1.156710848119074763e+04 3.309096085167386242e-39
1.211131230888573737e+04 3.165857743860614467e-39
1.268111957987508868e+04 3.028924812134942822e-39
1.327773487280225527e+04 2.897536220090665758e-39
1.390241943875476500e+04 2.771889418477368186e-39
1.455649386756247077e+04 2.652018798274329706e-39
1.524134087953850758e+04 2.538104862572089298e-39
1.595840824856478503e+04 2.429090604433170494e-39
1.670921186270139515e+04 2.324060158110137275e-39
1.749533892879013729e+04 2.223836665545507629e-39
1.831845132782667133e+04 2.128656811418522160e-39
1.918028912819468678e+04 2.038820481602095273e-39
2.008267426418899049e+04 1.953396392045529756e-39
2.102751438760402380e+04 1.871474269434677951e-39
2.201680690053008948e+04 1.792952868080765239e-39
2.305264317788265907e+04 1.717474968923986271e-39
2.413721298859122908e+04 1.643967760284227733e-39
2.527280912479418112e+04 1.572963858403798761e-39
2.646183224882578725e+04 1.505143086291859206e-39
2.770679596824197142e+04 1.441493169310453997e-39
2.901033214961348494e+04 1.381826700672112335e-39
3.037519648231986139e+04 1.324869604586169250e-39
3.180427430410616216e+04 1.269988375357309990e-39
3.330058670071768574e+04 1.216677078925207099e-39
3.486729689250746014e+04 1.165247375936397198e-39
3.650771692151776369e+04 1.116142674145942698e-39
3.822531465317229595e+04 1.070418063402237650e-39
4.002372110738066112e+04 1.027295099010980723e-39
4.190673813455313939e+04 9.859017057449049395e-40
4.387834645275296498e+04 9.463107718180359573e-40
4.594271406297676003e+04 9.081855088903263865e-40
4.810420506035302242e+04 8.703263070517467200e-40
5.036738885988578113e+04 8.337815850858068828e-40
5.273704985624658002e+04 7.997501757407807747e-40
5.521819753803580534e+04 7.674188448292512307e-40
5.781607707789500273e+04 7.364595187428559551e-40
6.053618042085769412e+04 7.065066562999960724e-40
6.338425789437975618e+04 6.779601479077419446e-40
6.636633036459289724e+04 6.513107389183056205e-40
6.948870196447987109e+04 6.259554570563519512e-40
7.275797342087875586e+04 6.016103734989931230e-40
7.618105600848986069e+04 5.780737240551287530e-40
7.976518616038403707e+04 5.555592530272600713e-40
8.351794076589940232e+04 5.343359370637395724e-40
8.744725318826592411e+04 5.142557943543830883e-40
9.156143003582052188e+04 4.952550335279317905e-40
9.586916872226458509e+04 4.770490506459889385e-40
1.003795758530899475e+05 4.596060700485296190e-40
1.051021864770397369e+05 4.429585478641942760e-40
1.100469842433030863e+05 4.267751762488728058e-40
1.152244225070558314e+05 4.111308383085336012e-40
1.206454464279648528e+05 3.968420202965677415e-40
1.263215161083721905e+05 3.834586287720752980e-40
1.322646308200735657e+05 3.703318434629715352e-40
1.384873543709068326e+05 3.577411046520735883e-40
1.450028416647756239e+05 3.458644209345195967e-40
1.518248665112563758e+05 3.346136233633384125e-40
1.589678507435786596e+05 3.238440516222077676e-40
1.664468947065341927e+05 3.134601336498679877e-40
1.742778091787667945e+05 3.037527748576550386e-40
1.824771487969268055e+05 2.947438307907694879e-40
1.910622470523495285e+05 2.860624624016577161e-40
2.000512529342405032e+05 2.776933056854970671e-40
2.094631692968322022e+05 2.696894778962813561e-40
2.193178930316203914e+05 2.622959207729157222e-40
2.296362571296046954e+05 2.556806151266216354e-40
2.404400747224537481e+05 2.495974924181539949e-40
2.517521851956978790e+05 2.438819265486582066e-40
2.635965024714336032e+05 2.384455173572481870e-40
2.759980655626098160e+05 2.332688111110367476e-40
2.889830915057678358e+05 2.284087323375599667e-40
3.025790307841363247e+05 2.241902542679078738e-40
3.168146253582452191e+05 2.200138368548364389e-40
3.317199694267364684e+05 2.151936850629334038e-40
3.473265730458210455e+05 2.114976068840406812e-40
3.636674287418732420e+05 2.090527583183291325e-40
3.807770812579832855e+05 2.069038215427103535e-40
3.986917005819121259e+05 2.049039574778031711e-40
4.174491584098312887e+05 2.033226245475267939e-40
4.370891082074920996e+05 2.022610249376686976e-40
4.576530690380748129e+05 2.017265999629875332e-40
4.791845133339306340e+05 2.017087612179742500e-40
5.017289587977672345e+05 2.022388575927369022e-40
5.253340646275570616e+05 2.035030034066265646e-40
5.500497322685900144e+05 2.053733696244805547e-40
5.759282109056605259e+05 2.078815110513054271e-40
6.030242079184008762e+05 2.110973246909185074e-40
6.313950045332638547e+05 2.150439149912116514e-40
6.611005769166506361e+05 2.197476784152215599e-40
6.922037229651582893e+05 2.252574077001983447e-40
7.247701950610077474e+05 2.315815540448230603e-40
7.588688390732789412e+05 2.386782475887652761e-40
7.945717398988116765e+05 2.463956869587174915e-40
8.319543738504463108e+05 2.541135866391043063e-40
8.710957682147528976e+05 2.603630617031680893e-40
9.120786683165575378e+05 2.608428719035239417e-40
9.549897124434406869e+05 2.434286596181643444e-40
9.999196150000006892e+05 1.772150896056483325e-40
