1.776820000000000066e+00 0.000000000000000000e+00
1.860563649813818499e+00 0.000000000000000000e+00
1.948254237912966813e+00 0.000000000000000000e+00
2.040077788215231891e+00 0.000000000000000000e+00
2.136229092167936994e+00 0.000000000000000000e+00
2.236912121972083334e+00 1.827020164958259426e-42
2.342340463282241991e+00 3.323363892053905529e-42
2.452737768300108367e+00 6.045224771375119328e-42
2.568338230222897423e+00 1.099631088362776362e-41
2.689387080053059709e+00 2.000237503524368071e-41
2.816141106823228935e+00 3.637968786515869884e-41
2.948869202339996498e+00 5.094641366092111264e-41
3.087852931602113493e+00 7.134581506646385200e-41
3.233387130103176688e+00 9.991339017636909560e-41
3.385780529285912888e+00 1.399198343845539670e-40
3.545356411474859470e+00 1.959263814827499216e-40
3.712453295676819476e+00 2.436510054144437325e-40
3.887425655703898641e+00 3.030021547787309532e-40
4.070644672142548437e+00 3.833627253295795807e-40
4.262499019763799524e+00 4.721241838212312543e-40
4.463395692045090790e+00 5.797876535926114868e-40
4.673760864552789940e+00 6.943687669886135173e-40
4.894040799016966758e+00 8.283739782649471539e-40
5.124702790016289811e+00 9.836524596321538363e-40
5.366236156281314784e+00 1.161787170524555610e-39
5.619153278719082323e+00 1.363978066777642360e-39
5.883990687361048799e+00 1.571881790386705511e-39
6.161310199540186439e+00 1.799541046097472791e-39
6.451700111711706320e+00 2.045704466988562195e-39
6.755776447445747124e+00 2.308626480299372716e-39
7.074184264239423925e+00 2.586111374942920861e-39
7.407599021920500348e+00 2.854568968858189652e-39
7.756728015545569122e+00 3.128513706092644706e-39
8.122311875832419759e+00 3.406878389343497835e-39
8.505126140309592131e+00 3.699411321304690358e-39
8.905982898516073831e+00 4.008361603800695790e-39
9.325732514741231327e+00 4.312010314668926417e-39
9.765265431959537779e+00 4.629140518807106480e-39
1.022551406078688885e+01 4.959755450783538995e-39
1.070745475746568154e+01 5.303553231140184165e-39
1.121210989507472888e+01 5.660221221122974041e-39
1.174055003235773320e+01 6.023423846004341652e-39
1.229389618477124735e+01 6.432657593321141711e-39
1.287332220256985416e+01 6.892456513516677966e-39
1.348005726097332868e+01 7.409866733843239083e-39
1.411538846769835942e+01 7.993949585318654904e-39
1.478066359338636104e+01 8.612683983423767027e-39
1.547729393071957382e+01 9.268811788436185036e-39
1.620675728829080597e+01 9.961397579168955247e-39
1.697060112557774048e+01 1.069026960788327427e-38
1.777044583567239044e+01 1.145460868234712250e-38
1.860798818272947841e+01 1.222771663903058171e-38
1.948500490142589570e+01 1.302644312279678154e-38
2.040335646606697395e+01 1.384785738683199990e-38
2.136499103733520499e+01 1.469038098097294481e-38
2.237194859505403244e+01 1.555095572885878200e-38
2.342636526573364719e+01 1.639403234692263969e-38
2.453047785407922987e+01 1.722685883578073635e-38
2.568662858807459060e+01 1.804271459617797678e-38
2.689727008770726613e+01 1.883709021804656832e-38
2.816497056787558506e+01 1.960412245123688699e-38
2.949241928651488109e+01 2.034127943868008697e-38
3.088243224950055321e+01 2.109591380752156661e-38
3.233795818442989400e+01 2.186670840121643214e-38
3.386208479595542542e+01 2.265471370797485506e-38
3.545804531593961428e+01 2.345893868928531718e-38
3.712922536232616721e+01 2.427984825838847264e-38
3.887917012127810779e+01 2.516631988477761704e-38
4.071159186781865458e+01 2.612073569417047047e-38
4.263037784092890092e+01 2.714847478232424361e-38
4.463959848980807976e+01 2.825319426383631620e-38
4.674351610879027419e+01 2.935283416424831092e-38
4.894659387923472593e+01 3.039675066863630302e-38
5.125350533757142557e+01 3.137572338971279140e-38
5.366914428958696703e+01 3.228389941254149372e-38
5.619863519198251822e+01 3.311411174400071898e-38
5.884734402322708036e+01 3.389798236880917692e-38
6.162088966676689950e+01 3.471737619538444775e-38
6.452515583073942196e+01 3.557190595528679383e-38
6.756630352947733797e+01 3.646378060092903020e-38
7.075078415328093229e+01 3.739336897624642903e-38
7.408535315418446032e+01 3.831316934679393164e-38
7.757708437674898505e+01 3.921299376374491086e-38
8.123338506428261496e+01 4.008939403398272622e-38
8.506201157232189303e+01 4.094162303587647163e-38
8.907108582270829800e+01 4.176536408927735514e-38
9.326911253316485784e+01 4.249939426713850535e-38
9.766499725892379047e+01 4.313458813495386794e-38
1.022680652846770073e+02 4.366633240892198178e-38
1.070880814069272162e+02 4.412570237445119217e-38
1.121352706487049318e+02 4.463015263155136366e-38
1.174203399505941405e+02 4.506500908819586041e-38
1.229545008840832736e+02 4.531092959563098689e-38
1.287494934354219538e+02 4.567052167559626577e-38
1.348176109104404645e+02 4.617368847455825783e-38
1.411717260131631235e+02 4.654265465782842663e-38
1.478253181535366423e+02 4.673586745311608873e-38
1.547925020422063938e+02 4.681762821565608299e-38
1.620880576329961968e+02 4.690707365216880667e-38
1.697274614766155878e+02 4.702318618857492205e-38
1.777269195521020606e+02 4.707024635785337040e-38
1.861034016456512461e+02 4.702656797231684651e-38
1.948746773497595086e+02 4.687978423432465790e-38
2.040593537590521009e+02 4.670044574546331166e-38
2.136769149427578043e+02 4.649783496587212434e-38
2.237477632775714369e+02 4.619377063031256371e-38
2.342932627285806859e+02 4.585132484324452434e-38
2.453357841700767210e+02 4.562459986312379305e-38
2.568987528423888875e+02 4.532984351758234647e-38
2.690066980454141685e+02 4.491243617033507968e-38
2.816853051742662615e+02 4.447169203563306511e-38
2.949614702074221668e+02 4.404336709279484569e-38
3.088633567629649974e+02 4.365654737174952303e-38
3.234204558439515154e+02 4.320644871257282318e-38
3.386636483996527431e+02 4.265453524382076647e-38
3.546252708353811727e+02 4.203606977479894495e-38
3.713391836098705880e+02 4.136137994677039904e-38
3.888408430657381132e+02 4.068813685720917898e-38
4.071673766453954499e+02 4.000755737053022799e-38
4.263576616519821982e+02 3.930602465918306763e-38
4.464524077223902623e+02 3.853329174176496723e-38
4.674942431873441819e+02 3.771721140039159845e-38
4.895278055017358838e+02 3.691204136508878495e-38
5.125998359370438493e+02 3.612440077269654165e-38
5.367592787367269693e+02 3.535565545238547309e-38
5.620573849449223189e+02 3.459745241236857592e-38
5.885478211287218073e+02 3.380292361388745122e-38
6.162867832246510034e+02 3.292686543777653674e-38
6.453331157508778233e+02 3.203476288390872298e-38
6.757484366380258507e+02 3.116172462267414223e-38
7.075972679434194106e+02 3.030548515791534770e-38
7.409471727260473699e+02 2.946575204782652849e-38
7.758688983726003698e+02 2.864044714336289678e-38
8.124365266786463735e+02 2.780890889127779101e-38
8.507276310032998481e+02 2.696436763945323749e-38
8.908234408307896501e+02 2.613386901394234791e-38
9.328090140879983210e+02 2.532312767451031791e-38
9.767734175835461201e+02 2.455275863962004865e-38
1.022809915951171433e+03 2.376729666805705067e-38
1.071016169498247109e+03 2.294671782486074230e-38
1.121494441379134969e+03 2.218018130918608489e-38
1.174351814532857361e+03 2.146128059714737457e-38
1.229700418845316108e+03 2.074061650133273162e-38
1.287657669017920398e+03 2.002945198113083493e-38
1.348346513647266875e+03 1.933611368191787534e-38
1.411895696044223769e+03 1.865815906714616079e-38
1.478440027345741782e+03 1.799146951780786716e-38
1.548120672498754175e+03 1.733784212539473471e-38
1.621085449722821295e+03 1.672000114148532745e-38
1.697489144086834358e+03 1.614724836448675443e-38
1.777493835864934908e+03 1.556663670418129290e-38
1.861269244368269710e+03 1.497824902413702623e-38
1.948993087981921235e+03 1.440903474391937307e-38
2.040851461170825360e+03 1.385832584221893008e-38
2.137039229254430211e+03 1.332500791522388907e-38
2.237760441787536365e+03 1.281398707023982554e-38
2.343228765424299127e+03 1.232083182139253012e-38
2.453667937183597587e+03 1.183618478204327529e-38
2.569312239077373761e+03 1.136027407151283667e-38
2.690406995108739011e+03 1.089537645290164363e-38
2.817209091694232029e+03 1.045823838097669107e-38
2.949987522614162117e+03 1.004542514422494456e-38
3.089023959647137417e+03 9.636163866752829226e-39
3.234613350099286436e+03 9.240349040048542470e-39
3.387064542495709702e+03 8.866791121709602077e-39
3.546700941761569538e+03 8.505524415572134829e-39
3.713861195282588596e+03 8.155276607862427351e-39
3.888899911300461554e+03 7.822878327587425681e-39
4.072188411167038794e+03 7.505326241667677303e-39
4.264115517053209260e+03 7.199231604933547516e-39
4.465088376783388412e+03 6.902836430444921780e-39
4.675533327545476823e+03 6.617007322341430817e-39
4.895896800308508318e+03 6.346268363706747839e-39
5.126646266866530823e+03 6.085778895729413907e-39
5.368271231517871456e+03 5.830618803752884097e-39
5.621284269483350727e+03 5.586581735600651809e-39
5.886222114266471181e+03 5.354299758122086603e-39
6.163646796262110001e+03 5.130765567975947427e-39
6.454146835029250724e+03 4.914408394845898557e-39
6.758338487756966060e+03 4.704076768357089207e-39
7.076867056572020374e+03 4.504177418404680615e-39
7.410408257461542235e+03 4.314931125546912335e-39
7.759669653714556262e+03 4.132052640163560056e-39
8.125392156923430775e+03 3.957125829497446259e-39
8.508351598729212128e+03 3.792424295008410959e-39
8.909360376645272481e+03 3.634164483623830621e-39
9.329269177450585630e+03 3.480569197364591294e-39
9.768968781808518543e+03 3.330312920693980060e-39
1.022939195393958653e+04 3.187298945109653210e-39
1.071151542035655621e+04 3.056383424233277472e-39
1.121636194185994100e+04 2.928433175070248062e-39
1.174500248318891499e+04 2.801273887736745486e-39
1.229855848493058329e+04 2.681194098225478622e-39
1.287820424250691576e+04 2.566985466109838653e-39
1.348516939728641955e+04 2.456029841373331256e-39
1.412074154510466360e+04 2.349589347539835426e-39
1.478626896772747750e+04 2.248545118532525931e-39
1.548316349305153017e+04 2.154543629040814812e-39
1.621290349010930186e+04 2.064858297045215027e-39
1.697703700523238149e+04 1.975267849729241024e-39
1.777718504602570829e+04 1.889445905408075995e-39
1.861504502011980730e+04 1.808755443870800638e-39
1.949239433599499898e+04 1.731678925019314909e-39
2.041109417351731827e+04 1.658458350504529946e-39
2.137309343218385766e+04 1.589897440198687313e-39
2.238043286545390583e+04 1.523508046309360455e-39
2.343524940993574273e+04 1.458406151344511817e-39
2.453978071861368153e+04 1.396000152489313621e-39
2.569636990773100842e+04 1.336956750702684620e-39
2.690747052739953870e+04 1.282076689545762775e-39
2.817565176647955741e+04 1.229870034255957763e-39
2.950360390277256010e+04 1.179568303261497387e-39
3.089414401008757704e+04 1.131498970028121680e-39
3.235022193428835089e+04 1.085169108143863120e-39
3.387492655099928379e+04 1.039604379726788080e-39
3.547149231824395247e+04 9.964806275132136940e-40
3.714330613791767973e+04 9.566474237619204780e-40
3.889391454064907157e+04 9.187631705421041272e-40
4.072703120929341821e+04 8.821570301662654798e-40
4.264654485701667727e+04 8.459879100389974018e-40
4.465652747668285156e+04 8.112625212835409437e-40
4.676124297904575360e+04 7.785553397324519168e-40
4.896515623806806980e+04 7.473991417906225426e-40
5.127294256255778600e+04 7.177776004146449249e-40
5.368949761421344010e+04 6.899398747145277170e-40
5.621994779311984894e+04 6.636658474640645688e-40
5.886966111272359558e+04 6.388633097310904755e-40
6.164425858735919610e+04 6.150782933858450634e-40
6.454962615648393694e+04 5.920907414405889389e-40
6.759192717091500526e+04 5.695708088925429157e-40
7.077761546755868767e+04 5.481441581511166784e-40
7.411344906036619795e+04 5.282043043373522822e-40
7.760650447656227334e+04 5.089868918055973894e-40
8.126419176855581463e+04 4.904486396029007284e-40
8.509427023337996798e+04 4.729947413761248195e-40
8.910486487300948647e+04 4.564268411051049184e-40
9.330448363047103339e+04 4.407068619967070758e-40
9.770203543831288698e+04 4.256627230930015566e-40
1.023068491177194956e+05 4.113025583262858614e-40
1.071286931683658040e+05 3.976911296338489225e-40
1.121777964909893199e+05 3.847189242554367694e-40
1.174648700866417057e+05 3.723122755535935026e-40
1.230011297786539944e+05 3.605176667126151272e-40
1.287983200055129419e+05 3.493026523525057699e-40
1.348687387351254874e+05 3.385852197755206146e-40
1.412252635533206630e+05 3.285302435234361742e-40
1.478813789819366066e+05 3.194551669189491280e-40
1.548512050844386686e+05 3.107252177160551449e-40
1.621495274197564868e+05 3.023464759849247621e-40
1.697918284078791330e+05 2.947843832180878562e-40
1.777943201737514173e+05 2.877741683259666233e-40
1.861739789391396334e+05 2.809994050339874454e-40
1.949485810354264104e+05 2.747344405789349859e-40
2.041367406137356302e+05 2.690478044344410074e-40
2.137579491323760885e+05 2.638963436420450178e-40
2.238326167053785757e+05 2.583799208801818636e-40
2.343821153998358932e+05 2.522293658890267650e-40
2.454288245739028207e+05 2.482079307385732380e-40
2.569961783516263240e+05 2.460977025517953082e-40
2.691087153353207395e+05 2.436712986051584120e-40
2.817921306609516032e+05 2.408009893854639170e-40
2.950733305069462513e+05 2.382612792644515790e-40
3.089804891720736050e+05 2.363289421333048559e-40
3.235431088434686535e+05 2.349299320279362212e-40
3.387920821816014941e+05 2.339648269929949686e-40
3.547597578549456666e+05 2.334809063237560366e-40
3.714800091633726261e+05 2.337459481388255706e-40
3.889883058958560578e+05 2.345461419391036916e-40
4.073217895749077434e+05 2.358828775626046973e-40
4.265193522473788471e+05 2.377575959461820663e-40
4.466217189887599088e+05 2.401649509432063550e-40
4.676715342960166163e+05 2.430898352132303971e-40
4.897134525522137992e+05 2.465194567605370806e-40
5.127942327548510511e+05 2.502728074564237407e-40
5.369628377088516718e+05 2.541760376244383236e-40
5.622705378946464043e+05 2.577930142527997756e-40
5.887710202316744253e+05 2.602186543847194517e-40
6.165205019680379191e+05 2.595314005186422284e-40
6.455778499379224377e+05 2.516836591857300682e-40
6.760047054397506872e+05 2.300262172403202305e-40
7.078656149999998743e+05 1.748066032571619286e-40
