1.776820000000000066e+00 0.000000000000000000e+00
1.860558303481256504e+00 0.000000000000000000e+00
1.948243041305844692e+00 0.000000000000000000e+00
2.040060201765607317e+00 0.000000000000000000e+00
2.136204538443200462e+00 0.000000000000000000e+00
2.236879983304354003e+00 0.000000000000000000e+00
2.342300079258411216e+00 5.177861333586511423e-42
2.452688433104671439e+00 1.016651281543393960e-41
2.568279189825265707e+00 1.996152004997598150e-41
2.689317529230598414e+00 3.919360452688177103e-41
2.816060186010787003e+00 7.695499300472635729e-41
2.948775994296181757e+00 1.436654644794325470e-40
3.087746457882035944e+00 2.432072288311987977e-40
3.233266347326830825e+00 3.657277735086654123e-40
3.385644325190760195e+00 4.759386533586871142e-40
3.545203600740573169e+00 6.467231628226130882e-40
3.712282615509462147e+00 9.061252083561595734e-40
3.887235761166154102e+00 1.178080766829529233e-39
4.070434131215862728e+00 1.452051132635766661e-39
4.262266308127546921e+00 1.826742643429013763e-39
4.463139187557045418e+00 2.302757640346488588e-39
4.673478841414351770e+00 2.798296828200453982e-39
4.893731421605696852e+00 3.354396261506985952e-39
5.124364106367337079e+00 3.980957421989300747e-39
5.365866091198352450e+00 4.697758444789552408e-39
5.618749626494304650e+00 5.498372361370144433e-39
5.883551104082679117e+00 6.293079739502508679e-39
6.160832194964791952e+00 7.247987575431907823e-39
6.451181040677389511e+00 8.331407491255343607e-39
6.755213500800964610e+00 9.491021833703724802e-39
7.073574459260884240e+00 1.063597003815318904e-38
7.406939192192105281e+00 1.170132285525536010e-38
7.756014800268890674e+00 1.301113749072272081e-38
8.121541708537613147e+00 1.430907156770808113e-38
8.504295236933964830e+00 1.546656225205410260e-38
8.905087244815788949e+00 1.680068715473104488e-38
9.324767852999762852e+00 1.813810238026660439e-38
9.764227246954558126e+00 1.943059843763497367e-38
1.022439756497520058e+01 2.080865927779541712e-38
1.070625487534367437e+01 2.231634106084307489e-38
1.121082124666953028e+01 2.391236631369397162e-38
1.173916691580187432e+01 2.543151330631901479e-38
1.229241255791111520e+01 2.682478517288542151e-38
1.287173166355556297e+01 2.815927709806296970e-38
1.347835302777485644e+01 2.968677706351085270e-38
1.411356335648981997e+01 3.117019918857623286e-38
1.477870999573728561e+01 3.242169442813690931e-38
1.547520378952873799e+01 3.378942702159141006e-38
1.620452207239467057e+01 3.527553767690199800e-38
1.696821180296214493e+01 3.659015077587871878e-38
1.776789284521216672e+01 3.776904813691468624e-38
1.860526140437676190e+01 3.884132502797975739e-38
1.948209362476363538e+01 3.992403380737594052e-38
2.040024935713985244e+01 4.115317213003025821e-38
2.136167610366537417e+01 4.220605631797432708e-38
2.236841314874424214e+01 4.323920214026452085e-38
2.342259588455522490e+01 4.421636209540832511e-38
2.452646034043691969e+01 4.504165470297128371e-38
2.568234792573453262e+01 4.575386515309698189e-38
2.689271039616843950e+01 4.649797000708110761e-38
2.816011505425868933e+01 4.735476898522052805e-38
2.948725019483601884e+01 4.815885795543838089e-38
3.087693080719006389e+01 4.878006117999888242e-38
3.233210454594932770e+01 4.923436000291192771e-38
3.385585798335796426e+01 4.963350804716202070e-38
3.545142315621100693e+01 5.013316331623061066e-38
3.712218442133478646e+01 5.054771773671289536e-38
3.887168563415369960e+01 5.087514124885407629e-38
4.070363766556980067e+01 5.103196353963883468e-38
4.262192627309933357e+01 5.118744639907508799e-38
4.463062034296151381e+01 5.124430144428428048e-38
4.673398052060227315e+01 5.114637038139789153e-38
4.893646824795862216e+01 5.105189762221852251e-38
5.124275522663312188e+01 5.097783436359436400e-38
5.365773332705046528e+01 5.084390884193483905e-38
5.618652496461469781e+01 5.050528263909437444e-38
5.883449396487588956e+01 5.011415627779092292e-38
6.160725694075240710e+01 4.956755582116592240e-38
6.451069520594107587e+01 4.917631966876345800e-38
6.755096724978452016e+01 4.865646107167966340e-38
7.073452180005685364e+01 4.806596000621440553e-38
7.406811150137420441e+01 4.742958300085511278e-38
7.755880723824434142e+01 4.672477693697545915e-38
8.121401313313542403e+01 4.590181359669593233e-38
8.504148225137657846e+01 4.513198204091215012e-38
8.904933304620196566e+01 4.437338467710217323e-38
9.324606657881997762e+01 4.344455066268721906e-38
9.764058455003301162e+01 4.259576208382781734e-38
1.022422081816545898e+02 4.167648309332016042e-38
1.070606979877741054e+02 4.069341418916525267e-38
1.121062744778041917e+02 3.980754184568877312e-38
1.173896398352267170e+02 3.882329833393118425e-38
1.229220006180170373e+02 3.786384282051191899e-38
1.287150915288998476e+02 3.697302596429917490e-38
1.347812003058522521e+02 3.604512533251194687e-38
1.411331937856530203e+02 3.512099062128741825e-38
1.477845451957575165e+02 3.415745274052016506e-38
1.547493627323914609e+02 3.322915570811854519e-38
1.620424194854762732e+02 3.228784822864142232e-38
1.696791847738632271e+02 3.135473998733271876e-38
1.776758569573404998e+02 3.044299039822471640e-38
1.860493977950088720e+02 2.953291622015677833e-38
1.948175684229079252e+02 2.860738979953178063e-38
2.039989670271997113e+02 2.768867984335360390e-38
2.136130682928240390e+02 2.676168280071153814e-38
2.236802647112944840e+02 2.589041523165775080e-38
2.342219098352588560e+02 2.502996014272406717e-38
2.452603635715653638e+02 2.417388867800153672e-38
2.568190396089125329e+02 2.334175519212012992e-38
2.689224550806742968e+02 2.255617588282963787e-38
2.815962825682477728e+02 2.171389591544086285e-38
2.948674045552210146e+02 2.091446173826223116e-38
3.087639704478692124e+02 2.017777086190491427e-38
3.233154562829237761e+02 1.944517005911976220e-38
3.385527272492569182e+02 1.875643800922402509e-38
3.545081031561048803e+02 1.807313274260563768e-38
3.712154269866842924e+02 1.737490923497169569e-38
3.887101366826216804e+02 1.672640109292243921e-38
4.070293403114471857e+02 1.608162460765581636e-38
4.262118947766016959e+02 1.544676903487094442e-38
4.462984882368986632e+02 1.484352810071962911e-38
4.673317264102684589e+02 1.427314071364405438e-38
4.893562229448431253e+02 1.371798804602400539e-38
5.124186940490608322e+02 1.318289244964215185e-38
5.365680575815232487e+02 1.264552861176914986e-38
5.618555368107695358e+02 1.214373474352693737e-38
5.883347690650692812e+02 1.165602143250201231e-38
6.160619195026741863e+02 1.117864691856957586e-38
6.450958002438638914e+02 1.072625131512174743e-38
6.754979951174613007e+02 1.029853715865094617e-38
7.073329902864292080e+02 9.894501781532457281e-39
7.406683110296165751e+02 9.495302791543461918e-39
7.755746649697720159e+02 9.100735934420848071e-39
8.121260920516448323e+02 8.727032715968676558e-39
8.504001215882700535e+02 8.374801644925745470e-39
8.904779367085729973e+02 8.028771768818613318e-39
9.324445465550767267e+02 7.707231126546581949e-39
9.763889665969900307e+02 7.389036893654489383e-39
1.022404407441110379e+03 7.080857114424082903e-39
1.070588472541051260e+03 6.785344896783186367e-39
1.121043365224147010e+03 6.491275736507706028e-39
1.173876105475150098e+03 6.218392847259552166e-39
1.229198756936566951e+03 5.958611608075732865e-39
1.287128664607088467e+03 5.714031935324073055e-39
1.347788703742337930e+03 5.472990809780645910e-39
1.411307540485836853e+03 5.239952620918664734e-39
1.477819904783058746e+03 5.014598974895435336e-39
1.547466876157405295e+03 4.804155820504436836e-39
1.620396182954300457e+03 4.600305900901818856e-39
1.696762515688116082e+03 4.407869835445378601e-39
1.776727855156553915e+03 4.225527888287044856e-39
1.860461816018488662e+03 4.045317705729328563e-39
1.948142006563982250e+03 3.872833304803321510e-39
2.039954405439636503e+03 3.703827011016183093e-39
2.136093756128298537e+03 3.542871372889762636e-39
2.236763980019908558e+03 3.391851546345961657e-39
2.342178608949598583e+03 3.244289864898762154e-39
2.452561238120547841e+03 3.103715365756038315e-39
2.568146000372270919e+03 2.970758575126468720e-39
2.689178062800285716e+03 2.840363041638026097e-39
2.815914146780604824e+03 2.715924466259421717e-39
2.948623072501991373e+03 2.600459183963279832e-39
3.087586329161084450e+03 2.488473030078197441e-39
3.233098672029729642e+03 2.382408293859712442e-39
3.385468747661068392e+03 2.284594769380911114e-39
3.545019748560402604e+03 2.187756611930668604e-39
3.712090098709542417e+03 2.097659481657766538e-39
3.887034171398678154e+03 2.007574600376917261e-39
4.070223040888323794e+03 1.922686805006486295e-39
4.262045269495786670e+03 1.841185843269335513e-39
4.462907731775526372e+03 1.763559538232375505e-39
4.673236477541709064e+03 1.689171288770219782e-39
4.893477635563377589e+03 1.618349962037062632e-39
5.124098359849209373e+03 1.550332223280438781e-39
5.365587820528888187e+03 1.484739363028495814e-39
5.618458241432961586e+03 1.422982342330059371e-39
5.883245986571964750e+03 1.365198688630168650e-39
6.160512697819272944e+03 1.311507116449484153e-39
6.450846486210966759e+03 1.258077362399445762e-39
6.754863179389411016e+03 1.208399648322157406e-39
7.073207627836683059e+03 1.160031462882807594e-39
7.406555072668303183e+03 1.113611121048226371e-39
7.755612577888721717e+03 1.069182574704265515e-39
8.121120530146295096e+03 1.026183338924469581e-39
8.503854209169068781e+03 9.842235763891007938e-40
8.904625432212351370e+03 9.453952040873334783e-40
9.324284276006041182e+03 9.092177761598398895e-40
9.763720879854326995e+03 8.733312135703825490e-40
1.022386733371207811e+04 8.393396344169694368e-40
1.070569965524294457e+04 8.061812347126003062e-40
1.121023986005260849e+04 7.747014976684210152e-40
1.173855812948833773e+04 7.449903472489847564e-40
1.229177508060294349e+04 7.170735578144331798e-40
1.287106414309822321e+04 6.898539718588022004e-40
1.347765404828924511e+04 6.640873591925906386e-40
1.411283143536898024e+04 6.387000319983290186e-40
1.477794358050170558e+04 6.147177599516296084e-40
1.547440125453335895e+04 5.923961286138080979e-40
1.620368171538076786e+04 5.720145422562869129e-40
1.696733184144656116e+04 5.527048388678516402e-40
1.776697141270657812e+04 5.332730623771631315e-40
1.860429654642866444e+04 5.142814670459445726e-40
1.948108329481066903e+04 4.955865317801119955e-40
2.039919141216891148e+04 4.786712677529880494e-40
2.136056829966708028e+04 4.621159220012146638e-40
2.236725313595303305e+04 4.464370415684272659e-40
2.342138120246539620e+04 4.319010695582018959e-40
2.452518841258359680e+04 4.182382190874059157e-40
2.568101605422877401e+04 4.046157305476717714e-40
2.689131575597459232e+04 3.908744157267748547e-40
2.815865468720232820e+04 3.793093601142119808e-40
2.948572100332941409e+04 3.667252095299551260e-40
3.087532954766166222e+04 3.536406520387514469e-40
3.233042782196399276e+04 3.428264320316775031e-40
3.385410223841272818e+04 3.323375339200260052e-40
3.544958466619144747e+04 3.222148625249642182e-40
3.712025928661557555e+04 3.128837635918427356e-40
3.886966977132730972e+04 3.036170898035987725e-40
4.070152679878511844e+04 2.944124316799382778e-40
4.261971592499220424e+04 2.852863608248668826e-40
4.462830582515760761e+04 2.763309422703236649e-40
4.673155692377273226e+04 2.676385373217011271e-40
4.893393043140694499e+04 2.593845828431926250e-40
5.124009780739089183e+04 2.515452048010023473e-40
5.365495066845983092e+04 2.440879064478298996e-40
5.618361116437234159e+04 2.369756670261304873e-40
5.883144284251378122e+04 2.271720914825085915e-40
6.160406202452802972e+04 2.099059381198541119e-40
6.450734971911049070e+04 1.868426553092527444e-40
6.754746409622837382e+04 1.601891213868499412e-40
7.073085354922820989e+04 1.318424257793429206e-40
7.406427037253811432e+04 1.025928034484803277e-40
7.755478508397391124e+04 7.163620425581832534e-41
8.120980142203046125e+04 3.889432998416593590e-41
8.503707204996715882e+04 1.888227271913967097e-41
8.904471500000009837e+04 1.148955875274453818e-41
