1.776820000000000066e+00 0.000000000000000000e+00
1.860400075101835915e+00 0.000000000000000000e+00
1.947911684604470839e+00 0.000000000000000000e+00
2.039539764483685236e+00 0.000000000000000000e+00
2.135477949943510367e+00 0.000000000000000000e+00
2.235928984620401128e+00 0.000000000000000000e+00
2.341105149036011301e+00 6.269061716883082257e-42
2.451228709204022138e+00 1.152929206258100396e-41
2.566532386339042571e+00 2.120326477346950971e-41
2.687259848660218609e+00 3.899445296498181213e-41
2.813666226328844555e+00 7.171383172749698198e-41
2.946018650608211331e+00 1.012838552845614240e-40
3.084596818385050288e+00 1.423319181097260545e-40
3.229693583245591526e+00 2.000159560643033582e-40
3.381615574355317122e+00 2.810782861059336713e-40
3.540683844450293272e+00 3.949938431804823439e-40
3.707234548309441102e+00 4.934247395782111970e-40
3.881619653141570758e+00 6.143098223978444461e-40
4.064207682388389919e+00 7.822352532706256421e-40
4.255384494515380922e+00 9.012207698081460495e-40
4.455554098436308230e+00 1.064613909527704516e-39
4.665139507294606247e+00 1.255599318728811791e-39
4.884583632405885112e+00 1.504743905828105064e-39
5.114350219250744622e+00 1.798949444084744755e-39
5.354924827495849193e+00 2.141041551612980208e-39
5.606815857114375135e+00 2.538507416343667931e-39
5.870555622774251248e+00 2.959088813393697032e-39
6.146701478764714288e+00 3.429589024489864470e-39
6.435836996838419921e+00 3.919752915408774125e-39
6.738573199458229190e+00 4.411547207444720802e-39
7.055549851054865762e+00 4.921662488005894808e-39
7.387436810024209599e+00 5.420412576333447041e-39
7.734935444321376252e+00 5.946500949288860627e-39
8.098780113643105238e+00 6.526492047315020083e-39
8.479739721330739499e+00 7.162894806532838062e-39
8.878619339273379651e+00 7.821022481263317590e-39
9.296261909245060906e+00 8.428878812745850959e-39
9.733550024271366397e+00 9.027423607381432561e-39
1.019140779378998651e+01 9.675887045188438991e-39
1.067080279654682329e+01 1.037724134381678288e-38
1.117274812535461770e+01 1.109805247752765402e-38
1.169830452803527088e+01 1.183230314369401202e-38
1.224858264907022232e+01 1.268830268106428556e-38
1.282474537669616943e+01 1.361169795085568106e-38
1.342801030040605070e+01 1.458289052382737608e-38
1.405965228404883050e+01 1.566340691156548911e-38
1.472100615996563100e+01 1.668416652216801760e-38
1.541346954985572637e+01 1.745818670303979524e-38
1.613850581833357012e+01 1.836021835300613762e-38
1.689764716541866463e+01 1.953204087260789250e-38
1.769249786449341855e+01 2.066921276386307980e-38
1.852473765257180105e+01 2.172519859451455799e-38
1.939612528004321490e+01 2.281700999488518790e-38
2.030850222739333333e+01 2.394346875450295743e-38
2.126379659675619394e+01 2.510365156875747632e-38
2.226402718652164481e+01 2.629947870309206538e-38
2.331130775760864182e+01 2.753185925972861090e-38
2.440785150042048457e+01 2.891375998824019114e-38
2.555597571192171102e+01 3.024983643792023281e-38
2.675810669272060238e+01 3.147360179767113637e-38
2.801678487450633881e+01 3.281764297796347035e-38
2.933467018867616005e+01 3.418486526541281160e-38
3.071454768749827835e+01 3.545204236078071687e-38
3.215933342968940423e+01 3.664763555467131780e-38
3.367208064284460534e+01 3.779679035808738755e-38
3.525598617574271998e+01 3.895984253843020151e-38
3.691439725416251605e+01 4.009723565161498245e-38
3.865081855448662651e+01 4.123349500429941616e-38
4.046891961004173055e+01 4.239447441105871078e-38
4.237254256582647827e+01 4.358287540791644051e-38
4.436571029801515209e+01 4.473675479140282683e-38
4.645263491539586909e+01 4.577675710714548641e-38
4.863772666070882167e+01 4.668969313141563787e-38
5.092560323069599804e+01 4.756716632229754656e-38
5.332109953455788798e+01 4.845904039897068857e-38
5.582927791143949037e+01 4.938298202441896965e-38
5.845543882853822737e+01 5.025106463682079428e-38
6.120513208244127412e+01 5.099861097089350548e-38
6.408416852736432645e+01 5.171757126675636737e-38
6.709863235507665991e+01 5.244022721902913435e-38
7.025489395246287927e+01 5.305505198522568595e-38
7.355962336389362122e+01 5.355620229292749598e-38
7.701980438685430386e+01 5.406129506244306260e-38
8.064274933062009154e+01 5.454102948368293603e-38
8.443611446916635543e+01 5.497058418704597314e-38
8.840791622097022184e+01 5.530148283757977016e-38
9.256654808989641481e+01 5.547865878844243780e-38
9.692079840296766235e+01 5.555126276533771087e-38
1.014798688825040642e+02 5.558911422285301094e-38
1.062533940918804518e+02 5.562234067670606528e-38
1.112514617959947429e+02 5.562174251802799039e-38
1.164846342794755003e+02 5.555910577290148677e-38
1.219639706676794049e+02 5.539044236092024457e-38
1.277010502976491040e+02 5.514732515939489493e-38
1.337079971884205918e+02 5.485683275257183177e-38
1.399975056623933654e+02 5.457209997100304165e-38
1.465828671719061731e+02 5.418010954568274881e-38
1.534779983877132565e+02 5.357676068591598241e-38
1.606974706087173956e+02 5.294749847067406343e-38
1.682565405551113429e+02 5.237067119836576314e-38
1.761711826100022620e+02 5.167028444618540840e-38
1.844581225776539952e+02 5.088694266035712921e-38
1.931348730296885208e+02 5.015997500671055037e-38
2.022197703139406713e+02 4.943750272895870823e-38
2.117320133041789632e+02 4.867613757168772890e-38
2.216917039725788072e+02 4.780416677175463010e-38
2.321198898706901446e+02 4.685612873050655677e-38
2.430386086086726891e+02 4.600792775325015821e-38
2.544709344267961626e+02 4.511961768937740970e-38
2.664410269576242740e+02 4.411951468804196050e-38
2.789741822819275399e+02 4.313019995757332670e-38
2.920968863862244689e+02 4.215980440731940211e-38
3.058368711349176579e+02 4.117579156833217854e-38
3.202231728753117181e+02 4.016932085409160057e-38
3.352861937993596371e+02 3.914162469756321201e-38
3.510577661918131298e+02 3.813300916986820348e-38
3.675712197005503867e+02 3.712942644037453533e-38
3.848614517712411498e+02 3.613186763857182278e-38
4.029650013951996357e+02 3.511659411039260344e-38
4.219201263262687576e+02 3.407521204463212046e-38
4.417668839299234378e+02 3.306166950304922175e-38
4.625472158354440353e+02 3.206905577581441177e-38
4.843050365700550515e+02 3.105915137772175368e-38
5.070863263623371608e+02 3.004531637282593808e-38
5.309392283110304334e+02 2.904204579251169379e-38
5.559141501245776453e+02 2.808437683811033799e-38
5.820638706464005736e+02 2.716096378105029923e-38
6.094436513910407029e+02 2.625535914213336050e-38
6.381113533268588753e+02 2.536510152135475527e-38
6.681275591520933403e+02 2.449019317258454311e-38
6.995557013226780327e+02 2.364712268096511650e-38
7.324621961023783570e+02 2.283562276264759157e-38
7.669165839185287723e+02 2.204787148428182292e-38
8.029916763199835259e+02 2.128262837634099034e-38
8.407637098478442113e+02 2.053712903495706668e-38
8.803125071441269256e+02 1.979364123315657453e-38
9.217216456388487131e+02 1.905203914087005276e-38
9.650786341720050814e+02 1.832989971288657719e-38
1.010475097923692715e+03 1.763817114563588754e-38
1.058006972043185669e+03 1.698034468016686608e-38
1.107774704386154099e+03 1.633406796323420852e-38
1.159883467788473581e+03 1.569675798307925917e-38
1.214443382325195671e+03 1.507368771001926293e-38
1.271569748024404134e+03 1.447836763521618260e-38
1.331383288527720424e+03 1.391774727396042778e-38
1.394010406212390990e+03 1.337291059039087952e-38
1.459583449314096470e+03 1.283874171278913908e-38
1.528240991614987479e+03 1.231746911201714605e-38
1.600128125288001684e+03 1.181409850824737521e-38
1.675396767516324189e+03 1.133153760464540069e-38
1.754205981535970295e+03 1.086682410632946709e-38
1.836722312779915455e+03 1.042131210263645789e-38
1.923120140834171480e+03 1.000083661972361172e-38
2.013582047949565094e+03 9.596915243182757985e-39
2.108299204887990527e+03 9.203521068473941300e-39
2.207471774918539268e+03 8.827742930381455957e-39
2.311309336817251733e+03 8.468287525954568313e-39
2.420031327764427715e+03 8.119323567890203573e-39
2.533867507075413869e+03 7.783784601116273159e-39
2.653058441744916308e+03 7.463836500645842750e-39
2.777856014830878848e+03 7.157072306091735074e-39
2.908523957752307069e+03 6.861296142752579963e-39
3.045338407625916716e+03 6.572646540725977310e-39
3.188588490819419349e+03 6.293560342881377795e-39
3.338576933954648212e+03 6.026139530985309700e-39
3.495620703651736676e+03 5.770187950535442696e-39
3.660051676366330867e+03 5.526231865081315277e-39
3.832217339735326277e+03 5.296676084386804931e-39
4.012481526913339167e+03 5.076238322839337460e-39
4.201225185451708967e+03 4.860765267524033063e-39
4.398847182344910834e+03 4.655248800865693828e-39
4.605765146945651395e+03 4.459874342844297933e-39
4.822416353529957632e+03 4.271858621558115083e-39
5.049258645377391076e+03 4.091502922653009617e-39
5.286771402319139270e+03 3.919199763215100509e-39
5.535456553798789173e+03 3.754869392556806024e-39
5.795839639586574776e+03 3.597475575395283030e-39
6.068470920388706872e+03 3.444105891421141807e-39
6.353926540698809731e+03 3.296779339793006837e-39
6.652809746348878434e+03 3.157220813090330217e-39
6.965752159332785595e+03 3.021898817783915693e-39
7.293415112596367180e+03 2.891314624511681698e-39
7.636491047614923446e+03 2.770208135967764147e-39
7.995704977711474385e+03 2.655292884631579401e-39
8.371816020208321788e+03 2.543257993705813160e-39
8.765619000649652662e+03 2.435423978583662313e-39
9.177946132485392809e+03 2.332468980060569767e-39
9.609668775765934697e+03 2.234993119269267733e-39
1.006169927856435424e+04 2.141540887672237275e-39
1.053499290501751057e+04 2.050820347572059173e-39
1.103054985406056039e+04 1.964346597665946334e-39
1.154941737312097757e+04 1.881929415418044406e-39
1.209269197123890808e+04 1.801695481048915455e-39
1.266152173629080789e+04 1.724888105029682897e-39
1.325710876121326146e+04 1.652784809780052311e-39
1.388071168435427353e+04 1.583596118376775677e-39
1.453364834932048507e+04 1.517256890238815092e-39
1.521729858994127062e+04 1.454959933214659734e-39
1.593310714623529930e+04 1.395640730895284525e-39
1.668258671754131137e+04 1.338181675954108582e-39
1.746732115926584811e+04 1.282842988321055277e-39
1.828896883000307935e+04 1.229933417434462718e-39
1.914926609610026208e+04 1.180364352726584710e-39
2.005003100107493810e+04 1.133365579801704919e-39
2.099316710763833908e+04 1.088021897671532513e-39
2.198066752044425448e+04 1.044161657188021118e-39
2.301461909806450785e+04 1.002150804583064257e-39
2.409720686309213124e+04 9.628227892749260296e-40
2.523071861969196834e+04 9.256647095013468956e-40
2.641754978835685688e+04 8.901220937316778073e-40
2.766020846808657370e+04 8.562278031872494944e-40
2.896132073668728481e+04 8.238449354528231445e-40
3.032363620039249145e+04 7.925160613435199116e-40
3.175003380453334830e+04 7.624405585118116985e-40
3.324352791753788915e+04 7.339149127677254148e-40
3.480727470111630828e+04 7.069902069869866028e-40
3.644457878009414708e+04 6.816236192660411119e-40
3.815890022598908399e+04 6.567651727482338900e-40
3.995386186908835225e+04 6.325930869502295218e-40
4.183325695448067563e+04 6.095837505854340673e-40
4.380105715822100319e+04 5.878030454480770574e-40
4.586142098056874966e+04 5.671956023080539585e-40
4.801870253403666720e+04 5.475409426623620211e-40
5.027746074482194672e+04 5.288511711342471758e-40
5.264246898706473439e+04 5.111778563477548780e-40
5.511872517029372830e+04 4.943532791841147893e-40
5.771146230137656676e+04 4.785262824379464743e-40
6.042615954329518718e+04 4.634901529421937441e-40
6.326855379411639296e+04 4.493410782796166844e-40
6.624465181062724150e+04 4.364050398187941795e-40
6.936074290225564619e+04 4.241035945020319098e-40
7.262341222210215346e+04 4.121993897466642161e-40
7.603955468317017949e+04 4.007235181716060461e-40
7.961638952920369047e+04 3.897840532450532164e-40
8.336147559092511074e+04 3.795254742489046626e-40
8.728272725991206244e+04 3.697181789177610906e-40
9.138843121387279825e+04 3.607676447625078021e-40
9.568726392866353854e+04 3.533237616911740434e-40
1.001883100140559254e+05 3.454989060272828570e-40
1.049010814120032737e+05 3.354361258118218380e-40
1.098355374979765620e+05 3.279149722209734484e-40
1.150021061278498237e+05 3.228365648576404114e-40
1.204117056748129398e+05 3.178785697197719010e-40
1.260757681028816442e+05 3.129131263463533540e-40
1.320062631257655157e+05 3.081016627662612662e-40
1.382157235021481465e+05 3.034599961503504982e-40
1.447172715208355512e+05 2.992130009952429347e-40
1.515246467317428032e+05 2.951586794961407036e-40
1.586522349813221954e+05 2.910778063101110040e-40
1.661150988137942913e+05 2.870955895824244553e-40
1.739290093024233356e+05 2.831176448255095889e-40
1.821104793781116314e+05 2.790907472503979075e-40
1.906767987257404893e+05 2.749455957803304501e-40
1.996460703220051946e+05 2.705895925467679414e-40
2.090372486919580551e+05 2.658971891593134907e-40
2.188701799651061592e+05 2.606923521755849755e-40
2.291656438157133816e+05 2.547249318321839257e-40
2.399453973759378132e+05 2.476565377667433706e-40
2.512322212146050588e+05 2.390266794664051429e-40
2.630499674787836266e+05 2.282992021180512388e-40
2.754236102998979040e+05 2.150752777907498597e-40
2.883792985709013301e+05 1.993909969434521534e-40
3.019444112060420448e+05 1.710397016172232444e-40
3.161476150000001653e+05 1.364660342310834434e-40
