1.776820000000000066e+00 0.000000000000000000e+00
1.860428914323982053e+00 0.000000000000000000e+00
1.947972076660950957e+00 0.000000000000000000e+00
2.039634614488673670e+00 0.000000000000000000e+00
2.135610366526028425e+00 0.000000000000000000e+00
2.236102292643632694e+00 0.000000000000000000e+00
2.341322903062978522e+00 1.130610136423222525e-42
2.451494707751674884e+00 2.038813223038274709e-42
2.566850686965160833e+00 3.676562967660952180e-42
2.687634783929920168e+00 6.629893853166341199e-42
2.814102420710095309e+00 1.195559355052150066e-41
2.946521038348382415e+00 1.675486309121122453e-41
3.085170662423460719e+00 2.338922311828465997e-41
3.230344495219932277e+00 3.265058876785891529e-41
3.382349535763032211e+00 4.557919477595955104e-41
3.541507229029300596e+00 6.362720365095302383e-41
3.708154145706101801e+00 7.923323011392710812e-41
3.882642693937470746e+00 9.840489740336259933e-41
4.065341864561424323e+00 1.299213115640775104e-40
4.256638011414686673e+00 1.628609124916145069e-40
4.456935668354936375e+00 2.011643121698265682e-40
4.666658404728338816e+00 2.413289403081440350e-40
4.886249721091404652e+00 2.851579946513194221e-40
5.116173987081382712e+00 3.319680217324406299e-40
5.356917423418476432e+00 3.807535479083936649e-40
5.608989130116533772e+00 4.303446362634645085e-40
5.872922163076573554e+00 4.750936407021101085e-40
6.149274661339810599e+00 5.167700351085510887e-40
6.438631027383976857e+00 5.693997907305174378e-40
6.741603162958925033e+00 6.162056935416522357e-40
7.058831763074929100e+00 6.595982921895136072e-40
7.390987670880072358e+00 6.949625592246909006e-40
7.738773296291887149e+00 7.249948124256465664e-40
8.102924101383225164e+00 7.509265206721744145e-40
8.484210155663500785e+00 7.826334495245551683e-40
8.883437764544268589e+00 8.215498797951833599e-40
9.301451174432838087e+00 8.629479919539876432e-40
9.739134358059688523e+00 9.100315341102006299e-40
1.019741288381511879e+01 9.635824563359993119e-40
1.067725587304822632e+01 1.024913257923351137e-39
1.117967804946729160e+01 1.096342489457099825e-39
1.170574188497545443e+01 1.180134782582353675e-39
1.225655984647946894e+01 1.287073964454502748e-39
1.283329674842286394e+01 1.421471041371995486e-39
1.343717221601841416e+01 1.589344626028631180e-39
1.406946326438891681e+01 1.799099228271946242e-39
1.473150699907036731e+01 2.030518182374007059e-39
1.542470344358833678e+01 2.246431645414592441e-39
1.615051850008691758e+01 2.434664086502430861e-39
1.691048704927122515e+01 2.584963849272349989e-39
1.770621619621876519e+01 2.690173868272356878e-39
1.853938866892368509e+01 2.774144988298829740e-39
1.941176637676074535e+01 2.884410922350389169e-39
2.032519413639410644e+01 3.022264905571303973e-39
2.128160357301013050e+01 3.190166434594346309e-39
2.228301720512410711e+01 3.392084155690553020e-39
2.333155272159906701e+01 3.611138004791374359e-39
2.442942745992126774e+01 3.824402137416691470e-39
2.557896309520255329e+01 4.028687798681222995e-39
2.678259054982545706e+01 4.221387960182344934e-39
2.804285513411348418e+01 4.400012263730268608e-39
2.936242192889739044e+01 4.568317050707519295e-39
3.074408142136021382e+01 4.743908986704337204e-39
3.219075540607900621e+01 4.927352990507313283e-39
3.370550316374220046e+01 5.119246875982946852e-39
3.529152793060887205e+01 5.319802914686386577e-39
3.695218367239065316e+01 5.530740904736586752e-39
3.869098217688123498e+01 5.764614123360480943e-39
4.051160048033211325e+01 6.023318215781716315e-39
4.241788864327910602e+01 6.309196738995481082e-39
4.441387789226330796e+01 6.624502889818720618e-39
4.650378914466368485e+01 6.956296581418534043e-39
4.869204193466870834e+01 7.289170188708399600e-39
5.098326375926290410e+01 7.621752306926255457e-39
5.338229986399225169e+01 7.953135547544719471e-39
5.589422348920226824e+01 8.281934510862026510e-39
5.852434659841660647e+01 8.610556107831351602e-39
6.127823111154345526e+01 8.953447291422920387e-39
6.416170066666452954e+01 9.311571712440449778e-39
6.718085293527931867e+01 9.686026181393389143e-39
7.034207251704773967e+01 1.007748253521466963e-38
7.365204444129959427e+01 1.047240080822577717e-38
7.711776830386234849e+01 1.085396671324219003e-38
8.074657306910268062e+01 1.121995284935370437e-38
8.454613256848347191e+01 1.156891870163712985e-38
8.852448172841096152e+01 1.189912945932681303e-38
9.269003356168931873e+01 1.220911766797795773e-38
9.705159695851415336e+01 1.250981472624014476e-38
1.016183953146278753e+02 1.280033710788714381e-38
1.064000860360297480e+02 1.309414167317075299e-38
1.114067809614868736e+02 1.347640394545303275e-38
1.166490677460343335e+02 1.391238519074054119e-38
1.221380322506834091e+02 1.430088387495005172e-38
1.278852819856859213e+02 1.467895274875666807e-38
1.339029706569297957e+02 1.506517242987336266e-38
1.402038238673742399e+02 1.543895463041704461e-38
1.468011660278755812e+02 1.578880198929932825e-38
1.537089485343114177e+02 1.611767888181846548e-38
1.609417792705900752e+02 1.645304311723091167e-38
1.685149534999346486e+02 1.680487457532813331e-38
1.764444862097678879e+02 1.714672303232624323e-38
1.847471459785971319e+02 1.746090835311898265e-38
1.934404904365190134e+02 1.772384806207948732e-38
2.025429033943290449e+02 1.796690687856825444e-38
2.120736337197570833e+02 1.821400972798305952e-38
2.220528360430373027e+02 1.849867577910106724e-38
2.325016133778937046e+02 1.881450952990310551e-38
2.434420617480718647e+02 1.915412219965227892e-38
2.548973169137882167e+02 1.953361601423052202e-38
2.668916032969096364e+02 1.994351842193560289e-38
2.794502852083253401e+02 2.025199616050051158e-38
2.925999204858409257e+02 2.048465414625801404e-38
3.063683166560239783e+02 2.074611274607262878e-38
3.207845897387651348e+02 2.104701028424160784e-38
3.358792258189095605e+02 2.137927583632722041e-38
3.516841455151638911e+02 2.165157802217457926e-38
3.682327714826114970e+02 2.184395593403221124e-38
3.855600990915826856e+02 2.197067254283546916e-38
4.037027704323450621e+02 2.203275122304255593e-38
4.226991518021136471e+02 2.205239370940347793e-38
4.425894148382359958e+02 2.218217394263852718e-38
4.634156214691335549e+02 2.238967527507891973e-38
4.852218128626386715e+02 2.254511809146986844e-38
5.080541025598278679e+02 2.263677363128781303e-38
5.319607739913022897e+02 2.267065656027434251e-38
5.569923825821319952e+02 2.272014685268455266e-38
5.832018626613860306e+02 2.277564598617696329e-38
6.106446394023291759e+02 2.280436733093541819e-38
6.393787460300058001e+02 2.281739551656788733e-38
6.694649465440689937e+02 2.282135508917975637e-38
7.009668642163782124e+02 2.281216876173935308e-38
7.339511161350968678e+02 2.277176090292843133e-38
7.684874540798128919e+02 2.266297277653898319e-38
8.046489120255891976e+02 2.253718080980206327e-38
8.425119605878707034e+02 2.242306481919156385e-38
8.821566687348532696e+02 2.228331565227518068e-38
9.236668731092872804e+02 2.212241353246237872e-38
9.671303553177805270e+02 2.198217729309668699e-38
1.012639027562513661e+03 2.183512653289860486e-38
1.060289127007923298e+03 2.165955503704161163e-38
1.110181419293385716e+03 2.143817694177319266e-38
1.162421411622252890e+03 2.118477823596757780e-38
1.217119575877882198e+03 2.093633243783681028e-38
1.274391582238467663e+03 2.067736706677849270e-38
1.334358543784702078e+03 2.040154347548706785e-38
1.397147272617543194e+03 2.014577416959641566e-38
1.462890548027694649e+03 1.988777887957519919e-38
1.531727397283900245e+03 1.957319974242386664e-38
1.603803389633832012e+03 1.923965431107001179e-38
1.679270944139300809e+03 1.890990267526891593e-38
1.758289651996762814e+03 1.855718113669377962e-38
1.841026614024735181e+03 1.819216356224757448e-38
1.927656794031806839e+03 1.785041835475968408e-38
2.018363388812509129e+03 1.751797267978136800e-38
2.113338215553477312e+03 1.718300815560508103e-38
2.212782117469151672e+03 1.683488472109887438e-38
2.316905388524811769e+03 1.646491335083353977e-38
2.425928218145113078e+03 1.606704031953676603e-38
2.540081156848541468e+03 1.566904459303672810e-38
2.659605603792469992e+03 1.528871634374362672e-38
2.784754317259822983e+03 1.491670855411276711e-38
2.915791949166890845e+03 1.454252645407236381e-38
3.052995604722575536e+03 1.414614238527348727e-38
3.196655428422637215e+03 1.375282116108406905e-38
3.347075217618099487e+03 1.337798148430300481e-38
3.504573064955339760e+03 1.299570117067809486e-38
3.669482031046438806e+03 1.261091529158392001e-38
3.842150848792273791e+03 1.225469214693709230e-38
4.022944660847793330e+03 1.190723446729979413e-38
4.212245791788994211e+03 1.155325732937025135e-38
4.410454556614491594e+03 1.119509447196958396e-38
4.617990107291429922e+03 1.083875855268911108e-38
4.835291319135920276e+03 1.049675453925292937e-38
5.062817718902429988e+03 1.016176513822942335e-38
5.301050456544764529e+03 9.828019794114730775e-39
5.550493322703608101e+03 9.495248088531193032e-39
5.811673814072323694e+03 9.164567134904055529e-39
6.085144248893917393e+03 8.841363256429126093e-39
6.371482934948129696e+03 8.521973778013995300e-39
6.671295392498580441e+03 8.204790007488518856e-39
6.985215634786145529e+03 7.903289460416672868e-39
7.313907508776406758e+03 7.618673018473533644e-39
7.658066098996463552e+03 7.346594070372856059e-39
8.018419197429838277e+03 7.077062735652115651e-39
8.395728842577735122e+03 6.804771029279309082e-39
8.790792930941479426e+03 6.549362276557859461e-39
9.204446904333804923e+03 6.310782101530066502e-39
9.637565516587206730e+03 6.078813547403796736e-39
1.009106468339538333e+04 5.855596959798958262e-39
1.056590341919967796e+04 5.641873636044558719e-39
1.106308586521633515e+04 5.424112160917217882e-39
1.158366341289350567e+04 5.204592922000691093e-39
1.212873692728800779e+04 4.997470270687679895e-39
1.269945907506424010e+04 4.799906851845546080e-39
1.329703676203756368e+04 4.608912925794328020e-39
1.392273368541757009e+04 4.424407737401420193e-39
1.457787300614767992e+04 4.245616688665664771e-39
1.526384014699307772e+04 4.071203909797135784e-39
1.598208572229326273e+04 3.903817062939723988e-39
1.673412860557563545e+04 3.745718051578320726e-39
1.752155914151627439e+04 3.598484650182191222e-39
1.834604250904120636e+04 3.458986725482520447e-39
1.920932224267912534e+04 3.317852550198158778e-39
2.011322391961317771e+04 3.180852735432571018e-39
2.105965902022774026e+04 3.052830742671508769e-39
2.205062897031527973e+04 2.927968524341532620e-39
2.308822937349003405e+04 2.805451069535405092e-39
2.417465444276020207e+04 2.687612951709747481e-39
2.531220164062862386e+04 2.573970889949510903e-39
2.650327653753586492e+04 2.463978830016876058e-39
2.775039789891833061e+04 2.358160587553981084e-39
2.905620301164057310e+04 2.257546377822489940e-39
3.042345326106394350e+04 2.164972018586161661e-39
3.185503997054719366e+04 2.076181283403889553e-39
3.335399051572591270e+04 1.987412282763253815e-39
3.492347472650256532e+04 1.901226148592813171e-39
3.656681159028391994e+04 1.818925817220021665e-39
3.828747627064162225e+04 1.742390691288262290e-39
4.008910745623928960e+04 1.669259133701594404e-39
4.197551505556479970e+04 1.597422722120730585e-39
4.395068825374233711e+04 1.529237599912958442e-39
4.601880394845936826e+04 1.464549183035898545e-39
4.818423558285056060e+04 1.400981555705221615e-39
5.045156239401490893e+04 1.339800624495554530e-39
5.282557909672668029e+04 1.282299053602125841e-39
5.531130602281534811e+04 1.227697653656967269e-39
5.791399973765941104e+04 1.175550041789368970e-39
6.063916415624147339e+04 1.125316061773016553e-39
6.349256218227517820e+04 1.077813744378673257e-39
6.648022789501356601e+04 1.033713955403446951e-39
6.960847930951426679e+04 9.906053732653901193e-40
7.288393173734136508e+04 9.480440215767743732e-40
7.631351177596230991e+04 9.069447041946067820e-40
7.990447195641868166e+04 8.681492995334263382e-40
8.366440608025081747e+04 8.323033141510449900e-40
8.760126527810448897e+04 7.977141552893660955e-40
9.172337482398381690e+04 7.640565859066150464e-40
9.603945174070309440e+04 7.320044249739217180e-40
1.005586232337696420e+05 7.011172138138815015e-40
1.052904459926816489e+05 6.709309893977624278e-40
1.102449264004527213e+05 6.421070762934726954e-40
1.154325416941061994e+05 6.147965415475783535e-40
1.208642621208808850e+05 5.888881130962044066e-40
1.265515741370087344e+05 5.638846734256979755e-40
1.325065046981156629e+05 5.393486651491806300e-40
1.387416466926200956e+05 5.164486329831527652e-40
1.452701855719051091e+05 4.953256882627052411e-40
1.521059272335876012e+05 4.752223982155182782e-40
1.592633272168400290e+05 4.558243541550453030e-40
1.667575212715138041e+05 4.369120000733357874e-40
1.746043573656985245e+05 4.190687792654792249e-40
1.828204291994143859e+05 4.023690569831203989e-40
1.914231112952975382e+05 3.864550794414428459e-40
2.004305957404968503e+05 3.712017306154673587e-40
2.098619306574673392e+05 3.565079448974604716e-40
2.197370604850278469e+05 3.422806556094235804e-40
2.300768681548514578e+05 3.284917997291095203e-40
2.409032192525927385e+05 3.150829510191944397e-40
2.522390082570287632e+05 3.022794531270704559e-40
2.641082069549990701e+05 2.903413307808405117e-40
2.765359151345341816e+05 2.788922578451747819e-40
2.895484136633591843e+05 2.678850675070089794e-40
3.031732200650348095e+05 2.576943185378448055e-40
3.174391467102451716e+05 2.480812912943657646e-40
3.323763617463070550e+05 2.387275076313011723e-40
3.480164528937296127e+05 2.298019475847077695e-40
3.643924942447548383e+05 2.213510014055063394e-40
3.815391162051172578e+05 2.132433042174337250e-40
3.994925787269496941e+05 2.055119885447907381e-40
4.182908479876780766e+05 1.982298855918391943e-40
4.379736766770830145e+05 1.913061520948244550e-40
4.585826880622840254e+05 1.846636157067973148e-40
4.801614640084473067e+05 1.781457968100655178e-40
5.027556371413246961e+05 1.719535866615279384e-40
5.264129873465503333e+05 1.663557484783577891e-40
5.511835428097307449e+05 1.609793636613573440e-40
5.771196858110302128e+05 1.557547384321306417e-40
6.042762634979409631e+05 1.509064149302826669e-40
6.327107038705247687e+05 1.462978950462511429e-40
6.624831372243694495e+05 1.417407649387829545e-40
6.936565233080886537e+05 1.374060508509187531e-40
7.262967844642770942e+05 1.333628086651052577e-40
7.604729450354413129e+05 1.296147835330141503e-40
7.962572773297514068e+05 1.260604336894339877e-40
8.337254544552391162e+05 1.225702314798423017e-40
8.729567103456910700e+05 1.193810611967327613e-40
9.140340073165921494e+05 1.165778387638194722e-40
9.570442115055031609e+05 1.139249847388254675e-40
1.002078276567819412e+06 1.114005960143591365e-40
1.049231436016432475e+06 1.090499956865579475e-40
1.098603404611970764e+06 1.068884756775582670e-40
1.150298589229568373e+06 1.049421144250989214e-40
1.204426309648007154e+06 1.033176595616139499e-40
1.261101029728213558e+06 1.016775501681219279e-40
1.320442599469903624e+06 9.963004111143248495e-41
1.382576508458331227e+06 9.813011779832172420e-41
1.447634151237025857e+06 9.722338086138350294e-41
1.515753105167784262e+06 9.642611448712351265e-41
1.587077421365418239e+06 9.569163330300727556e-41
1.661757929322591750e+06 9.527084719372435980e-41
1.739952555868856376e+06 9.526758727980858519e-41
1.821826659138421994e+06 9.571448679495636072e-41
1.907553378252938157e+06 9.662978867867824600e-41
1.997313999458670150e+06 9.803517759013956951e-41
2.091298339492457453e+06 1.000286275695280414e-40
2.189705146987030283e+06 1.025974042923418072e-40
2.292742522764670197e+06 1.058719223555600002e-40
2.400628359907868318e+06 1.098814702710024586e-40
2.513590804537748452e+06 1.147570253124085652e-40
2.631868738274503499e+06 1.206461986597588366e-40
2.755712283400270622e+06 1.277394245044680191e-40
2.885383331792540383e+06 1.362920982356044308e-40
3.021156098746815231e+06 1.466446190639645529e-40
3.163317702859495766e+06 1.592847369459440211e-40
3.312168773197471164e+06 1.749154478693452103e-40
3.468024085038192570e+06 1.945963073153407273e-40
3.631213225524832495e+06 2.197960941120629287e-40
3.802081290643983521e+06 2.496108756034421144e-40
3.980989615000002086e+06 1.556897377595741181e-40
