1.776820000000000066e+00 0.000000000000000000e+00
1.860406525536723032e+00 0.000000000000000000e+00
1.947925192343412215e+00 0.000000000000000000e+00
2.039560979217399872e+00 0.000000000000000000e+00
2.135507566870093576e+00 0.000000000000000000e+00
2.235967747289073770e+00 0.000000000000000000e+00
2.341153852357717113e+00 5.139592880258931521e-42
2.451288202638271851e+00 9.375878536395130790e-42
2.566603577266930003e+00 1.710390304782368127e-41
2.687343705954060358e+00 3.120171601346645509e-41
2.813763784129498013e+00 5.691958610048777789e-41
2.946131012321687503e+00 8.014597088750980754e-41
3.084725160910716468e+00 1.123197281102144791e-40
3.229839161448889051e+00 1.574094067940540783e-40
3.381779725798657044e+00 2.206000912577580577e-40
3.540867994396513119e+00 3.091584773929182162e-40
3.707440215013001250e+00 3.857332738351487182e-40
3.881848453443489166e+00 4.797431685874093868e-40
4.064461337631781745e+00 5.890610318268958001e-40
4.255664836799386563e+00 7.215509877987390677e-40
4.455863077227153468e+00 8.786314143612844366e-40
4.665479196413558682e+00 1.043695626828165572e-39
4.884956237414939118e+00 1.231543518895813843e-39
5.114758085257971487e+00 1.444413902532398949e-39
5.355370447403589473e+00 1.683724165473329537e-39
5.607301880334619071e+00 1.950650033815011539e-39
5.871084864436949324e+00 2.221034668186463581e-39
6.147276929446083393e+00 2.512140313257957796e-39
6.436461832837789387e+00 2.823797153681329478e-39
6.739250793653539517e+00 3.154383813420840495e-39
7.056283784368469369e+00 3.501812839636526628e-39
7.388230883532414417e+00 3.836035272376722739e-39
7.735793692042891578e+00 4.174485305588880007e-39
8.099706816043500623e+00 4.517652995364902403e-39
8.480739419581952987e+00 4.890468344881558969e-39
8.879696850309420242e+00 5.303229327326089844e-39
9.297422341657306077e+00 5.732651451695490728e-39
9.734798795089075085e+00 6.206460832551997323e-39
1.019275064619418103e+01 6.732772475733702512e-39
1.067224581856817700e+01 7.318510652694146938e-39
1.117429776960876531e+01 7.971726355879204038e-39
1.169996763255174343e+01 8.651249774433312354e-39
1.225036645927427159e+01 9.350720061914037075e-39
1.282665756860574291e+01 1.006685732134870187e-38
1.343005900510975437e+01 1.079501228208923801e-38
1.406184611353396541e+01 1.153011562046416745e-38
1.472335423436915391e+01 1.224513111545419662e-38
1.541598152621487827e+01 1.297046180288284143e-38
1.614119192091698807e+01 1.370512543190406713e-38
1.690051821772301111e+01 1.444658666311177752e-38
1.769556532299510465e+01 1.519160869017522576e-38
1.852801364232811920e+01 1.592665612967029314e-38
1.939962263224223449e+01 1.670462194548716662e-38
2.031223451895710141e+01 1.753032792444265147e-38
2.126777819210728993e+01 1.840781483416714298e-38
2.226827328162898922e+01 1.934010498921012362e-38
2.331583442643464821e+01 2.029178057411306351e-38
2.441267574389797801e+01 2.127375989466678926e-38
2.556111550959572654e+01 2.228726363567370821e-38
2.676358105719758385e+01 2.333301616357040835e-38
2.802261390886044623e+01 2.440996582184966265e-38
2.934087514697049670e+01 2.547348997785831915e-38
3.072115103858701346e+01 2.652085745980870718e-38
3.216635892447548883e+01 2.754895667939108609e-38
3.367955338517723618e+01 2.855508432391620705e-38
3.526393269714780843e+01 2.953511235354536254e-38
3.692284559261015175e+01 3.048941415298544751e-38
3.865979833740995986e+01 3.149261879685628858e-38
4.047846214183274327e+01 3.254795010282327128e-38
4.238268092004640408e+01 3.365798464680330626e-38
4.437647941456932443e+01 3.482374429226009481e-38
4.646407170293605304e+01 3.598832809035848788e-38
4.864987010453982208e+01 3.711909984369490368e-38
5.093849450647774546e+01 3.821246224538496647e-38
5.333478212810961594e+01 3.926524371577381488e-38
5.584379774496827764e+01 4.027240535062712477e-38
5.847084439363128183e+01 4.121801150117756759e-38
6.122147458017914801e+01 4.214667163983388468e-38
6.410150201593066299e+01 4.305957914850006165e-38
6.711701390525929867e+01 4.395645295124002327e-38
7.027438381146282609e+01 4.483509725486243492e-38
7.358028512787882391e+01 4.566258933046929236e-38
7.704170518271882884e+01 4.644573126692302594e-38
8.066596000743265904e+01 4.718452322470646737e-38
8.446070979981764992e+01 4.787834566253451017e-38
8.843397511455535209e+01 4.852463722856346666e-38
9.259415381539545820e+01 4.909592913167624486e-38
9.695003882481782398e+01 4.964368598842207229e-38
1.015108367086872363e+02 5.017033028179692189e-38
1.062861871351822316e+02 5.066234953126672591e-38
1.112861832491250453e+02 5.104516084352924378e-38
1.165213930047768542e+02 5.130669461155703773e-38
1.220028815021870230e+02 5.145154420163554742e-38
1.277422343743048430e+02 5.149881464010616186e-38
1.337515822742867897e+02 5.148536659881891904e-38
1.400436265147539245e+02 5.157929502911491874e-38
1.466316659131909148e+02 5.165108525400666990e-38
1.535296249002268780e+02 5.150564363200237244e-38
1.607520829502072104e+02 5.126041500769812992e-38
1.683143053962619433e+02 5.098502260158863039e-38
1.762322756949981510e+02 5.068477252692386705e-38
1.845227292090146705e+02 5.038115926557843002e-38
1.932031885786385885e+02 5.011311395617093213e-38
2.022920007576464343e+02 4.977579784723699700e-38
2.118083757912477552e+02 4.931440325581358603e-38
2.217724274182932618e+02 4.877696081763744714e-38
2.322052155835211806e+02 4.817036083180557462e-38
2.431287909496991517e+02 4.757272922138425787e-38
2.545662415037393487e+02 4.694266309121892456e-38
2.665417413552943344e+02 4.625475475902178952e-38
2.790806018309739329e+02 4.552675511079139453e-38
2.922093249721746702e+02 4.477819703263698248e-38
3.059556595495968736e+02 4.404012942946003915e-38
3.203486597128364792e+02 4.329213848375865918e-38
3.354187463990185734e+02 4.252280983098273078e-38
3.511977716302616273e+02 4.174175475664107422e-38
3.677190858358723631e+02 4.091349835463951407e-38
3.850176083415626636e+02 4.001381192011426153e-38
4.031299011746742735e+02 3.909106322491544210e-38
4.220942463414068015e+02 3.817340823720152499e-38
4.419507267393761936e+02 3.725429351048060233e-38
4.627413108765281322e+02 3.633347333554534342e-38
4.845099415754609140e+02 3.541173262685359284e-38
5.073026288506455330e+02 3.448193912966712653e-38
5.311675471548470568e+02 3.354136707443241235e-38
5.561551372002857079e+02 3.260041412902085224e-38
5.823182125697500169e+02 3.166477096217012653e-38
6.097120713429856096e+02 3.077109304397046752e-38
6.383946129743038682e+02 2.987919774208929807e-38
6.684264606684333785e+02 2.896770020458182028e-38
6.998710895132704763e+02 2.808547391818199814e-38
7.327949606403487905e+02 2.722470500746079513e-38
7.672676616965870835e+02 2.634545106089880004e-38
8.033620539242206178e+02 2.548033048921101442e-38
8.411544261597713330e+02 2.465187332725928165e-38
8.807246560775636226e+02 2.386044613136741497e-38
9.221563790185756488e+02 2.308549049327894487e-38
9.655371647614693984e+02 2.229558200708870967e-38
1.010958702609416832e+03 2.152179510725448859e-38
1.058516995183922290e+03 2.078212641269607890e-38
1.108312561335246755e+03 2.004974806061038099e-38
1.160450648598289717e+03 1.932556161222323395e-38
1.215041455642992105e+03 1.862441585313775583e-38
1.272200365189417880e+03 1.794470796726286936e-38
1.332048187879805255e+03 1.728286415575199161e-38
1.394711417623032730e+03 1.662176685511708130e-38
1.460322498951194348e+03 1.597066423317397960e-38
1.529020106953375716e+03 1.536611998452021329e-38
1.600949440378270538e+03 1.478500885264119827e-38
1.676262528525174048e+03 1.421138125604885696e-38
1.755118552571966575e+03 1.366656818402835605e-38
1.837684182019256241e+03 1.314599990396180673e-38
1.924133926961785619e+03 1.262719011841212195e-38
2.014650506931655173e+03 1.212151747863796137e-38
2.109425237092963016e+03 1.163822363897942817e-38
2.208658432604089285e+03 1.117826119750309758e-38
2.312559832002318217e+03 1.073699642164522869e-38
2.421349040505634548e+03 1.030555281052970284e-38
2.535255994168664529e+03 9.889916370954286499e-39
2.654521445873794619e+03 9.493497691380983805e-39
2.779397474184658677e+03 9.104137313721542664e-39
2.910148016137492959e+03 8.725148620169650231e-39
3.047049425096487994e+03 8.372585553169726976e-39
3.190391054852166690e+03 8.035268106519013343e-39
3.340475871197398192e+03 7.704154747828996775e-39
3.497621092273618615e+03 7.383910847860297111e-39
3.662158859040714106e+03 7.075316544110216618e-39
3.834436937287663113e+03 6.778452499083069112e-39
4.014819452667692076e+03 6.492534792555010281e-39
4.203687660311539730e+03 6.217017661091536798e-39
4.401440750645416301e+03 5.953961372525884927e-39
4.608496693116909228e+03 5.703028725476782769e-39
4.825293119612064402e+03 5.462397422101945518e-39
5.052288249430857832e+03 5.232613872983562450e-39
5.289961857776070246e+03 5.014102552470816630e-39
5.538816289802544816e+03 4.806013731082687691e-39
5.799377522370165025e+03 4.606116202085939056e-39
6.072196275744560808e+03 4.409226360971213672e-39
6.357849177595349829e+03 4.220734091874892096e-39
6.656939981752049789e+03 4.044967091545495828e-39
6.970100844293642695e+03 3.875998394488650306e-39
7.297993659668912187e+03 3.712160522811455988e-39
7.641311459671583179e+03 3.553549680651616724e-39
8.000779878227146583e+03 3.401140215630992689e-39
8.377158685087229969e+03 3.255755623734998589e-39
8.771243391673282531e+03 3.117236193343600146e-39
9.183866932463521152e+03 2.985617151862669286e-39
9.615901425477011799e+03 2.861349948880686112e-39
1.006826001557576637e+04 2.741313290628916848e-39
1.054189880448080658e+04 2.622960071044653153e-39
1.103781887158174504e+04 2.510883060704863672e-39
1.155706838981048713e+04 2.405698725673779629e-39
1.210074484105177726e+04 2.305627008704716858e-39
1.266999733577265397e+04 2.209964272545913614e-39
1.326602904177369965e+04 2.118088384880248243e-39
1.389009972719548023e+04 2.028666425768697731e-39
1.454352842315503767e+04 1.942065540001158233e-39
1.522769621164014461e+04 1.860407761931983598e-39
1.594404914455384642e+04 1.783013924404112203e-39
1.669410130007889893e+04 1.709036708650358718e-39
1.747943798282205171e+04 1.637733776870474005e-39
1.830171907450197614e+04 1.568986571240973405e-39
1.916268254226280624e+04 1.503264088214059256e-39
2.006414811202843703e+04 1.440306973089964907e-39
2.100802111466160568e+04 1.379877491460167287e-39
2.199629651305687366e+04 1.322984253327651071e-39
2.303106311867925979e+04 1.269251849898189403e-39
2.411450800646039716e+04 1.216058682196161945e-39
2.524892113738391345e+04 1.165011171012243244e-39
2.643670019852947371e+04 1.117976947429681568e-39
2.768035567080639521e+04 1.072959831177397121e-39
2.898251613508721130e+04 1.029205241094990168e-39
3.034593382795647631e+04 9.864446647557726696e-40
3.177349045881733764e+04 9.458029697865016274e-40
3.326820330065093731e+04 9.084447413434618022e-40
3.483323156730189658e+04 8.727179926828649783e-40
3.647188309076902806e+04 8.384099034725666842e-40
3.818762131261421018e+04 8.063846555031802972e-40
3.998407260426646098e+04 7.758289614987374425e-40
4.186503393169338960e+04 7.458165742593100714e-40
4.383448088063997420e+04 7.167783124101290340e-40
4.589657605939666246e+04 6.890237174359143909e-40
4.805567789685736352e+04 6.632099478311831794e-40
5.031634985446151404e+04 6.387470267300986346e-40
5.268337007149231067e+04 6.148960420820524007e-40
5.516174146411589027e+04 5.921314188519910810e-40
5.775670229950745852e+04 5.707068403504595554e-40
6.047373726741344581e+04 5.503753848412019433e-40
6.331858907255056693e+04 5.308479776676545177e-40
6.629727057234347740e+04 5.119222250719116279e-40
6.941607748565504153e+04 4.941168288479731029e-40
7.268160169937046885e+04 4.775194893132648657e-40
7.610074520096003835e+04 4.617932236759153262e-40
7.968073466646793531e+04 4.467021782417421005e-40
8.342913673476049735e+04 4.320123060087058932e-40
8.735387400031722791e+04 4.179429036266374852e-40
9.146324175836768700e+04 4.048038218169773635e-40
9.576592553776419663e+04 3.927594430739308052e-40
1.002710194586511061e+05 3.814153832792959836e-40
1.049880454537287151e+05 3.703719239004103905e-40
1.099269733937388228e+05 3.599495954168784030e-40
1.150982421597086213e+05 3.501937551706588517e-40
1.205127817064913252e+05 3.407644961226719994e-40
1.261820361642367352e+05 3.318262828957896225e-40
1.321179880266188120e+05 3.236633636389644482e-40
1.383331834769443667e+05 3.158889641908586830e-40
1.448407589056720026e+05 3.087090263752178154e-40
1.516544686753883143e+05 3.026161725825561556e-40
1.587887141919254791e+05 2.966736336614833923e-40
1.662585743430641596e+05 2.898423556253655450e-40
1.740798373691589513e+05 2.835255375992728964e-40
1.822690342330426502e+05 2.780528969912790705e-40
1.908434735597466060e+05 2.736991677899084229e-40
1.998212782198802743e+05 2.703970156662946059e-40
2.092214236339946801e+05 2.675175608695538762e-40
2.190637778788886208e+05 2.648462144930491045e-40
2.293691436806270212e+05 2.626569428424014971e-40
2.401593023830262828e+05 2.609229162183208158e-40
2.514570599845393735e+05 2.594678922446114953e-40
2.632862953408428002e+05 2.583825376906536556e-40
2.756720106350068818e+05 2.576953669247523245e-40
2.886403842219221988e+05 2.572104482645220462e-40
3.022188259586740169e+05 2.569929264407923666e-40
3.164360351378104533e+05 2.570329442390903956e-40
3.313220611459513311e+05 2.570785414071746207e-40
3.469083669759486220e+05 2.571686139551060700e-40
3.632278957268283702e+05 2.570338316749919507e-40
3.803151402320797788e+05 2.563235650216049933e-40
3.982062159634488635e+05 2.544463693515595639e-40
4.169389373643284198e+05 2.503925226499625519e-40
4.365528977740816190e+05 2.424858665482120684e-40
4.570895531122271786e+05 2.285087556594499547e-40
4.785923094993595732e+05 2.055943169081552737e-40
5.011066149999998161e+05 1.580846980924666973e-40
