1.776820000000000066e+00 0.000000000000000000e+00
1.860715915807979792e+00 0.000000000000000000e+00
1.948573135906354725e+00 0.000000000000000000e+00
2.040578700766999098e+00 0.000000000000000000e+00
2.136928482331313717e+00 0.000000000000000000e+00
2.237827601004753753e+00 0.000000000000000000e+00
2.343490862340549263e+00 0.000000000000000000e+00
2.454143214342267676e+00 0.000000000000000000e+00
2.570020226358782356e+00 1.456358292668112404e-55
2.691368590591176169e+00 4.473969426792068111e-53
2.818446647279236217e+00 1.374414698130288288e-50
2.951524934685625823e+00 4.222236636496155921e-48
3.090886765048599383e+00 1.052446181405683607e-42
3.236828827729409497e+00 2.918072591960607033e-42
3.389661820838462347e+00 4.860456966736398894e-42
3.549711112684900360e+00 7.324240117483988052e-42
3.717317434457766190e+00 1.155727528594029518e-41
3.892837605613427954e+00 1.929724509437774765e-41
4.076645293513543322e+00 3.352686766742348445e-41
4.269131808930755057e+00 4.889112385847460522e-41
4.470706939115704159e+00 7.046977710800860562e-41
4.681799820198876638e+00 9.975934605338112843e-41
4.902859850784541784e+00 1.389279734123104304e-40
5.134357648681763919e+00 1.908266902736872207e-40
5.376786052809285898e+00 2.412823981703908481e-40
5.630661172407222637e+00 3.024654620961140131e-40
5.896523485789297858e+00 3.771372585836847197e-40
6.174938990974716546e+00 4.715899123632989817e-40
6.466500410649318020e+00 5.829929210806792463e-40
6.771828454021242116e+00 6.825939809819621740e-40
7.091573138257490250e+00 7.944027217253320908e-40
7.426415172314613677e+00 9.195502326121115164e-40
7.777067406109602565e+00 1.057934252290914836e-39
8.144276348116084918e+00 1.205552849043961472e-39
8.528823754616723818e+00 1.331784159468425066e-39
8.931528293995176782e+00 1.467054483779173588e-39
9.353247289610720827e+00 1.610059670218218886e-39
9.794878544966016065e+00 1.758378530853956104e-39
1.025736225505361965e+01 1.910455558727221364e-39
1.074168300795032849e+01 2.035166082914125064e-39
1.124887188092058565e+01 2.158118610170485482e-39
1.178000863549137200e+01 2.283132868458270154e-39
1.233622401617172315e+01 2.410953563166449523e-39
1.291870215771060337e+01 2.531863524188236191e-39
1.352868310601806101e+01 2.625073604208045208e-39
1.416746545811637858e+01 2.718692210785818473e-39
1.483640912674156098e+01 2.803507231058919965e-39
1.553693823548068842e+01 2.884843067187101589e-39
1.627054415060865367e+01 2.960683465356461118e-39
1.703878865607880400e+01 3.009258940809332607e-39
1.784330727842679210e+01 3.056666768013982802e-39
1.868581276866598984e+01 3.099866199298648135e-39
1.956809874858724285e+01 3.137560312049071597e-39
2.049204352922552275e+01 3.169881613332233795e-39
2.145961410962273064e+01 3.182344187138731657e-39
2.247287036439960772e+01 3.187562606544441267e-39
2.353396942905179401e+01 3.188289576718578625e-39
2.464517029230598055e+01 3.183410174419820888e-39
2.580883860531271523e+01 3.173598087551944703e-39
2.702745171791447731e+01 3.149583003523136628e-39
2.830360395271057072e+01 3.119496540608218476e-39
2.964001212814703479e+01 3.082914105997559395e-39
3.103952134238961591e+01 3.050007191373834442e-39
3.250511103029334947e+01 3.011567203094934627e-39
3.403990130636325517e+01 2.959529061041683528e-39
3.564715960721004961e+01 2.909170441634480533e-39
3.733030764764190224e+01 2.859054822243909946e-39
3.909292870520120289e+01 2.807226051333755424e-39
4.093877524865463613e+01 2.749482847576186705e-39
4.287177692667657425e+01 2.685708785260076311e-39
4.489604893373353889e+01 2.623230028355845881e-39
4.701590077097955600e+01 2.561792451708642466e-39
4.923584542081377435e+01 2.496066299489098025e-39
5.156060895463220817e+01 2.432208780630752449e-39
5.399514059422766366e+01 2.366055102081994476e-39
5.654462324825754393e+01 2.297725129113622354e-39
5.921448454621105384e+01 2.231354866948279459e-39
6.201040839336599930e+01 2.166339967162832238e-39
6.493834707133467532e+01 2.101841113286616611e-39
6.800453390995986069e+01 2.034565234114956466e-39
7.121549655753862851e+01 1.970974198875557185e-39
7.457807087762438414e+01 1.909479307992964301e-39
7.809941550199305027e+01 1.846575821054673066e-39
8.178702707075503042e+01 1.784651386112003464e-39
8.564875619205771784e+01 1.723078584336706423e-39
8.969282415535562336e+01 1.663801219440428558e-39
9.392784043382934556e+01 1.604410509730880401e-39
9.836282101321381788e+01 1.546502142934219910e-39
1.030072075860574330e+02 1.490997127844868116e-39
1.078708876522739928e+02 1.436184569281798877e-39
1.129642155687806309e+02 1.382760436983973470e-39
1.182980345930334067e+02 1.330165638373433468e-39
1.238836999673912658e+02 1.279520753159571992e-39
1.297331030934509783e+02 1.230116986705256191e-39
1.358586968478189192e+02 1.181383157230868017e-39
1.422735220932160871e+02 1.134156218088743193e-39
1.489912354413532682e+02 1.087916760915976955e-39
1.560261383266847020e+02 1.044056107858839477e-39
1.633932074529326712e+02 1.001904997191454714e-39
1.711081266772023639e+02 9.608518647350357547e-40
1.791873203995668007e+02 9.202010316361558085e-40
1.876479885292027632e+02 8.825367479342019898e-40
1.965081431015188116e+02 8.466824338206823519e-40
2.057866466242322474e+02 8.114049273079236915e-40
2.155032522340255525e+02 7.762252702883123476e-40
2.256786457492783597e+02 7.423773827678256705e-40
2.363344897083966600e+02 7.108655616342519211e-40
2.474934694874949059e+02 6.803775194259392014e-40
2.591793415956138915e+02 6.511854220329261437e-40
2.714169842502851679e+02 6.226666438289570100e-40
2.842324503411205114e+02 5.960649706324350758e-40
2.976530228941727501e+02 5.697854008250837518e-40
3.117072731551558036e+02 5.442047251224665501e-40
3.264251214151710201e+02 5.197418015492558072e-40
3.418379007084345744e+02 4.959653287081430252e-40
3.579784235176171592e+02 4.730879617033503112e-40
3.748810516287973087e+02 4.509050684142173426e-40
3.925817692847535341e+02 4.295199917776162335e-40
4.111182597923242952e+02 4.092014125213475702e-40
4.305299857469284461e+02 3.899968064273662490e-40
4.508582730450427789e+02 3.712413893584574264e-40
4.721463988634811813e+02 3.535843795648502998e-40
4.944396837927886281e+02 3.366780779461544247e-40
5.177855883208801515e+02 3.203497691117187634e-40
5.422338138723448537e+02 3.045492115903312308e-40
5.678364086185063115e+02 2.893458662801567277e-40
5.946478782835051788e+02 2.748650871031873907e-40
6.227253021823061090e+02 2.609018620601366380e-40
6.521284547376494629e+02 2.477695317653922001e-40
6.829199327346650534e+02 2.351830716910689825e-40
7.151652885840472891e+02 2.232721785583110788e-40
7.489331698775021096e+02 2.115524524894363402e-40
7.842954655325753492e+02 2.004659434702370475e-40
8.213274588379752004e+02 1.897063578965716783e-40
8.601079877252300321e+02 1.791499195972744189e-40
9.007196126078674752e+02 1.691925194777779467e-40
9.432487921454375055e+02 1.597996805707715874e-40
9.877860673065755464e+02 1.506805004605582301e-40
1.034426254122936825e+03 1.419223124353757220e-40
1.083268645544388164e+03 1.337183054972134473e-40
1.134417222825156841e+03 1.258276621942175713e-40
1.187980876890994068e+03 1.184684457680362109e-40
1.244073640158594571e+03 1.114341561889899526e-40
1.302814929300810263e+03 1.045535462934438208e-40
1.364329799474492120e+03 9.748301827929323246e-41
1.428749210552163959e+03 9.083822558804418000e-41
1.496210305924346130e+03 8.463289299467851691e-41
1.566856704466045585e+03 7.875143401319193934e-41
1.640838806288993737e+03 7.314630247406105039e-41
1.718314112930572264e+03 6.785414320615056466e-41
1.799447562661037637e+03 6.279267638521052964e-41
1.884411881622939745e+03 5.807423163363674936e-41
1.973387951550221942e+03 5.360818911272099694e-41
2.066565194849902127e+03 4.908757131732080370e-41
2.164141977866094294e+03 4.433320623020884047e-41
2.266326033184904190e+03 3.990949419048918032e-41
2.373334901879265999e+03 3.579376327152605314e-41
2.485396396635178917e+03 3.203819620272396012e-41
2.602749086745352542e+03 2.859085995942118030e-41
2.725642806002726957e+03 2.538659947290673158e-41
2.854339184575136187e+03 2.246802975973948670e-41
2.989112205993477346e+03 1.973909472662770787e-41
3.130248790439077311e+03 1.728655964673369945e-41
3.278049405572126943e+03 1.488493505056025254e-41
3.432828706201499244e+03 1.247480492685555636e-41
3.594916204157788798e+03 1.028394996396957813e-41
3.764656969795708392e+03 8.293240533922524264e-42
3.942412366619191744e+03 6.529708033388050148e-42
4.128560820593273093e+03 4.994580478306841367e-42
4.323498625780413022e+03 3.686783709951632265e-42
4.527640788016535225e+03 2.612978293858872363e-42
4.741421908422775232e+03 1.757459244946109881e-42
4.965297108633907555e+03 1.099410541261322108e-42
5.199742999713230347e+03 6.329742895367624655e-43
5.445258696816521478e+03 3.296798286375800076e-43
5.702366881765353355e+03 1.538494079893699570e-43
5.971614915791763451e+03 6.508561744720085674e-44
6.253576004823255971e+03 2.923099998950340568e-44
6.548850419789016087e+03 1.327435067480703460e-44
6.858066774545079170e+03 5.377850827185163669e-45
7.181883364139267542e+03 1.049072722991512152e-45
7.520989566264723180e+03 2.351429305325950732e-46
7.876107308885829298e+03 0.000000000000000000e+00
8.247992607160786065e+03 0.000000000000000000e+00
8.637437172932894100e+03 0.000000000000000000e+00
9.045270100217088839e+03 0.000000000000000000e+00
9.472359630269791523e+03 0.000000000000000000e+00
9.919615000000001601e+03 0.000000000000000000e+00
