1.776820000000000066e+00 0.000000000000000000e+00
1.860392688241149006e+00 0.000000000000000000e+00
1.947896215970739586e+00 0.000000000000000000e+00
2.039515470134603436e+00 0.000000000000000000e+00
2.135444033831860544e+00 0.000000000000000000e+00
2.235884595338288428e+00 0.000000000000000000e+00
2.341049376368102841e+00 6.986402312761616666e-42
2.451160580479013529e+00 1.302177933277066449e-41
2.566450862568007363e+00 2.427096657197030376e-41
2.687163820449855578e+00 4.523804337977217360e-41
2.813554509556996486e+00 8.431804982968947342e-41
2.945889981848329064e+00 1.196689862137156624e-40
3.084449850065557275e+00 1.689240143684316713e-40
3.229526878529322520e+00 2.384522343042846585e-40
3.381427601723423493e+00 3.365980756418637614e-40
3.540472971974123695e+00 4.751405477301905189e-40
3.706999037593042612e+00 5.947115233214637401e-40
3.881357652916487933e+00 7.416907606181003855e-40
4.063917221741459862e+00 9.475659210355683818e-40
4.255063475729166100e+00 1.255668574578693437e-39
4.455200289420712778e+00 1.589644469225572144e-39
4.664750533587051606e+00 1.874997198240678284e-39
4.884156968716217406e+00 2.137819510114170645e-39
5.113883180525718331e+00 2.497148591728938968e-39
5.354414559476726510e+00 3.006233203985215620e-39
5.606259326359708695e+00 3.611584241188182802e-39
5.869949606118431085e+00 4.176215178158320648e-39
6.146042552181279817e+00 4.725610866546182706e-39
6.435121523675455535e+00 5.322498814142254259e-39
6.737797318011425673e+00 5.977093470738973477e-39
7.054709461441946772e+00 6.671476091755076288e-39
7.386527560322517338e+00 7.323156586286542996e-39
7.733952715928311683e+00 8.000352892041648335e-39
8.097719005817024751e+00 8.832673354488279002e-39
8.478595034867563385e+00 9.867665745179432087e-39
8.877385559271802506e+00 1.096523916031387444e-38
9.294933186910789402e+00 1.193135668181771229e-38
9.732120157708058272e+00 1.281162620329399433e-38
1.018987020772187080e+01 1.370819431563755629e-38
1.066915052091494331e+01 1.462647720824127185e-38
1.117097377272565595e+01 1.556871504657358487e-38
1.169640026975859115e+01 1.660378204850270176e-38
1.224654019011531325e+01 1.800028821564708957e-38
1.282255592909911535e+01 1.933067527631724374e-38
1.342566455524993785e+01 2.040385308742118946e-38
1.405714038189875481e+01 2.154848420084088442e-38
1.471831765967505490e+01 2.266013945149571510e-38
1.541059339565631703e+01 2.364878016720775366e-38
1.613543030511608123e+01 2.479029774661330067e-38
1.689435990210747462e+01 2.617676591437400858e-38
1.768898573541225616e+01 2.751355861378090545e-38
1.852098677669260596e+01 2.869209261208775112e-38
1.939212096800460117e+01 2.978427680210674320e-38
2.030422893616889723e+01 3.108505834905022583e-38
2.125923788184677576e+01 3.268582437914158552e-38
2.225916565153870508e+01 3.420792923763767378e-38
2.330612500110935770e+01 3.557990373035742589e-38
2.440232805984742370e+01 3.695319682669064511e-38
2.555009100449228399e+01 3.833288833676023297e-38
2.675183895310352611e+01 3.971089614374423137e-38
2.801011108911344039e+01 4.105091853567438311e-38
2.932756602638927035e+01 4.228279159287437917e-38
3.070698742664092862e+01 4.345562486076845000e-38
3.215128988104347485e+01 4.454201208502448758e-38
3.366352506850155635e+01 4.554856080134968921e-38
3.524688820356757191e+01 4.660830414972594356e-38
3.690472478763763320e+01 4.767618176699301154e-38
3.864053767768989189e+01 4.878352479616134179e-38
4.045799448750065608e+01 4.982224974900608784e-38
4.236093533697668789e+01 5.074926926935151875e-38
4.435338096597717339e+01 5.166298397249179974e-38
4.643954122976897025e+01 5.247447987046696693e-38
4.862382399406556743e+01 5.314121478065316536e-38
5.091084444844390333e+01 5.380647371695891389e-38
5.330543485781764446e+01 5.452307856605099010e-38
5.581265477257057483e+01 5.515408258003042958e-38
5.843780171892354502e+01 5.562278446195571614e-38
6.118642239212268663e+01 5.596118505028043955e-38
6.406432437609863939e+01 5.624743284991323798e-38
6.707758841435996544e+01 5.651870969587062354e-38
7.023258125804781571e+01 5.675476436284866570e-38
7.353596911829816918e+01 5.690550917211769871e-38
7.699473175133597636e+01 5.699563976659966172e-38
8.061617720606146520e+01 5.697362973054318500e-38
8.440795726528830301e+01 5.682534409006621949e-38
8.837808361326058559e+01 5.664229795629796436e-38
9.253494476360855003e+01 5.637343351327292477e-38
9.688732378350985641e+01 5.604028740711933133e-38
1.014444168515068299e+02 5.565411486817181994e-38
1.062158526881904521e+02 5.520909168082222193e-38
1.112117129008051108e+02 5.464879833564144820e-38
1.164425532847625249e+02 5.401564766415089241e-38
1.219194261270711905e+02 5.340649236967037522e-38
1.276539035588074142e+02 5.277892694864030417e-38
1.336581020059691696e+02 5.210682023034830426e-38
1.399447077903752188e+02 5.138502234680535884e-38
1.465270039347026056e+02 5.056906869685847362e-38
1.534188982282971097e+02 4.970398940061719029e-38
1.606349526130598235e+02 4.881512591666617075e-38
1.681904139514976464e+02 4.791385337545208399e-38
1.761012462419481892e+02 4.700320370012525427e-38
1.843841643490473245e+02 4.607489267204051751e-38
1.930566693207089486e+02 4.511049275737780674e-38
2.021370853662365050e+02 4.413740007806757143e-38
2.116445985737010176e+02 4.316419657722981896e-38
2.215992974483890237e+02 4.213758467598862370e-38
2.320222153579755400e+02 4.105695571893348772e-38
2.429353749741059971e+02 4.001037532470313994e-38
2.543618348042844559e+02 3.894031264104446082e-38
2.663257379123906503e+02 3.782245333386822846e-38
2.788523629307640590e+02 3.675382129846997900e-38
2.919681774716407858e+02 3.571852931422499763e-38
3.057008940507953980e+02 3.464523324017017011e-38
3.200795286415518035e+02 3.356723294856882323e-38
3.351344619828775535e+02 3.251169628581631528e-38
3.508975037711061873e+02 3.151405723754312065e-38
3.674019598709137995e+02 3.054950562227114309e-38
3.846827026875632782e+02 2.958746812298692171e-38
4.027762448491049554e+02 2.863879311623359382e-38
4.217208163542176749e+02 2.770747361238774196e-38
4.415564453486988441e+02 2.677404459696511814e-38
4.623250427012708315e+02 2.585491245509082746e-38
4.840704905574123700e+02 2.499297776836968740e-38
5.068387350583155921e+02 2.414673395064261532e-38
5.306778834208774924e+02 2.329037483910617053e-38
5.556383055838455221e+02 2.244135562063770587e-38
5.817727406348914201e+02 2.160638517517345584e-38
6.091364082434723741e+02 2.080626868279507278e-38
6.377871253349420613e+02 2.003031589593695564e-38
6.677854282524216387e+02 1.927077493912484123e-38
6.991947006645523288e+02 1.853335880997176612e-38
7.320813074893867451e+02 1.781969072156328256e-38
7.665147351173864081e+02 1.713098252770757760e-38
8.025677382298076736e+02 1.647599985803427480e-38
8.403164935226816397e+02 1.585828814481641166e-38
8.798407606612025802e+02 1.525960420922574348e-38
9.212240508046016885e+02 1.467014990395286674e-38
9.645538030575827406e+02 1.408372119114456329e-38
1.009921569221147138e+03 1.351285789242813908e-38
1.057423207233174935e+03 1.296670999507776596e-38
1.107159083707468653e+03 1.245017503338686660e-38
1.159234285999226358e+03 1.195564716854240393e-38
1.213758844245005321e+03 1.146276850912401641e-38
1.270847963846329776e+03 1.098438419265333726e-38
1.330622268888162353e+03 1.052990971989860309e-38
1.393208057006552963e+03 1.009292872911854834e-38
1.458737566243991751e+03 9.671685085176453853e-39
1.527349254456282551e+03 9.268079204290119812e-39
1.599188091861324438e+03 8.884942109776641582e-39
1.674405867347915773e+03 8.522677185550425016e-39
1.753161509191782216e+03 8.167350669637013138e-39
1.835621420856477926e+03 7.821196375044772528e-39
1.921959832588681593e+03 7.498906790794091420e-39
2.012359169550751631e+03 7.190609485244104111e-39
2.107010437268406349e+03 6.888519479261979276e-39
2.206113625207916357e+03 6.600497480862352638e-39
2.309878129335545054e+03 6.327314846837919392e-39
2.418523194552058158e+03 6.066846681687511504e-39
2.532278377937143887e+03 5.816865939811162251e-39
2.651384033782499046e+03 5.575599807231851551e-39
2.776091821438461011e+03 5.343161869798790846e-39
2.906665237047178380e+03 5.120392838260916499e-39
3.043380170285846361e+03 4.909931782081508553e-39
3.186525487296345545e+03 4.708507397821583158e-39
3.336403641032958603e+03 4.513157884671419580e-39
3.493331310317794760e+03 4.323766737563874774e-39
3.657640068954142407e+03 4.140595989418566312e-39
3.829677086311579387e+03 3.964247920631510545e-39
4.009805860863076305e+03 3.794370722405271514e-39
4.198406988224003726e+03 3.630831785247022781e-39
4.395878965315831010e+03 3.476304392306951679e-39
4.602639032353666153e+03 3.329962352071560156e-39
4.819124054436621918e+03 3.187653548063587388e-39
5.045791444603806667e+03 3.050326629909330214e-39
5.283120130306203464e+03 2.919148332530033323e-39
5.531611565336549575e+03 2.794676855792358096e-39
5.791790789355301058e+03 2.676355324096027218e-39
6.064207537251402755e+03 2.561690114013756655e-39
6.349437400681767031e+03 2.452555890544390217e-39
6.648083044243789118e+03 2.350691708553265832e-39
6.960775478850478066e+03 2.252410014478550629e-39
7.288175394998770571e+03 2.156972624045962598e-39
7.630974558748079289e+03 2.065649644251374127e-39
7.989897273358666098e+03 1.978441455304535560e-39
8.365701909678165975e+03 1.895221312891747131e-39
8.759182508509742547e+03 1.815758922193842130e-39
9.171170458347662134e+03 1.740157005484195039e-39
9.602536252025091017e+03 1.668397352721638799e-39
1.005419132598577744e+04 1.599603081620132163e-39
1.052708998606584100e+04 1.533029024465950647e-39
1.102223142385471510e+04 1.469449405660714766e-39
1.154066182789541199e+04 1.408978039061080148e-39
1.208347659418533294e+04 1.351352944499646989e-39
1.265182264064758238e+04 1.296522540736976355e-39
1.324690083046375912e+04 1.244425202175617805e-39
1.386996850938776151e+04 1.194383264700229136e-39
1.452234216240247042e+04 1.146614754593649623e-39
1.520540019533196755e+04 1.101803088200941506e-39
1.592058584728678761e+04 1.059225065779783488e-39
1.666941024009629109e+04 1.018167390635714151e-39
1.745345557117054705e+04 9.789901125051909574e-40
1.827437845653891418e+04 9.416380308429041957e-40
1.913391343112782488e+04 9.055784182715216824e-40
2.003387661367463807e+04 8.708054232378023992e-40
2.097616954401999828e+04 8.373880399950878657e-40
2.196278320088779583e+04 8.054786380366800426e-40
2.299580220864085277e+04 7.753640505972953157e-40
2.407740924190130318e+04 7.468143391503358205e-40
2.520988963734261779e+04 7.193909081335324329e-40
2.639563622239646065e+04 6.927896725570946956e-40
2.763715437107847538e+04 6.673421789805000623e-40
2.893706729761386305e+04 6.431931700456168703e-40
3.029812159904934379e+04 6.205323666103761140e-40
3.172319305856119172e+04 5.989515687787328796e-40
3.321529272172170749e+04 5.779565824010959828e-40
3.477757325856338866e+04 5.581498641446565002e-40
3.641333562488163443e+04 5.399123880778123691e-40
3.812603603685281996e+04 5.224150949227755761e-40
3.991929327370216197e+04 5.057019481084721085e-40
4.179689632385358709e+04 4.901758734455771549e-40
4.376281239071524760e+04 4.752813587500127680e-40
4.582119527501701668e+04 4.608284600626598044e-40
4.797639415141187783e+04 4.470097082360381774e-40
5.023296275788318599e+04 4.339203993446370231e-40
5.259566901737697481e+04 4.216515794684381073e-40
5.506950511198645836e+04 4.097426150145456931e-40
5.765969803097561817e+04 3.986268810226323237e-40
6.037172061492990179e+04 3.890256476412018798e-40
6.321130311936659564e+04 3.790765546291634460e-40
6.618444532224124123e+04 3.670714133062425278e-40
6.929742920092841086e+04 3.578777487809314569e-40
7.255683220546583470e+04 3.513454332738936740e-40
7.596954115610400913e+04 3.450312852810830231e-40
7.954276679452664393e+04 3.387839053072010758e-40
8.328405901948898099e+04 3.324523063650012740e-40
8.720132283906164230e+04 3.259326315272456703e-40
9.130283507319052296e+04 3.194630178131409324e-40
9.559726184185851889e+04 3.127768414245922653e-40
1.000936768758051039e+05 3.056403618020882077e-40
1.048015806884885533e+05 2.981982065624163222e-40
1.097309206498006242e+05 2.903777641032574828e-40
1.148921120039503439e+05 2.821420906097787451e-40
1.202960598759200075e+05 2.734510385642338345e-40
1.259541823129981203e+05 2.642471860400056161e-40
1.318784344100664021e+05 2.544626646190387046e-40
1.380813335696228605e+05 2.440134916924447044e-40
1.445759859499070153e+05 2.328064017483976042e-40
1.513761141570119071e+05 2.207619664029088613e-40
1.584960862394968281e+05 2.078519997048290883e-40
1.659509460467567260e+05 1.941508565681609579e-40
1.737564450153011421e+05 1.795632508942893443e-40
1.819290754500972980e+05 1.612403006447519630e-40
1.904861053712998691e+05 1.233295156171409455e-40
1.994456149999998743e+05 1.045214260112701122e-40
