1.776820000000000066e+00 0.000000000000000000e+00
1.860436677551151607e+00 0.000000000000000000e+00
1.947988333752190826e+00 0.000000000000000000e+00
2.039660147653859390e+00 0.000000000000000000e+00
2.135646012783870784e+00 0.000000000000000000e+00
2.236148947247886376e+00 0.000000000000000000e+00
2.341381523129727693e+00 2.827444988141465324e-43
2.451566316099056397e+00 5.093915760357483001e-43
2.566936376177466173e+00 9.177182184780486146e-43
2.687735720658703809e+00 1.653358178949191461e-42
2.814219850225587738e+00 2.978684756233301977e-42
2.946656289355248148e+00 4.172097793637485157e-42
3.085325152155695694e+00 5.822303833819461125e-42
3.230519734830509027e+00 8.125227652292822169e-42
3.382547136024751211e+00 1.133904808483780042e-41
3.541728906364208118e+00 1.582406950437564905e-41
3.708401728561756983e+00 1.970002348552124269e-41
3.882918129529373985e+00 2.446420659814900290e-41
4.065647226001936509e+00 3.038077389743113143e-41
4.256975505249884328e+00 3.772854138903008536e-41
4.457307642532012615e+00 4.685382089337330658e-41
4.667067357017375073e+00 5.467783319194898053e-41
4.886698307986651280e+00 6.369284596830284409e-41
5.116665033208495750e+00 7.419560084982148603e-41
5.357453931475650855e+00 8.643093049128824766e-41
5.609574291378932820e+00 1.006835417104526242e-40
5.873559368495052446e+00 1.128997439235975042e-40
6.149967513266608066e+00 1.264166002193712090e-40
6.439383351959819812e+00 1.468126226584984210e-40
6.742419023197806283e+00 1.771280249368755327e-40
7.059715472684801263e+00 2.119983305122315039e-40
7.391943808859742227e+00 2.494724088041151384e-40
7.739806722346566303e+00 2.907333344514586613e-40
8.104039972203439746e+00 3.353156698176893373e-40
8.485413942114503172e+00 3.824183866996695662e-40
8.884735269815585923e+00 4.310120158758715687e-40
9.302848553200236736e+00 4.779034371367167166e-40
9.740638136714684592e+00 5.233078782742788039e-40
1.019902998182005227e+01 5.891970615255711146e-40
1.067899362547803932e+01 6.433820178399449398e-40
1.118154423080238047e+01 6.953620756802569397e-40
1.170774473421349704e+01 7.421335764723674528e-40
1.225870809363759761e+01 7.840788504890952957e-40
1.283559964250545349e+01 8.212638541079015336e-40
1.343963955452977999e+01 8.607021875540339683e-40
1.407210542447429624e+01 9.031796306570476680e-40
1.473433497037319206e+01 9.458252583128404712e-40
1.542772886291625234e+01 9.892141773001130335e-40
1.615375368798410349e+01 1.032678946280383176e-39
1.691394504859963632e+01 1.075795750080325484e-39
1.770991081285637847e+01 1.118464556293370682e-39
1.854333451469351246e+01 1.159138340536291398e-39
1.941597891471055704e+01 1.200098750963658832e-39
2.032968972855287149e+01 1.242676033893343447e-39
2.128639953075419911e+01 1.287635247442292873e-39
2.228813184229283095e+01 1.334138422371163576e-39
2.333700541050713895e+01 1.379492767642265590e-39
2.443523869042286023e+01 1.424557360957378155e-39
2.558515453697035724e+01 1.469008992437767212e-39
2.678918511801639823e+01 1.512801942396278787e-39
2.804987705860200009e+01 1.556015464052727714e-39
2.936989682726655815e+01 1.597182976964571822e-39
3.075203637585117988e+01 1.638308045738979649e-39
3.219921904470950835e+01 1.681180946239821455e-39
3.371450574581618298e+01 1.734318907203213512e-39
3.530110143685092794e+01 1.799526284596720418e-39
3.696236189995111943e+01 1.875136446123276968e-39
3.870180083947069249e+01 1.962810937350462944e-39
4.052309731375785162e+01 2.063284205624712744e-39
4.243010351667005153e+01 2.177735477123525667e-39
4.442685292528508967e+01 2.307548735229204165e-39
4.651756883104145146e+01 2.452942609421869720e-39
4.870667327235159405e+01 2.617547306310165804e-39
5.099879638758189770e+01 2.803282775062965063e-39
5.339878620818122812e+01 2.999267484495630377e-39
5.591171891267146776e+01 3.201500450100287685e-39
5.854290956318838113e+01 3.407578750992686429e-39
6.129792334728097103e+01 3.617605402579418788e-39
6.418258734874694937e+01 3.830575715228666288e-39
6.720300287240088721e+01 4.045544019843111261e-39
7.036555834884234173e+01 4.261310766403817061e-39
7.367694284651901171e+01 4.475259515833617139e-39
7.714416021966428616e+01 4.687158241887878448e-39
8.077454392203262046e+01 4.895982135384738293e-39
8.457577251776540095e+01 5.101750392651701405e-39
8.855588592219443456e+01 5.303583110305840417e-39
9.272330240693271719e+01 5.498444537412572265e-39
9.708683640522087899e+01 5.686771501927820238e-39
1.016557171551880856e+02 5.867524907439130659e-39
1.064396082204599878e+02 6.039576833014989206e-39
1.114486279294012832e+02 6.201861475241584878e-39
1.166933707762238015e+02 6.353731622821076908e-39
1.221849298292243589e+02 6.494809193148613720e-39
1.279349201935495728e+02 6.625704271487587163e-39
1.339555035781109211e+02 6.761471311045660417e-39
1.402594140186130574e+02 6.906665473896080192e-39
1.468599848111006452e+02 7.059278856160991562e-39
1.537711767129911493e+02 7.221478584925309572e-39
1.610076074712397372e+02 7.393750103581974642e-39
1.685845827400936514e+02 7.576448919520026332e-39
1.765181284538259376e+02 7.770006129608368233e-39
1.848250247229225636e+02 7.975216130643992092e-39
1.935228413254147597e+02 8.193120354203518511e-39
2.026299748684243127e+02 8.423601818059570365e-39
2.121656876985201734e+02 8.655578108018257171e-39
2.221501486431884018e+02 8.885015468117276282e-39
2.326044756695826550e+02 9.109325232350189270e-39
2.435507805507851060e+02 9.329605890326418964e-39
2.550122156340497099e+02 9.545454319836699464e-39
2.670130228099467899e+02 9.756271627256748231e-39
2.795785847859812634e+02 9.961480674798855774e-39
2.927354787731362080e+02 1.016069257143372535e-38
3.065115326988885158e+02 1.035364473767777907e-38
3.209358840655954168e+02 1.053997463962299126e-38
3.360390415787405800e+02 1.072053382636850689e-38
3.518529496753897092e+02 1.089529540217946285e-38
3.684110560893362845e+02 1.106192026902974118e-38
3.857483825958485681e+02 1.122165713235889360e-38
4.039015990856422036e+02 1.137434694861183459e-38
4.229091011247562619e+02 1.151960560798825676e-38
4.428110911643757959e+02 1.165706847493681730e-38
4.636496635723659665e+02 1.178646937363049258e-38
4.854688936663711161e+02 1.190761426246913416e-38
5.083149309367840942e+02 1.202066117336843109e-38
5.322360966567651985e+02 1.213209712058554394e-38
5.572829860857631274e+02 1.224409425053321278e-38
5.835085754827066467e+02 1.235457347875470912e-38
6.109683341552052980e+02 1.246521488978768663e-38
6.397203417817628406e+02 1.257626249707240937e-38
6.698254112551354638e+02 1.268767306808615003e-38
7.013472173066701316e+02 1.279941098962423906e-38
7.343524311836697507e+02 1.291140478367325392e-38
7.689108616646351493e+02 1.302356129064513909e-38
8.050956027106554984e+02 1.313536725801435209e-38
8.429831880652252494e+02 1.323849082849097903e-38
8.826537531294926566e+02 1.332972706791479853e-38
9.241912044553120040e+02 1.340660725596397634e-38
9.676833972145964253e+02 1.347075102228091755e-38
1.013222321020325467e+03 1.352232201539721285e-38
1.060904294492250528e+03 1.356116522905875871e-38
1.110830168978799520e+03 1.358717035621953495e-38
1.163105541866087606e+03 1.360017011932323942e-38
1.217840979925191050e+03 1.359996711941424377e-38
1.275152253170079575e+03 1.358694465384686471e-38
1.335160579720853775e+03 1.356767456672661753e-38
1.397992882190167848e+03 1.354455309916851463e-38
1.463782056135137054e+03 1.351525994576403857e-38
1.532667251142517216e+03 1.348170845769145328e-38
1.604794165141682015e+03 1.344432502534401161e-38
1.680315352567882201e+03 1.340312343695640168e-38
1.759390547027601315e+03 1.335813207661731026e-38
1.842186999148441146e+03 1.330930299807096784e-38
1.928879830328143271e+03 1.325653061323719209e-38
2.019652403130941366e+03 1.319958515602134169e-38
2.114696709114671648e+03 1.313256135991881414e-38
2.214213774908912001e+03 1.305326778990289842e-38
2.318414087403073609e+03 1.295971119776201793e-38
2.427518038943707779e+03 1.285394794415250937e-38
2.541756393482692602e+03 1.273670576446482604e-38
2.661370774662229451e+03 1.260829530729527968e-38
2.786614176868974937e+03 1.246906389146471284e-38
2.917751500338274127e+03 1.231938779434724578e-38
3.055060111440227956e+03 1.215967097143771941e-38
3.198830429332688254e+03 1.199039642778514143e-38
3.349366540221986270e+03 1.181284706023448482e-38
3.506986840530606969e+03 1.162777712591914580e-38
3.672024710332150789e+03 1.143379386510205914e-38
3.844829218477997529e+03 1.123283345779445900e-38
4.025765860907010847e+03 1.102576485373234760e-38
4.215217333699919436e+03 1.081304958014184423e-38
4.413584342513427146e+03 1.059515919215079197e-38
4.621286450106067605e+03 1.037266742292381409e-38
4.838762963748431503e+03 1.014623865718579057e-38
5.066473864394644806e+03 9.916478497901576767e-39
5.304900779580439121e+03 9.686938643826699657e-39
5.554548002105528212e+03 9.459135755372762612e-39
5.815943556654925487e+03 9.231912286205515489e-39
6.089640316615142183e+03 9.006429107602069356e-39
6.376217173447515961e+03 8.783124559480234639e-39
6.676280261091888860e+03 8.562108982591648670e-39
6.990464237990413494e+03 8.343490027522121823e-39
7.319433629443072277e+03 8.127502130987435343e-39
7.663884233134045644e+03 7.914501411972634784e-39
8.024544590801857339e+03 7.704477771614570923e-39
8.402177529165852320e+03 7.495276054371848922e-39
8.797581773368299764e+03 7.286157245209763952e-39
9.211593636344641709e+03 7.076671763679841290e-39
9.645088787695078281e+03 6.867730118679874924e-39
1.009898410579873780e+04 6.659832874986954230e-39
1.057423961708788011e+04 6.453259285815220503e-39
1.107186052658385961e+04 6.248278506812346910e-39
1.159289934398949663e+04 6.045259911921945819e-39
1.213845810983484080e+04 5.844676522139932439e-39
1.270969072638475518e+04 5.646791891482801193e-39
1.330780539823838808e+04 5.453414996734524078e-39
1.393406718778261347e+04 5.265286086847699695e-39
1.458980069090442339e+04 5.081933487237525934e-39
1.527639283862164848e+04 4.903576130241269128e-39
1.599529583055769399e+04 4.730243545458926958e-39
1.674803020646466030e+04 4.561847601311757807e-39
1.753618806229186885e+04 4.398300152523461114e-39
1.836143641760135870e+04 4.239581441100063277e-39
1.922552074145326333e+04 4.085748364794970309e-39
2.013026864421835489e+04 3.936685673034693293e-39
2.107759374312632281e+04 3.791983257051919999e-39
2.206949970972572919e+04 3.651416454376680388e-39
2.310808450781639112e+04 3.514745902671756998e-39
2.419554483081750368e+04 3.382038249934317434e-39
2.533418074795761640e+04 3.253282201087485833e-39
2.652640056911257852e+04 3.128408796665828912e-39
2.777472593858171967e+04 3.007348665802736559e-39
2.908179716857574749e+04 2.890067385083045234e-39
3.045037882369713407e+04 2.776573162654226540e-39
3.188336556822471175e+04 2.666782695362679213e-39
3.338378828856989276e+04 2.560512013215162881e-39
3.495482050385408365e+04 2.457636616694186487e-39
3.659978507816613273e+04 2.358018575115664929e-39
3.832216124869688792e+04 2.261641203442669125e-39
4.012559198461592314e+04 2.168460134786796528e-39
4.201389169225467776e+04 2.078406358978157020e-39
4.399105428289427800e+04 1.991410991167968039e-39
4.606126162022049539e+04 1.907421886242095778e-39
4.822889236531408824e+04 1.826409029468861796e-39
5.049853123788399535e+04 1.748311070690740100e-39
5.287497871333164221e+04 1.673597121833294796e-39
5.536326117615660041e+04 1.602404267588432915e-39
5.796864155117874907e+04 1.534529060513891534e-39
6.069663043506298709e+04 1.469819303182215031e-39
6.355299775169047643e+04 1.408123955929171843e-39
6.654378495602878684e+04 1.349291733802887655e-39
6.967531781231214700e+04 1.293179723262260741e-39
7.295421977356095158e+04 1.239660691485150012e-39
7.638742599073640304e+04 1.188626048213619400e-39
7.998219798116302991e+04 1.139946136641040627e-39
8.374613898724313185e+04 1.093156313409581360e-39
8.768721005794822122e+04 1.047995241301894325e-39
9.181374688710116607e+04 1.004414880797256412e-39
9.613447744406346465e+04 9.623760585757985588e-40
1.006585404341179965e+05 9.218389281020163315e-40
1.053955046275923814e+05 8.827623973217356806e-40
1.103553890986061451e+05 8.451060817584198709e-40
1.155486844162466441e+05 8.088343971005769174e-40
1.209863748329985101e+05 7.739188701587415537e-40
1.266799615173523343e+05 7.403226188504616416e-40
1.326414868797349627e+05 7.081805302161546546e-40
1.388835600432113279e+05 6.775308549744183637e-40
1.454193835128307401e+05 6.483028120824654688e-40
1.522627811000256042e+05 6.204247726834898175e-40
1.594282271611248725e+05 5.938294721255413418e-40
1.669308772118241468e+05 5.684543731302978649e-40
1.747865999823647144e+05 5.442402083093419426e-40
1.830120109812211886e+05 5.211334203947379041e-40
1.916245076382852276e+05 4.990878291726730959e-40
2.006423061018823355e+05 4.780515071554338920e-40
2.100844797674424481e+05 4.579270395530079836e-40
2.199709996193214320e+05 4.386444146666470485e-40
2.303227764710977790e+05 4.201746840890335788e-40
2.411617051936862699e+05 4.024803846606435111e-40
2.525107110248150711e+05 3.855265394445143801e-40
2.643937980578144197e+05 3.692823759129108168e-40
2.768361000122749247e+05 3.537183964853779813e-40
2.898639333939594217e+05 3.388083889856481839e-40
3.035048531564070727e+05 3.245311237075835084e-40
3.177877109819542966e+05 3.108602976228800113e-40
3.327427163054516423e+05 2.977968922558388336e-40
3.484015002097340766e+05 2.853298974280150814e-40
3.647971823279985692e+05 2.734377350158446052e-40
3.819644408945887699e+05 2.620882158324847696e-40
3.999395860923514701e+05 2.512514507625791643e-40
4.187606368516996736e+05 2.409026946905419563e-40
4.384674012638198328e+05 2.310184717368363380e-40
4.591015607781027211e+05 2.215784066892183509e-40
4.807067583618832286e+05 2.125670704500964923e-40
5.033286908089552890e+05 2.039639234923646408e-40
5.270152053920957260e+05 1.957519314288412357e-40
5.518164010640403721e+05 1.879137934162268279e-40
5.777847344209413277e+05 1.804395260710265181e-40
6.049751306524410611e+05 1.733066589404704776e-40
6.334450997130272444e+05 1.664940562679562891e-40
6.632548579603799153e+05 1.599860511505092730e-40
6.944674555179871386e+05 1.537677986589258615e-40
7.271489096314123599e+05 1.478271925253812564e-40
7.613683443002707791e+05 1.421571356831351293e-40
7.971981364812512184e+05 1.367446261429907093e-40
8.347140691714137793e+05 1.315892536087546421e-40
8.739954916955386288e+05 1.266863356918175523e-40
9.151254875365725020e+05 1.220317693616539950e-40
9.581910500641136896e+05 1.176073385909434626e-40
1.003283266532641836e+06 1.133953475178900933e-40
1.050497510738653596e+06 1.093843904523710066e-40
1.099933644744192017e+06 1.055637433774750167e-40
1.151696230093432823e+06 1.019195339410206855e-40
1.205894748969064094e+06 9.842361773803575295e-41
1.262643835756230401e+06 9.506677100388655026e-41
1.322063519503811607e+06 9.184295559992983032e-41
1.384279477795870276e+06 8.874646058254294565e-41
1.449423302570204949e+06 8.579413962510677462e-41
1.517632778446285753e+06 8.302233937739808616e-41
1.589052174151197309e+06 8.041931738200415274e-41
1.663832547660025768e+06 7.797463187470112109e-41
1.742132065696067177e+06 7.568339152976699944e-41
1.824116338266630890e+06 7.353972103038184652e-41
1.909958768942010356e+06 7.153119146440806129e-41
1.999840921618487453e+06 6.964951311204673236e-41
2.093952904541107826e+06 6.788751508732564007e-41
2.192493772398465779e+06 6.624178493742406232e-41
2.295671947339962237e+06 6.472893905575540149e-41
2.403705659806029871e+06 6.335581424945926153e-41
2.516823410103684291e+06 6.210806405913049016e-41
2.635264451703750063e+06 6.097940009863574260e-41
2.759279297281874809e+06 5.996423512932506195e-41
2.889130248573725577e+06 5.902621082603081495e-41
3.025091951165021863e+06 5.799868995631818197e-41
3.167451975389843807e+06 5.686463189341545453e-41
3.316511424565860536e+06 5.568470543198186664e-41
3.472585571852942929e+06 5.481095391102107388e-41
3.636004527082176879e+06 5.425383193736339448e-41
3.807113934965674765e+06 5.381415134712794437e-41
3.986275706163958646e+06 5.347270567904585178e-41
4.173868782757141627e+06 5.337910943837128891e-41
4.370289939739064313e+06 5.359832111998890078e-41
4.575954624229447916e+06 5.413633767575405652e-41
4.791297834179185331e+06 5.498430932768454569e-41
5.016775038427275605e+06 5.616215185927451154e-41
5.252863140055374242e+06 5.773643391197076267e-41
5.500061485077570193e+06 5.973307938857204697e-41
5.758892918598826043e+06 6.220832051538268196e-41
6.029904890675956383e+06 6.523636242631143807e-41
6.313670614220131189e+06 6.891292819851165409e-41
6.610790277389978990e+06 7.336292344581407565e-41
6.921892313039512374e+06 7.875192334163251635e-41
7.247634727906081825e+06 8.530234802823784262e-41
7.588706494349418208e+06 9.332923726728370498e-41
7.945829007585617714e+06 1.032932126211132166e-40
8.319757611498152837e+06 1.159263623416088772e-40
8.711283196253152564e+06 1.325265976754486440e-40
9.121233871098022908e+06 1.558173809909280574e-40
9.550476715881537646e+06 1.931008006532169782e-40
9.999919615000007674e+06 1.203853366429728465e-40
