1.776820000000000066e+00 0.000000000000000000e+00
1.860562313148978797e+00 0.000000000000000000e+00
1.948251438587070616e+00 0.000000000000000000e+00
2.040073391324605634e+00 0.000000000000000000e+00
2.136222953341694542e+00 0.000000000000000000e+00
2.236904086779396117e+00 4.258098387292043350e-42
2.342330366604764347e+00 7.914318974437491269e-42
2.452725433667594324e+00 1.470995715272216192e-41
2.568323469109933033e+00 2.734067708590193402e-41
2.689369691134716689e+00 5.081677776180547209e-41
2.816120875187336559e+00 9.444144182408527287e-41
2.948845898653593256e+00 1.332240045953354210e-40
3.087826311229504128e+00 1.879327938838137011e-40
3.233356932172895881e+00 2.651080349512793892e-40
3.385746475703723224e+00 3.739757719058787902e-40
3.545318205879786522e+00 5.275125111957055313e-40
3.712410622337030119e+00 6.578231011453404008e-40
3.887378178349087054e+00 8.203265993501696177e-40
4.070592032729281051e+00 1.087034829376367159e-39
4.262440837170109909e+00 1.379683882587924594e-39
4.463331560690384947e+00 1.693371537499866690e-39
4.673690352938926651e+00 1.965799661105734099e-39
4.893963448186151588e+00 2.235288550720508817e-39
5.124618111921172670e+00 2.615528765942056695e-39
5.366143632062453150e+00 3.160850988116192721e-39
5.619052356884647992e+00 3.751763636598360781e-39
5.883880781863396692e+00 4.193895279617860946e-39
6.161190687743601124e+00 4.544279686622286581e-39
6.451570332245348816e+00 5.020679860895323876e-39
6.755635697935487016e+00 5.671826082889488858e-39
7.074031798911914137e+00 6.400154709025941665e-39
7.407434049072490367e+00 7.066822001736582910e-39
7.756549694871071488e+00 7.715668502139889170e-39
8.122119315599961809e+00 8.379325803155717599e-39
8.504918394381347113e+00 9.059085607326929451e-39
8.905758963200245404e+00 9.809707730206689784e-39
9.325491325468590276e+00 1.060362247578173666e-38
9.765005859774527508e+00 1.146180356018856668e-38
1.022523490864321261e+01 1.225461883130433260e-38
1.070715475631572211e+01 1.299837762145751474e-38
1.121178769974160083e+01 1.385010411470645139e-38
1.174020421717816021e+01 1.483071544904997031e-38
1.229352523899685501e+01 1.607876141938304867e-38
1.287292452551374922e+01 1.739301443957028585e-38
1.347963115688819258e+01 1.869171931262141259e-38
1.411493214037152910e+01 2.002371213171259393e-38
1.478017514043658309e+01 2.125640767105546384e-38
1.547677133757933809e+01 2.236373854027646434e-38
1.620619842185726611e+01 2.365956483435400433e-38
1.697000372751436714e+01 2.522354566701938515e-38
1.776980751534253500e+01 2.673126942107249959e-38
1.860730640974201933e+01 2.805054610281897764e-38
1.948427699777210265e+01 2.922011481068744392e-38
2.040257959782663377e+01 3.028722554572334537e-38
2.136416220592883874e+01 3.134185206912617801e-38
2.237106462801687812e+01 3.269880209204003529e-38
2.342542280698572554e+01 3.419596306188365193e-38
2.452947335366452464e+01 3.567778312947441863e-38
2.568555829134088242e+01 3.708067329046713058e-38
2.689613002389669205e+01 3.836923516227459087e-38
2.816375653809443236e+01 3.952024431052789411e-38
2.949112685104942955e+01 4.061921345516249635e-38
3.088105671444405331e+01 4.196011295172635197e-38
3.233649458758389983e+01 4.329712550088620906e-38
3.386052789196684643e+01 4.450661362036380161e-38
3.545638956063267244e+01 4.556285231550010111e-38
3.712746489618645995e+01 4.650365913592470467e-38
3.887729875204364305e+01 4.755258435985481499e-38
4.070960305213033337e+01 4.857901965260622692e-38
4.262826466499047484e+01 4.955222421345680467e-38
4.463735364900302471e+01 5.064657426403906900e-38
4.674113188620010106e+01 5.170383867678937203e-38
4.894406212300061298e+01 5.256473138720517043e-38
5.125081743703770343e+01 5.336843993685714379e-38
5.366629115016201723e+01 5.417504737104146749e-38
5.619560720864916448e+01 5.488726945816068666e-38
5.884413105263097066e+01 5.544149887078645582e-38
6.161748099780772492e+01 5.590186944170835635e-38
6.452154015358583194e+01 5.629307955736432460e-38
6.756246890292227647e+01 5.662564966053378848e-38
7.074671797034984877e+01 5.686506695766086477e-38
7.408104210590410332e+01 5.698085626915927691e-38
7.757251441397993119e+01 5.706136240943944414e-38
8.122854135751342142e+01 5.708322621009448055e-38
8.505687846931745355e+01 5.704436396484642090e-38
8.906564680389962518e+01 5.699145574972779721e-38
9.326335016466126149e+01 5.684188201198458801e-38
9.765889314302255286e+01 5.657686693692217158e-38
1.022616000077390908e+02 5.625880691030347919e-38
1.070812344844805182e+02 5.591622248671259816e-38
1.121280204676293835e+02 5.548538996395226770e-38
1.174126637082363800e+02 5.500016340338533794e-38
1.229463745241382924e+02 5.454927851823859239e-38
1.287408915804141145e+02 5.402823059708242746e-38
1.348085067906243637e+02 5.337648625668277981e-38
1.411620913916569293e+02 5.263885779541394523e-38
1.478151232474919823e+02 5.180537713135505317e-38
1.547817154398054242e+02 5.098704386721883888e-38
1.620766462060599054e+02 5.012810510390741646e-38
1.697153902885916636e+02 4.920045510265022638e-38
1.777141517611935058e+02 4.828086469341113070e-38
1.860898984028291068e+02 4.735529468029686139e-38
1.948603976913959457e+02 4.634760463451190829e-38
2.040442544938899516e+02 4.529909749714195461e-38
2.136609505329244314e+02 4.424810450537962369e-38
2.237308857133236870e+02 4.325152643043395295e-38
2.342754213964562098e+02 4.226254482319096688e-38
2.453169257141085211e+02 4.123347581774842927e-38
2.568788210180197780e+02 4.019853780771431021e-38
2.689856335657350428e+02 3.918131861855410865e-38
2.816630455481745798e+02 3.813729514595601175e-38
2.949379495692854789e+02 3.707436025016767392e-38
3.088385056933435067e+02 3.603240592251368847e-38
3.233942011809194241e+02 3.503315554618648544e-38
3.386359130402278197e+02 3.408272851139044563e-38
3.545959735265489030e+02 3.308751874082926347e-38
3.713082387286668791e+02 3.203761764128205674e-38
3.888081603878173382e+02 3.101762357087001854e-38
4.071328611014939725e+02 3.002677064975590457e-38
4.263212130716433990e+02 2.906026822040060327e-38
4.464139205642981665e+02 2.811493230564661961e-38
4.674536062555661715e+02 2.718993760810914201e-38
4.894849016471493997e+02 2.628200213287258975e-38
5.125545417431819715e+02 2.538787504776902245e-38
5.367114641892310374e+02 2.450673331298182354e-38
5.620069130837624698e+02 2.366019546383211553e-38
5.884945476822875889e+02 2.283897760828666670e-38
6.162305562247829585e+02 2.202196273318595879e-38
6.452737751278485803e+02 2.122122628889014881e-38
6.756858137944439022e+02 2.044948107876172101e-38
7.075311853059627083e+02 1.969714684688474069e-38
7.408774432738829319e+02 1.896159305033566352e-38
7.757953251412956206e+02 1.824131216847631611e-38
8.123589022382981284e+02 1.754742216411525390e-38
8.506457369095649028e+02 1.688985346257078704e-38
8.907370470474091917e+02 1.624436553892165772e-38
9.327178783793621051e+02 1.560780487094753415e-38
9.766772848757417478e+02 1.500730055544092850e-38
1.022708517659905965e+03 1.442924386228327327e-38
1.070909222821939011e+03 1.385709109281134170e-38
1.121381648555375250e+03 1.330278537019871677e-38
1.174232862056372596e+03 1.276995023124961158e-38
1.229574976645439847e+03 1.225639777172114297e-38
1.287525389593510226e+03 1.175936632914362394e-38
1.348207031156865241e+03 1.127647523519612966e-38
1.411748625349182475e+03 1.081848834041665366e-38
1.478284963003886560e+03 1.038283963002075350e-38
1.547957187706050036e+03 9.950023074418146678e-39
1.620913095200389535e+03 9.526608251030759970e-39
1.697307446910495855e+03 9.123436924711583576e-39
1.777302298234362297e+03 8.742449606309093918e-39
1.861067342312626579e+03 8.381800582364444769e-39
1.948780269998765107e+03 8.031928165671524819e-39
2.040627146794832242e+03 7.694931176234147362e-39
2.136802807552365266e+03 7.374933348399580584e-39
2.237511269775700839e+03 7.064061355433051360e-39
2.342966166404467458e+03 6.761557211165389066e-39
2.453391198993308990e+03 6.480225411832044233e-39
2.569020612250164504e+03 6.214104835209256047e-39
2.690099690939752691e+03 5.952866457023681295e-39
2.816885280206334301e+03 5.700210801682733104e-39
2.949646330419516744e+03 5.458167471964907382e-39
3.088664467698884891e+03 5.228710384113144587e-39
3.234234591327707221e+03 5.008738161247464663e-39
3.386665499323015410e+03 4.793448466150334363e-39
3.546280543489081992e+03 4.587693164574043461e-39
3.713418315343852100e+03 4.392817904693408713e-39
3.888433364373398035e+03 4.204345967396523497e-39
4.071696950138019020e+03 4.023129555460718628e-39
4.263597829825442204e+03 3.851679187777574808e-39
4.464543082921731184e+03 3.688325490406123500e-39
4.674958974749343724e+03 3.531939152621162107e-39
4.895291860704075589e+03 3.381387705275994513e-39
5.126009133109118011e+03 3.237244637313167604e-39
5.367600212694753282e+03 3.100925071119402103e-39
5.620577586806935869e+03 2.970692838640792501e-39
5.885477896547099590e+03 2.845693025260204421e-39
6.162863075149343786e+03 2.725540815558415638e-39
6.453321540009844284e+03 2.610770570664194462e-39
6.757469440897133609e+03 2.502527225674612768e-39
7.075951966991088739e+03 2.398063842728559743e-39
7.409444715523241030e+03 2.296249655242519993e-39
7.758655124921712741e+03 2.200047977979348291e-39
8.124323975500906272e+03 2.108700209386815888e-39
8.507226960879372200e+03 2.019810459679585186e-39
8.908176333459259695e+03 1.934669429366512412e-39
9.328022627458014540e+03 1.854169181019874332e-39
9.767656463147250179e+03 1.777118409981441426e-39
1.022801043612624562e+04 1.703261178774763105e-39
1.071006109563768041e+04 1.632549242208765123e-39
1.121483101612235805e+04 1.565100974117962852e-39
1.174339096640713433e+04 1.500858289616458544e-39
1.229686218112767529e+04 1.438836810760158876e-39
1.287641873920436774e+04 1.378911487356786635e-39
1.348329005441684239e+04 1.321339720737687862e-39
1.411876348336039518e+04 1.267022306805954555e-39
1.478418705631653756e+04 1.216601359004018170e-39
1.548097233683067861e+04 1.167973271228053432e-39
1.621059741606298667e+04 1.120826038888171231e-39
1.697461004826431963e+04 1.075427381500230280e-39
1.777463093402852246e+04 1.032027009287563937e-39
1.861235715828586763e+04 9.907977786419678537e-40
1.948956579033064918e+04 9.517384025485950655e-40
2.040811765351965732e+04 9.148437213528429026e-40
2.136996127263821836e+04 8.802491457050306144e-40
2.237713700730735582e+04 8.470223904240690315e-40
2.343178138020023835e+04 8.147968743151819970e-40
2.453613160924940530e+04 7.839862859256807429e-40
2.569253035345890021e+04 7.547695090054436579e-40
2.690343068238872729e+04 7.271502624299325461e-40
2.817140127985298022e+04 7.007190549502823855e-40
2.949913189287117348e+04 6.751548862012650826e-40
3.088943903743046758e+04 6.507774335388653536e-40
3.234527197316328602e+04 6.276302846599469903e-40
3.386971895961409609e+04 6.056638762699719815e-40
3.546601380736676219e+04 5.845855528669542706e-40
3.713754273792951426e+04 5.645146121423623928e-40
3.888785156692923192e+04 5.451905105200704932e-40
4.072065322585291869e+04 5.268011295211058307e-40
4.263983563829219202e+04 5.098191118932017813e-40
4.464946996739859605e+04 4.937736414790357434e-40
4.675381925204522122e+04 4.781802080892110365e-40
4.895734745001435658e+04 4.634973583356043089e-40
5.126472890739464492e+04 4.497802504946366222e-40
5.368085827427510958e+04 4.367766385424057907e-40
5.621086088777016994e+04 4.244364661166431962e-40
5.886010364440130070e+04 4.132345489575422733e-40
6.163420638489881094e+04 4.027165072278346652e-40
6.453905381557438523e+04 3.928716187585169694e-40
6.758080799155317072e+04 3.835144908233832122e-40
7.076592138834611978e+04 3.740805833515085895e-40
7.410115058949135710e+04 3.641778797073167136e-40
7.759357061930012424e+04 3.558059190332272885e-40
8.125058995111135300e+04 3.489224029231098799e-40
8.507996622289196239e+04 3.424033897005712296e-40
8.908982269352035655e+04 3.361819536102281524e-40
9.328866547466181510e+04 3.305666017779875970e-40
9.768540157478982292e+04 3.248142303333443401e-40
1.022893577936301008e+05 3.188445308775806931e-40
1.071103005071081570e+05 3.125560752945600672e-40
1.121584563847704267e+05 3.059973100726423817e-40
1.174445340836254181e+05 2.993497782049437399e-40
1.229797469644275552e+05 2.924324443302122544e-40
1.287758368785872590e+05 2.852008377400485516e-40
1.348450990761697176e+05 2.775959801480111787e-40
1.412004082878184272e+05 2.695436397409808142e-40
1.478552460359313991e+05 2.609481962041173717e-40
1.548237292330252531e+05 2.516869614188096605e-40
1.621206401279525016e+05 2.416114648583128663e-40
1.697614576634979749e+05 2.305598920123739452e-40
1.777623903118718881e+05 2.184011892329055121e-40
1.861404104577548278e+05 2.051181488866447893e-40
1.949132904018305999e+05 1.907991611555659126e-40
2.040996400611815334e+05 1.737859497076824045e-40
2.137189464465201308e+05 1.375277500581145067e-40
2.237916150000001071e+05 1.150212939214675459e-40
