1.776820000000000066e+00 0.000000000000000000e+00
1.860746085724168442e+00 1.627238545203391068e-54
1.948636325310281636e+00 5.920911775310596725e-52
2.040677961088368075e+00 2.154398096969263628e-49
2.137067079568418571e+00 7.839047998618825592e-47
2.238009029185238141e+00 2.852336047413735325e-44
2.343718857775001663e+00 3.100640021851120459e-42
2.454421770715521589e+00 6.388974248896839738e-42
2.570353610706255676e+00 1.316469879296019156e-41
2.691761360210177756e+00 2.712630972636839473e-41
2.818903667627925991e+00 5.589545596452022175e-41
2.952051398325191478e+00 1.057718510404829352e-40
3.091488211687260179e+00 1.741032233288649709e-40
3.237511165430082549e+00 2.813652701121290523e-40
3.390431348455283267e+00 4.432719697635605290e-40
3.550574543597371679e+00 6.616688814333977035e-40
3.718281921675063550e+00 9.197265402040018571e-40
3.893910768325330007e+00 1.196073923370355072e-39
4.077835245168643041e+00 1.551154431836327993e-39
4.270447186926984884e+00 2.021491226399387609e-39
4.472156936192846821e+00 2.613279873717691912e-39
4.683394217627576239e+00 3.292929232797604270e-39
4.904609053451512324e+00 3.933272836406434093e-39
5.136272722176259187e+00 4.621658172346029589e-39
5.378878762621590148e+00 5.400531797774190382e-39
5.632944025355961948e+00 6.244739362427697351e-39
5.899009773800638179e+00 7.139959357392158377e-39
6.177642837343202409e+00 8.094568061935441393e-39
6.469436818917114529e+00 9.137738914549355023e-39
6.775013359619904918e+00 1.022128483188867704e-38
7.095023463064173086e+00 1.139755505399500090e-38
7.430148882282840539e+00 1.260720983128683916e-38
7.781103572143266867e+00 1.372060990731004199e-38
8.148635210364542303e+00 1.490427406125327265e-38
8.533526790378294535e+00 1.619246768244718979e-38
8.936598289426466835e+00 1.759595886197320174e-38
9.358708415449848772e+00 1.899777396420838079e-38
9.800756436488862633e+00 2.023906871947359788e-38
1.026368409649407276e+01 2.152453709894872721e-38
1.074847762162782239e+01 2.287056952761990855e-38
1.125616982133124999e+01 2.412459642307645003e-38
1.178784228863286110e+01 2.533537118988763671e-38
1.234462770438615742e+01 2.640951325184589361e-38
1.292771225034537785e+01 2.741461430354589281e-38
1.353833813622007121e+01 2.845220661669576624e-38
1.417780624609230067e+01 2.940907364336072312e-38
1.484747890983437735e+01 3.036623652524538252e-38
1.554878280543131375e+01 3.117751915303872371e-38
1.628321199839126976e+01 3.185395421407234370e-38
1.705233112471908186e+01 3.247890372078917446e-38
1.785777872423399160e+01 3.323550534810857996e-38
1.870127073133279794e+01 3.390739478988817197e-38
1.958460413063532712e+01 3.442096056861125857e-38
2.050966078530017356e+01 3.491128992945763158e-38
2.147841144616662135e+01 3.536575886046824739e-38
2.249291995026380064e+01 3.571268465950745948e-38
2.355534761763172824e+01 3.588635991363933939e-38
2.466795785582127820e+01 3.596070089021650383e-38
2.583312098188235240e+01 3.604129825891447188e-38
2.705331927211335952e+01 3.615496354062251946e-38
2.833115225032988604e+01 3.611943547137484214e-38
2.966934222591866899e+01 3.597646769809569655e-38
3.107074009347540056e+01 3.577051265745680123e-38
3.253833140638180055e+01 3.556495327732880398e-38
3.407524273726135533e+01 3.523634143427188607e-38
3.568474833886379827e+01 3.493170011168176455e-38
3.737027711956912412e+01 3.463308637252105307e-38
3.913541994837164850e+01 3.421469623876528328e-38
4.098393730490657560e+01 3.382213057123645657e-38
4.291976729081709863e+01 3.334038695539256343e-38
4.494703401952932609e+01 3.283470199305750761e-38
4.707005640230875088e+01 3.234406378764362572e-38
4.929335734931611768e+01 3.181586427844379736e-38
5.162167340526480075e+01 3.126783831760220795e-38
5.405996484020772641e+01 3.069480227716645798e-38
5.661342621695090571e+01 3.010004464290901800e-38
5.928749745760706702e+01 2.946652513952398986e-38
6.208787543286543098e+01 2.880535346437719315e-38
6.502052609866734656e+01 2.812314242776798183e-38
6.809169720614436017e+01 2.749520218409810887e-38
7.130793161189562568e+01 2.683110267082333378e-38
7.467608121696147805e+01 2.612534601167869367e-38
7.820332156418837144e+01 2.542115416649936211e-38
8.189716712508409557e+01 2.470515673128687868e-38
8.576548730873037130e+01 2.400475014128664564e-38
8.981652322685803824e+01 2.330658170382675735e-38
9.405890525080194209e+01 2.258691200188605348e-38
9.850167139773874680e+01 2.190781829152528837e-38
1.031542865853775766e+02 2.124116169832523150e-38
1.080266627961247963e+02 2.054344514581133185e-38
1.131291801936796588e+02 1.988982193331801853e-38
1.184727092370491022e+02 1.925791087491288460e-38
1.240686338390926977e+02 1.863550795815103859e-38
1.299288756189353080e+02 1.801923531440764709e-38
1.360659192999157483e+02 1.740900975646812807e-38
1.424928393071773201e+02 1.681965869787849753e-38
1.492233276215672788e+02 1.624219877935165347e-38
1.562717229491825606e+02 1.566379063948815029e-38
1.636530412687065734e+02 1.510468392637438572e-38
1.713830078216147967e+02 1.455640734352105525e-38
1.794780906134014629e+02 1.401131663898338068e-38
1.879555354971997474e+02 1.349658726693291353e-38
1.968334029145352133e+02 1.299402277111133156e-38
2.061306063714892787e+02 1.249615322908955686e-38
2.158669527322396675e+02 1.201808479265168385e-38
2.260631844158207855e+02 1.156810335406674410e-38
2.367410235860016314e+02 1.113191784366060365e-38
2.479232184284202560e+02 1.069595439185876408e-38
2.596335916135686830e+02 1.026046022343298031e-38
2.718970910488711752e+02 9.854181645398885732e-39
2.847398430279797026e+02 9.470485399688824027e-39
2.981892078905164567e+02 9.097206522955013774e-39
3.122738383108409153e+02 8.722250608629031559e-39
3.270237403400227549e+02 8.376032556173005719e-39
3.424703373310601364e+02 8.045878747497147846e-39
3.586465368835367826e+02 7.718673490410760101e-39
3.755868009503324743e+02 7.402532801472849522e-39
3.933272192557454900e+02 7.098011182316305600e-39
4.119055861814362061e+02 6.809315933200592023e-39
4.313614812839942942e+02 6.532746055753163220e-39
4.517363536156569808e+02 6.264746808567041923e-39
4.730736100278264757e+02 5.999935078789347122e-39
4.954187076455015131e+02 5.746815704857261973e-39
5.188192507096347299e+02 5.509571376113962153e-39
5.433250919937297567e+02 5.276392305046247437e-39
5.689884390107357603e+02 5.052573400744583561e-39
5.958639652365076245e+02 4.843407960925342080e-39
6.240089265867751465e+02 4.641051815550158105e-39
6.534832833957756293e+02 4.449649246616204373e-39
6.843498281564070567e+02 4.264455325183468819e-39
7.166743192940432436e+02 4.084433112089535266e-39
7.505256212590043106e+02 3.909499762180405246e-39
7.859758512361357816e+02 3.751314782641900103e-39
8.231005327840530299e+02 3.589769047011849038e-39
8.619787567313541103e+02 3.443229899441873477e-39
9.026933496725906707e+02 3.302764263149904647e-39
9.453310504229530125e+02 3.159978424270971053e-39
9.899826948075925657e+02 3.025742627901920791e-39
1.036743409179259743e+03 2.894389717330182045e-39
1.085712813076527709e+03 2.769177770949812566e-39
1.136995231454353643e+03 2.648826667937743558e-39
1.190699916939101286e+03 2.534983248013216567e-39
1.246941282581536370e+03 2.426848197121066131e-39
1.305839145603644965e+03 2.321156551525948913e-39
1.367518982658555842e+03 2.220903404435298054e-39
1.432112197147377174e+03 2.123401176994512218e-39
1.499756399162448133e+03 2.033195436187394532e-39
1.570595698653380396e+03 1.945265858497600239e-39
1.644781012440480026e+03 1.858463647964832924e-39
1.722470385729594682e+03 1.777856478651836653e-39
1.803829328813353186e+03 1.702000746884754077e-39
1.889031169676107538e+03 1.628389664756129099e-39
1.978257423253768820e+03 1.556831723281329913e-39
2.071698178135225135e+03 1.490425962807462895e-39
2.169552501529142774e+03 1.426292143594426724e-39
2.272028863358939816e+03 1.364508880086605318e-39
2.379345580389391671e+03 1.305572436044095354e-39
2.491731281331064110e+03 1.251255839251109344e-39
2.609425393913420976e+03 1.200467313488440872e-39
2.732678654964284760e+03 1.150946843562472587e-39
2.861753644582332072e+03 1.102582287119046873e-39
2.996925345540599665e+03 1.057325908272925073e-39
3.138481729112809717e+03 1.012867263666663605e-39
3.286724368570525712e+03 9.705145058265691935e-40
3.441969081658156483e+03 9.292164063501555879e-40
3.604546603414542005e+03 8.910488861989110240e-40
3.774803290774501420e+03 8.539517529692585216e-40
3.953101860451461107e+03 8.184841503698985926e-40
4.139822161673092523e+03 7.842532132394456303e-40
4.335361985416291645e+03 7.500793614438557440e-40
4.540137911865424940e+03 7.196309902795643982e-40
4.754586197899331637e+03 6.894918417309300596e-40
4.979163706497748535e+03 6.616256655068813171e-40
5.214348880047235980e+03 6.341691697948341054e-40
5.460642759620050128e+03 6.079483652266714160e-40
5.718570052397559266e+03 5.826260642641060034e-40
5.988680249512169212e+03 5.598123683256479216e-40
6.271548796689257870e+03 5.374690550075603539e-40
6.567778320183056167e+03 5.164831855824005948e-40
6.877999910618219474e+03 4.966839434372650978e-40
7.202874467472244760e+03 4.768270824651266959e-40
7.543094107062919647e+03 4.580949657365500705e-40
7.899383637040538815e+03 4.391593721201704395e-40
8.272502100526069626e+03 4.218643956681278955e-40
8.663244393184930232e+03 4.052434956884032251e-40
9.072442956681436044e+03 3.887653073301385933e-40
9.500969552121638117e+03 3.732249068974775525e-40
9.949737117262777247e+03 3.584404538132923161e-40
1.041970171144584492e+04 3.441554884126484779e-40
1.091186455239488350e+04 3.307463813220817471e-40
1.142727414922225580e+04 3.174983036392653670e-40
1.196702853618390873e+04 3.050424104572212902e-40
1.253227761194360573e+04 2.932668579309581516e-40
1.312422558932961692e+04 2.814360264214024599e-40
1.374413356080303856e+04 2.698267467070987537e-40
1.439332218510284474e+04 2.585934606012060914e-40
1.507317450079183982e+04 2.476391451511688565e-40
1.578513887269715815e+04 2.367790519417483718e-40
1.653073207752257076e+04 2.261097893480666281e-40
1.731154253520620114e+04 2.152038169499313275e-40
1.812923369290777191e+04 2.045611026060083642e-40
1.898554756883469236e+04 1.933704351633034408e-40
1.988230846345671307e+04 1.818341016705401406e-40
2.082142684601568544e+04 1.700015089522606131e-40
2.180490342461015462e+04 1.576412807693249364e-40
2.283483340852583206e+04 1.445443598242704302e-40
2.391341097189243374e+04 1.302698658414580889e-40
2.504293392817631320e+04 1.151722181032288091e-40
2.622580862546744174e+04 9.912567652143957863e-41
2.746455507298971133e+04 8.264808656189449999e-41
2.876181230975645667e+04 6.609378863118553093e-41
3.012034402680774656e+04 4.984671182964771677e-41
3.154304445500830843e+04 3.413546218789982530e-41
3.303294453094863275e+04 2.179384602229388002e-41
3.459321835408553306e+04 1.272191951407021483e-41
3.622718994887840381e+04 7.957590337379617584e-42
3.793834034632739349e+04 4.508860953598619061e-42
3.973031500000000233e+04 1.881855078274033556e-42
