1.776820000000000066e+00 0.000000000000000000e+00
1.860563370479709544e+00 0.000000000000000000e+00
1.948253652914091916e+00 0.000000000000000000e+00
2.040076869359444878e+00 0.000000000000000000e+00
2.136227809284622303e+00 0.000000000000000000e+00
2.236910442788285991e+00 2.214651759137740782e-42
2.342338353291516739e+00 4.051329549616390405e-42
2.452735190623674733e+00 7.411219868709895912e-42
2.568335145462667057e+00 1.355756900782389962e-41
2.689383446136082600e+00 2.480127167430850272e-41
2.816136878837072199e+00 4.536403349447955902e-41
2.948864332358546392e+00 6.365063179836144636e-41
3.087847368501263734e+00 8.930874856734753509e-41
3.233380819365839987e+00 1.253099553301300347e-40
3.385773412795754389e+00 1.758237368228039412e-40
3.545348427298126825e+00 2.466774997548229497e-40
3.712444377831598086e+00 3.069840430066962462e-40
3.887415733916101068e+00 3.820357774793980652e-40
4.070633671587889246e+00 4.929255886074380352e-40
4.262486860794991728e+00 6.214032243707878892e-40
4.463382289903426781e+00 7.879310767479639840e-40
4.673746129063250265e+00 9.805061339346310026e-40
4.894024634265943696e+00 1.215112520451356816e-39
5.124685094010970055e+00 1.434409601946552130e-39
5.366216820589692738e+00 1.605771372323921712e-39
5.619132188089547064e+00 1.810106276544122042e-39
5.883967719320421175e+00 2.093448211016653933e-39
6.161285223969008129e+00 2.485605344514680954e-39
6.451672990395543650e+00 2.863853326682435443e-39
6.755747033601174678e+00 3.180679279315038822e-39
7.074152402013314855e+00 3.493630728023884544e-39
7.407564545861159644e+00 3.813739824162663584e-39
7.756690750044145766e+00 4.181388634643685272e-39
8.122271634532998164e+00 4.621604970804795783e-39
8.505082725486236228e+00 5.146094664233674681e-39
8.905936100415024370e+00 5.715420903281074945e-39
9.325682110886356568e+00 6.265482062290814164e-39
9.765211186419026745e+00 6.812195124215531577e-39
1.022545572339907949e+01 7.327574780806497250e-39
1.070739206302181579e+01 7.826900948285637212e-39
1.121204256245627207e+01 8.420720602704717725e-39
1.174047776362580819e+01 9.085872724195425743e-39
1.229381866420555269e+01 9.847688344127960322e-39
1.287323909565439806e+01 1.061705244032147107e-38
1.347996821332600348e+01 1.136117592612527952e-38
1.411529310394140779e+01 1.214013115656725219e-38
1.478056151595447609e+01 1.281668535812101283e-38
1.547718471860230061e+01 1.329160451248447727e-38
1.620664049570567400e+01 1.384158200157930663e-38
1.697047628057039859e+01 1.458626260704694627e-38
1.777031243863983434e+01 1.555195016816837955e-38
1.860784570486218570e+01 1.656838123601772524e-38
1.948485278306455726e+01 1.745579945142884118e-38
2.040319411496918889e+01 1.843130793920116453e-38
2.136481782684731101e+01 1.955245012391373047e-38
2.237176386218300550e+01 2.060427082997627742e-38
2.342616830911368808e+01 2.163171320942760626e-38
2.453026793182737464e+01 2.282710956434124184e-38
2.568640491552947580e+01 2.411293517288309374e-38
2.689703183504467887e+01 2.542622394155678129e-38
2.816471685759433541e+01 2.662302133076913650e-38
2.949214919078602293e+01 2.773105318196494981e-38
3.088214478737253543e+01 2.891588204355310026e-38
3.233765231888219205e+01 2.998787903964455104e-38
3.386175943079233264e+01 3.093027791194283865e-38
3.545769929251586916e+01 3.210679694188624278e-38
3.712885745609536059e+01 3.338490094335764673e-38
3.887877903815437719e+01 3.454778235103496365e-38
4.071117624034196325e+01 3.563935626919321311e-38
4.262993622422310835e+01 3.669593084537803375e-38
4.463912935732127352e+01 3.777670209619696156e-38
4.674301784780531221e+01 3.883955301952953924e-38
4.894606478613807354e+01 3.989404680734342976e-38
5.125294361286753997e+01 4.104601325444975745e-38
5.366854803264445195e+01 4.230434622113753750e-38
5.619800239549820020e+01 4.337974740122574193e-38
5.884667256739284369e+01 4.429197562910661638e-38
6.162017731312359814e+01 4.525673495912818998e-38
6.452440021570139095e+01 4.614987011962960078e-38
6.756550215751011024e+01 4.693291205926783862e-38
7.074993438971367254e+01 4.777868947199083993e-38
7.408445221763827249e+01 4.859486469023517556e-38
7.757612933116017473e+01 4.924550493484586712e-38
8.123237281050032266e+01 4.981697149861752382e-38
8.506093883925711907e+01 5.036391247051341717e-38
8.906994915801072921e+01 5.089135623365209771e-38
9.326790829340329481e+01 5.131885140748200177e-38
9.766372159924294749e+01 5.160771856227847260e-38
1.022667141479043096e+02 5.191958800610952200e-38
1.070866505121002064e+02 5.231784085180162842e-38
1.121337554789882631e+02 5.258232367475345461e-38
1.174187357405556185e+02 5.272935850257291839e-38
1.229528026062934600e+02 5.287390654756561668e-38
1.287476957863440532e+02 5.299883806344805716e-38
1.348157082955711132e+02 5.307635054297134426e-38
1.411697125313858123e+02 5.299664897268408633e-38
1.478231875806479536e+02 5.275846051104153743e-38
1.547902478135684987e+02 5.254059497836230453e-38
1.620856728252734058e+02 5.225972109817283368e-38
1.697249387885448471e+02 5.186870732392659376e-38
1.777242512842479414e+02 5.144410277571975745e-38
1.861005796790912825e+02 5.100912212953803799e-38
1.948716931236466792e+02 5.057553555483295909e-38
2.040561982469916984e+02 5.005278145389939224e-38
2.136735786279411684e+02 4.940393261801652825e-38
2.237442361265989348e+02 4.882322208996381677e-38
2.342895341639068931e+02 4.824373731382235107e-38
2.453318430410054702e+02 4.751259804626651946e-38
2.568945873945432368e+02 4.674107501262602821e-38
2.690022958886020206e+02 4.600963275728497299e-38
2.816806532486560855e+02 4.527015899157912441e-38
2.949565547479463135e+02 4.449427787025345896e-38
3.088581632618510184e+02 4.363316097029986271e-38
3.234149690112910207e+02 4.273389790276863183e-38
3.386578521219020104e+02 4.183395988741285618e-38
3.546191481316876661e+02 4.093026351159848260e-38
3.713327165861124968e+02 4.001108152779109184e-38
3.888340128661561721e+02 3.911582736251864909e-38
4.071601634016988100e+02 3.819834365620692627e-38
4.263500444297870331e+02 3.722668193675059888e-38
4.464443644648630425e+02 3.625398605077912945e-38
4.674857506559008016e+02 3.528768097935562945e-38
4.895188392136401490e+02 3.430493715144649435e-38
5.125903700997544092e+02 3.335242375953364789e-38
5.367492861788138043e+02 3.246202701244299379e-38
5.620468370433877681e+02 3.153917256632474237e-38
5.885366877325254791e+02 3.057246208649928841e-38
6.162750325742568975e+02 2.963823717304432524e-38
6.453207143936090233e+02 2.873495943468848906e-38
6.757353493390144195e+02 2.785472419908365193e-38
7.075834575919225244e+02 2.696649210628815203e-38
7.409326002368918580e+02 2.607734528913341259e-38
7.758535225825053203e+02 2.523032323113925423e-38
8.124203042371542551e+02 2.439816538162373538e-38
8.507105162580515980e+02 2.355497998676487977e-38
8.908053857068327943e+02 2.273850638645288107e-38
9.327899679608418637e+02 2.194963728128492017e-38
9.767533271456212560e+02 2.117589338485115190e-38
1.022788725071379190e+03 2.040886071635758424e-38
1.070993819074217299e+03 1.964313729934219206e-38
1.121470869181830722e+03 1.890116633415995368e-38
1.174326955043142789e+03 1.819369249681383371e-38
1.229674203082048052e+03 1.753282091231883240e-38
1.287630024357157481e+03 1.690024383723428987e-38
1.348317363632120305e+03 1.627562572168599527e-38
1.411864960184877646e+03 1.566296866074726322e-38
1.478407620909139723e+03 1.506278317673502650e-38
1.548086506287409975e+03 1.448067671432813656e-38
1.621049429842224981e+03 1.392302390965707654e-38
1.697451171700826535e+03 1.339619691692816434e-38
1.777453806938473917e+03 1.288870406130206079e-38
1.861227049396921984e+03 1.239146650951165262e-38
1.948948611707400232e+03 1.188426791942959966e-38
2.040804582281868079e+03 1.138965694445575414e-38
2.136989820072257771e+03 1.093574278514507792e-38
2.237708367935113984e+03 1.049483809930862351e-38
2.343173885478552620e+03 1.006063706119589912e-38
2.453610102309752619e+03 9.653977804159402761e-39
2.569251292644442856e+03 9.266162259833254288e-39
2.690342772285260708e+03 8.883461031273843752e-39
2.817141419023191247e+03 8.508765481741209355e-39
2.949916217566090836e+03 8.147264581818331669e-39
3.088948830150225604e+03 7.816012871376750328e-39
3.234534194045347704e+03 7.500376624097480537e-39
3.386981147220813000e+03 7.178564120430064879e-39
3.546613083499955337e+03 6.871382696379789974e-39
3.713768638592602201e+03 6.584503739456196769e-39
3.888802408461012419e+03 6.306224016081738735e-39
4.072085701543113828e+03 6.037684472729740071e-39
4.264007326428839406e+03 5.782939665063641866e-39
4.464974416660444149e+03 5.543784666649169252e-39
4.675413294406542263e+03 5.318440190585569923e-39
4.895770374841954435e+03 5.095095804548103488e-39
5.126513113151951984e+03 4.877608910261114228e-39
5.368130996169801620e+03 4.674351288865522114e-39
5.621136580751167457e+03 4.479124912466181561e-39
5.886066581088221028e+03 4.289465440748689987e-39
6.163483007270001508e+03 4.108644036835117905e-39
6.453974357504245745e+03 3.934833536811009239e-39
6.758156866529929175e+03 3.764407964152249399e-39
7.076675812868787943e+03 3.601488789126763125e-39
7.410206887688901588e+03 3.447470492407586198e-39
7.759457628184298301e+03 3.298848594431329149e-39
8.125168918511194533e+03 3.156963098992081130e-39
8.508116561464958068e+03 3.025231156220049455e-39
8.909112924231765646e+03 2.899413169880475111e-39
9.329008661706297062e+03 2.777259956169658117e-39
9.768694521031209661e+03 2.658776739836991528e-39
1.022910323118633642e+04 2.544924831207154406e-39
1.071121148163625003e+04 2.437484039864913883e-39
1.121604199423359205e+04 2.334159820962144867e-39
1.174466569277315648e+04 2.233996458746364349e-39
1.229820397479962230e+04 2.139530668821356069e-39
1.287783109048757251e+04 2.050004146526245845e-39
1.348477663364096043e+04 1.963194721902752202e-39
1.412032815009572732e+04 1.879989573608385493e-39
1.478583386905910993e+04 1.800881783848998691e-39
1.548270556318008676e+04 1.724465741177406186e-39
1.621242154341763853e+04 1.651103277712091787e-39
1.697652979506025076e+04 1.582142989776304675e-39
1.777665126154959580e+04 1.516281548586430275e-39
1.861448328307373231e+04 1.452668007949721966e-39
1.949180319722529384e+04 1.391438848343945819e-39
2.041047210936207557e+04 1.332861783366543978e-39
2.137243884066859755e+04 1.277563649401046133e-39
2.237974406229431770e+04 1.225005753206572736e-39
2.343452462433766050e+04 1.174960531876402242e-39
2.453901808885953142e+04 1.127546102399206912e-39
2.569556747654293213e+04 1.082518204828333006e-39
2.690662623706711020e+04 1.039250461138925960e-39
2.817476345374057564e+04 9.977747871630320886e-40
2.950266929343437732e+04 9.581759803446772800e-40
3.089316071337589892e+04 9.207771560903673622e-40
3.234918743690974225e+04 8.853099885259057229e-40
3.387383821090296988e+04 8.510128000817199756e-40
3.547034735806783283e+04 8.175713259740555904e-40
3.714210163810216909e+04 7.850798878441273129e-40
3.889264743220318633e+04 7.547027606572222312e-40
4.072569826619414380e+04 7.263033720344080103e-40
4.264514268822377926e+04 6.986886436452808783e-40
4.465505251775065699e+04 6.722625103777034531e-40
4.675969148330990720e+04 6.473626262966113034e-40
4.896352426738689246e+04 6.230361376691352068e-40
5.127122597758609481e+04 5.993517109684270476e-40
5.368769206418452814e+04 5.772931634591744272e-40
5.621804870511128684e+04 5.567004020332838616e-40
5.886766368038094515e+04 5.375621464854311594e-40
6.164215775905014016e+04 5.195434471265200992e-40
6.454741662285443454e+04 5.024272772047604579e-40
6.758960335181742266e+04 4.856784111664207356e-40
7.077517149831946881e+04 4.693783968809861762e-40
7.411087877736217342e+04 4.537036768215685419e-40
7.760380140206791111e+04 4.391581764096742187e-40
8.126134909482636431e+04 4.256561733610818123e-40
8.509128080593324557e+04 4.124902020398161027e-40
8.910172117306356085e+04 3.999905466150387734e-40
9.330117775649660325e+04 3.887867411352355502e-40
9.769855908665689640e+04 3.777388220304039434e-40
1.023031935622525780e+05 3.668255718341598400e-40
1.071248492391027976e+05 3.569605492269540472e-40
1.121737545516347745e+05 3.478923833419213320e-40
1.174606200110047939e+05 3.392335808264860738e-40
1.229966609258739336e+05 3.310686925778768875e-40
1.287936211940398207e+05 3.234405221813973553e-40
1.348637982153904159e+05 3.164378476936705266e-40
1.412200689790310862e+05 3.096318580605372260e-40
1.478759173799279088e+05 3.029401816682988744e-40
1.548454628230082453e+05 2.963921415282830754e-40
1.621434901754069433e+05 2.903296624984974459e-40
1.697854811303897877e+05 2.855612839494087799e-40
1.777876470494911773e+05 2.820509191338458164e-40
1.861669633525388490e+05 2.789761269764744665e-40
1.949412055285131210e+05 2.760224881671800512e-40
2.041289868436351826e+05 2.732290868702675656e-40
2.137497978266801802e+05 2.706557392233237093e-40
2.238240476152705960e+05 2.683859624362800905e-40
2.343731072508630750e+05 2.666657030229365799e-40
2.454193550142771273e+05 2.651825572958904847e-40
2.569862238979302638e+05 2.639063081847180078e-40
2.690982513154883636e+05 2.627960504334087755e-40
2.817811311543885386e+05 2.617733468399693927e-40
2.950617682816463639e+05 2.607504208452495665e-40
3.089683356185784796e+05 2.595714311297415276e-40
3.235303339055210818e+05 2.580003352003155809e-40
3.387786542833168060e+05 2.556649278489868558e-40
3.547456438243309385e+05 2.519667544760258207e-40
3.714651741520194919e+05 2.459458767533539318e-40
3.889727132946018828e+05 2.361795074981412236e-40
4.073054009252719115e+05 2.212139161170518136e-40
4.265021271485656034e+05 1.978051441326673320e-40
4.466036150000001071e+05 1.529377917938538675e-40
