1.776820000000000066e+00 0.000000000000000000e+00
1.860396526493609759e+00 0.000000000000000000e+00
1.947904253548186082e+00 0.000000000000000000e+00
2.039528093584703772e+00 0.000000000000000000e+00
2.135461656775090589e+00 0.000000000000000000e+00
2.235907660159536015e+00 0.000000000000000000e+00
2.341078356007505246e+00 6.101500783627524720e-42
2.451195980327625978e+00 1.128689281879061717e-41
2.566493222474202973e+00 2.087911712552949264e-41
2.687213716842673072e+00 3.862334292887198908e-41
2.813612557693008220e+00 7.144759091260737181e-41
2.945956838188940718e+00 1.011248469670355838e-40
3.084526214792045806e+00 1.423877069615794418e-40
3.229613498203308453e+00 2.004875268111947225e-40
3.381525272100894597e+00 2.822945524929423153e-40
3.540582540981563664e+00 3.974824409508228539e-40
3.707121408474701951e+00 4.969606616651760696e-40
3.881493787562292574e+00 6.191758142797062796e-40
4.064068144205611688e+00 7.698941414685968618e-40
4.255230275949982932e+00 9.828900391668182056e-40
4.455384127152886897e+00 1.226280644242625171e-39
4.664952642558048979e+00 1.453686593608141904e-39
4.884378661019225909e+00 1.695225448164130822e-39
5.114125851262184774e+00 2.041773530481170633e-39
5.354679691662264318e+00 2.556899252150705395e-39
5.606548496107849999e+00 3.152531715370922327e-39
5.870264488117543422e+00 3.630386358993569339e-39
6.146384925480726125e+00 4.007086627147948068e-39
6.435493277797991851e+00 4.491195638862507708e-39
6.738200459409707577e+00 5.138662951727832763e-39
7.055146120318021019e+00 5.838540904915282482e-39
7.386999997830118403e+00 6.421988549693831844e-39
7.734463331778939299e+00 6.933638000052480484e-39
8.098270346311799983e+00 7.524995569534242284e-39
8.479189801378119284e+00 8.225326507889656514e-39
8.878026617194704428e+00 8.955332209789900998e-39
9.295623575121192417e+00 9.595568948311844195e-39
9.732863098539851876e+00 1.021052124367599753e-38
1.019066911750282678e+01 1.094038385669493532e-38
1.067000902108708438e+01 1.181323384622025878e-38
1.117189570158254064e+01 1.283724190158171375e-38
1.169738969483293545e+01 1.390821394207657956e-38
1.224760142125219886e+01 1.495920383768583631e-38
1.282369353225188036e+01 1.596535442260790494e-38
1.342688336703772123e+01 1.693850307995179869e-38
1.405844552496696664e+01 1.805806144099292700e-38
1.471971455890195557e+01 1.928884999971409750e-38
1.541208779525140926e+01 2.064905699427657167e-38
1.613702828665834943e+01 2.200983475371711771e-38
1.689606790357397514e+01 2.327679580198533032e-38
1.769081057125042733e+01 2.436585269926529876e-38
1.852293565899232419e+01 2.536293872846756209e-38
1.939420152882899373e+01 2.657822127061674994e-38
2.030644925110619425e+01 2.792077573778848020e-38
2.126160649484850396e+01 2.934085990258026612e-38
2.226169160111330569e+01 3.082563529321375633e-38
2.330881784794360101e+01 3.223363745807020911e-38
2.440519791593212773e+01 3.346143855563889026e-38
2.555314856383269273e+01 3.461297612670852511e-38
2.675509552409896941e+01 3.580045206399538587e-38
2.801357862869533122e+01 3.734649611962785687e-38
2.933125717601130233e+01 3.897026811495765595e-38
3.071091555022015740e+01 4.020781951462624228e-38
3.215546910495614696e+01 4.140349195581867835e-38
3.366797032374297771e+01 4.269664365096629513e-38
3.525161527019132279e+01 4.383204689309705068e-38
3.690975034159512802e+01 4.482254929276900471e-38
3.864587934019759530e+01 4.589190911081797159e-38
4.046367087706956056e+01 4.702813666507897076e-38
4.236696612424491093e+01 4.817927502683424093e-38
4.435978693149429120e+01 4.909510966104292058e-38
4.644634432488861364e+01 4.983915728375098109e-38
4.863104740511078461e+01 5.071647166662414969e-38
5.091851266431836365e+01 5.153709990001517616e-38
5.331357374124491599e+01 5.223444632166657458e-38
5.582129163515322290e+01 5.303309415362428960e-38
5.844696540022389541e+01 5.377142674539699912e-38
6.119614334297717306e+01 5.420739564314061238e-38
6.407463474638950629e+01 5.457650485707342190e-38
6.708852214547887627e+01 5.499998683370675010e-38
7.024417418029878490e+01 5.544221179323816272e-38
7.354825905350008952e+01 5.584858891272602405e-38
7.700775862089784596e+01 5.623109179445427432e-38
8.062998314481863815e+01 5.650197824050761973e-38
8.442258674140254016e+01 5.662436681368243569e-38
8.839358355450232807e+01 5.667353912742983768e-38
9.255136469035622326e+01 5.663664301991196518e-38
9.690471594881981332e+01 5.660568192752471873e-38
1.014628363886236286e+02 5.650619369713569049e-38
1.062353577658878834e+02 5.629414472981645042e-38
1.112323648869686252e+02 5.598020904270105785e-38
1.164644169186446874e+02 5.556653869598150559e-38
1.219425697006731326e+02 5.505468127696088491e-38
1.276783991078653173e+02 5.452596923158749731e-38
1.336840255110464284e+02 5.401760488993211541e-38
1.399721393885895679e+02 5.347466029891171588e-38
1.465560281426432994e+02 5.284664151154927466e-38
1.534496041767164911e+02 5.218840748970646885e-38
1.606674342939535336e+02 5.150062524870007935e-38
1.682247704782203641e+02 5.078000145208647753e-38
1.761375821230434155e+02 5.002956856523032099e-38
1.844225897765067259e+02 4.923840634614106906e-38
1.930973004734126732e+02 4.838168703593360425e-38
2.021800447293645675e+02 4.746852850193201218e-38
2.116900152749477115e+02 4.650706960451054533e-38
2.216473076118524261e+02 4.550392254920016045e-38
2.320729624766442498e+02 4.445401949310783887e-38
2.429890103019050400e+02 4.342224039668920005e-38
2.544185177687012640e+02 4.238212944049869034e-38
2.663856365487470157e+02 4.131609966197520786e-38
2.789156543392568324e+02 4.023636646791102216e-38
2.920350482983337201e+02 3.916027954409787728e-38
3.057715409938056723e+02 3.811642343431192604e-38
3.201541589837319748e+02 3.708082979742770842e-38
3.352132941523719296e+02 3.604341257144124716e-38
3.509807679312218625e+02 3.504050016549171120e-38
3.674898985408225940e+02 3.403868104070825376e-38
3.847755713954343264e+02 3.299353672574931745e-38
4.028743128193402754e+02 3.193776773762799124e-38
4.218243672305579821e+02 3.089593096416881292e-38
4.416657779550518512e+02 2.989799411509120347e-38
4.624404718422105702e+02 2.893450635026080228e-38
4.841923478603988542e+02 2.797300145876600835e-38
5.069673698597899261e+02 2.704056457638852535e-38
5.308136636984914958e+02 2.615017959931900020e-38
5.557816189372142617e+02 2.526201194347254630e-38
5.819239953173583899e+02 2.438263109681983374e-38
6.092960342475300877e+02 2.356315752770798695e-38
6.379555755340646783e+02 2.276532119654367804e-38
6.679631796022140406e+02 2.196254953663778562e-38
6.993822554662741595e+02 2.116633641557944966e-38
7.322791947190618203e+02 2.038605012910000790e-38
7.667235118238654650e+02 1.963626101348634814e-38
8.027879910053355843e+02 1.892084174769777793e-38
8.405488400497011980e+02 1.823825440674087620e-38
8.800858513393004614e+02 1.755881810067724115e-38
9.214825704617273914e+02 1.688187168258923051e-38
9.648264727498570892e+02 1.622841418684502075e-38
1.010209148125817137e+03 1.560301731117159216e-38
1.057726494639490284e+03 1.500571062478538134e-38
1.107478921110506462e+03 1.442040399105931809e-38
1.159571559301941306e+03 1.384743858040932453e-38
1.214114486074059869e+03 1.329612068513342182e-38
1.271222955987524529e+03 1.275482616228949948e-38
1.331017644847609972e+03 1.221827388838798498e-38
1.393624904704021446e+03 1.171702340991392378e-38
1.459177030845188483e+03 1.124541723411197563e-38
1.527812541351205027e+03 1.077670695697243303e-38
1.599676469796128686e+03 1.032644961355372058e-38
1.674920671718168251e+03 9.905808542128835657e-39
1.753704145505354973e+03 9.504071460014721096e-39
1.836193368374740885e+03 9.118009117401290117e-39
1.922562648155112356e+03 8.746798986973491754e-39
2.012994491616555479e+03 8.387635302574899529e-39
2.107679990125171571e+03 8.038880881565955233e-39
2.206819223437914843e+03 7.705958345093370077e-39
2.310621682490755120e+03 7.388126338696890249e-39
2.419306712073602284e+03 7.081366499773964527e-39
2.533103974327397736e+03 6.784151550523180484e-39
2.652253934042756100e+03 6.495732366337569711e-39
2.777008366785691123e+03 6.219598803713258893e-39
2.907630890924119285e+03 5.956454458657239844e-39
3.044397524679344770e+03 5.706421205087710374e-39
3.187597269379673889e+03 5.467826377388222650e-39
3.337532720148615226e+03 5.239014676908904128e-39
3.494520705318067030e+03 5.017512290229615945e-39
3.658892955917725885e+03 4.803985377480709396e-39
3.830996806655302862e+03 4.602299685266905886e-39
4.011195929868884832e+03 4.408814156164923614e-39
4.199871104002308130e+03 4.220295567593127931e-39
4.397421018227382774e+03 4.038103088560442092e-39
4.604263114913277605e+03 3.863424555253187701e-39
4.820834471723253955e+03 3.698867541441578882e-39
5.047592725202660404e+03 3.542129295637061174e-39
5.285017037809933754e+03 3.391117751765439997e-39
5.533609110433892965e+03 3.247488015547972368e-39
5.793894242537005084e+03 3.110778483179950769e-39
6.066422442164750464e+03 2.978108775478064877e-39
6.351769588166604080e+03 2.851106022337595881e-39
6.650538647084616059e+03 2.731376478929318149e-39
6.963360947280948494e+03 2.617406385043156780e-39
7.290897512996663863e+03 2.508294394399351290e-39
7.633840461160883933e+03 2.402897074140918998e-39
7.992914463901852287e+03 2.301391346375364247e-39
8.368878279850254330e+03 2.204035053572852227e-39
8.762526357470780567e+03 2.110847929956477587e-39
9.174690513809699041e+03 2.022241370359804916e-39
9.606241692205976506e+03 1.939111740621508594e-39
1.005809180268012460e+04 1.859492061564431399e-39
1.053119564888957757e+04 1.781585609111067867e-39
1.102655294572256753e+04 1.707756787305926140e-39
1.154521043179395201e+04 1.637908255426388380e-39
1.208826408130665368e+04 1.569493527977198903e-39
1.265686141995269463e+04 1.504027519139620027e-39
1.325220394974783812e+04 1.443153438812326016e-39
1.387554968792323234e+04 1.384534883139893948e-39
1.452821582523942016e+04 1.327685224736792485e-39
1.521158150933965771e+04 1.272770585602202066e-39
1.592709075902449331e+04 1.220818032358153889e-39
1.667625551560522581e+04 1.172882349743804632e-39
1.746065883778426723e+04 1.126837331129185935e-39
1.828195824681388331e+04 1.082135157617761631e-39
1.914188922900109537e+04 1.039446630614227102e-39
2.004226890296093916e+04 9.987019227414365802e-40
2.098499985936643498e+04 9.597350124332379106e-40
2.197207418130940641e+04 9.220532073371149263e-40
2.300557765376791940e+04 8.859003404689978840e-40
2.408769417107462141e+04 8.519064679923435086e-40
2.522071035170003597e+04 8.194305867660030415e-40
2.640702037010172353e+04 7.878204538298703934e-40
2.764913101585034383e+04 7.575946025119631177e-40
2.894966699072206393e+04 7.289663139770598880e-40
3.031137645495097968e+04 7.021598044636673289e-40
3.173713683436192150e+04 6.767743276486481814e-40
3.322996090065364115e+04 6.523308790738376862e-40
3.479300313768105116e+04 6.291306053034028363e-40
3.642956640718983545e+04 6.074376910203522329e-40
3.814310892808745848e+04 5.867662246397902493e-40
3.993725158399908105e+04 5.669753460865235144e-40
4.181578557455074770e+04 5.481359405086152461e-40
4.378268042654624878e+04 5.302702771289859676e-40
4.584209238196684601e+04 5.132511953337142393e-40
4.799837318051925831e+04 4.965650825364787539e-40
5.025607925528876513e+04 4.804532293477324911e-40
5.261998136092947971e+04 4.653154709161998723e-40
5.509507465473802586e+04 4.512029833093354313e-40
5.768658925191120943e+04 4.383378968983712989e-40
6.040000127729265660e+04 4.260843657772543468e-40
6.324104443696310045e+04 4.143313974180723778e-40
6.621572213412393467e+04 4.032931473422658098e-40
6.933032015487801982e+04 3.929035469192164476e-40
7.259141995071244310e+04 3.831216945432686664e-40
7.600591254575266794e+04 3.739556456584337583e-40
7.958101309817287256e+04 3.653024804972492137e-40
8.332427614653322962e+04 3.570500670486970553e-40
8.724361157326270768e+04 3.494084819082091511e-40
9.134730131901704590e+04 3.427628655227343785e-40
9.564401688323201961e+04 3.368749071088892182e-40
1.001428376478545251e+05 3.314399640508136180e-40
1.048532700629677274e+05 3.261061654123222553e-40
1.097852677348529542e+05 3.206751025367691292e-40
1.149492524589385721e+05 3.150493511656670316e-40
1.203561362420766527e+05 3.092191659290320476e-40
1.260173443606842047e+05 3.033591325497877678e-40
1.319448395034757559e+05 2.976102697226311069e-40
1.381511470497987757e+05 2.917063383816100986e-40
1.446493815369893273e+05 2.855967413090926279e-40
1.514532743726790650e+05 2.792150125626464835e-40
1.585772028506070492e+05 2.724731595107709674e-40
1.660362205312537262e+05 2.652529538354526289e-40
1.738460890514915518e+05 2.574076338271723684e-40
1.820233114304732007e+05 2.487385618236372979e-40
1.905851669421310944e+05 2.390116902932946319e-40
1.995497476279787370e+05 2.279795587186108810e-40
2.089359965273735288e+05 2.154755200625866245e-40
2.187637477060181263e+05 2.015755026848046443e-40
2.290537681672877516e+05 1.855579092487882371e-40
2.398278017349503061e+05 1.518856369812054521e-40
2.511086150000001362e+05 1.256597078175600084e-40
