1.776820000000000066e+00 0.000000000000000000e+00
1.860562773247026236e+00 0.000000000000000000e+00
1.948252402152533813e+00 0.000000000000000000e+00
2.040074904792887889e+00 0.000000000000000000e+00
2.136225066406905793e+00 0.000000000000000000e+00
2.236906852598375295e+00 3.695128978541651230e-42
2.342333842013096579e+00 6.822277185212046376e-42
2.452729679408295560e+00 1.259589753487703075e-41
2.568328550075521743e+00 2.325567114936710824e-41
2.689375676623420919e+00 4.293669737388651405e-41
2.816127839174237923e+00 7.926484420382438449e-41
2.948853920077540547e+00 1.115648031914005186e-40
3.087835474296683813e+00 1.570268847655243307e-40
3.233367326677988984e+00 2.210146602457422115e-40
3.385758197369638456e+00 3.110773915912000322e-40
3.545331356717004390e+00 4.378049789223176445e-40
3.712425311023644259e+00 5.454827858991870432e-40
3.887394520632706296e+00 6.796463373469561999e-40
4.070610151852006808e+00 8.513098004288167969e-40
4.262460864317864306e+00 1.092611488399724077e-39
4.463353635467949942e+00 1.394046807684031434e-39
4.673714623872111673e+00 1.725638858586371180e-39
4.893990073252595607e+00 2.104856468986613974e-39
5.124647259111370978e+00 2.497526387992921811e-39
5.366175479972660867e+00 2.881972850335236420e-39
5.619087095343437532e+00 3.333291489813878373e-39
5.883918612593713959e+00 3.880057572590726351e-39
6.161231825062277956e+00 4.534561361412438329e-39
6.451615003802133153e+00 5.082605372991276461e-39
6.755684145493758841e+00 5.454826694433290384e-39
7.074084279173374235e+00 5.834138604740489088e-39
7.407490834548239533e+00 6.285759411173236406e-39
7.756611074801613270e+00 6.849411779741281762e-39
8.122185596926804863e+00 7.482771524985926880e-39
8.504989902773038679e+00 8.186131358528252594e-39
8.905836044135792662e+00 8.866549294243840836e-39
9.325574345381420827e+00 9.413088109378521182e-39
9.765095207260259258e+00 9.931982113611317490e-39
1.022533099573473514e+01 1.058977677451521084e-38
1.070725801982924708e+01 1.137878484444057108e-38
1.121189860269749339e+01 1.222574175137972045e-38
1.174032325030071355e+01 1.305670730761242843e-38
1.229365292229715401e+01 1.390258297552492472e-38
1.287306140996027004e+01 1.488366578854619285e-38
1.347977782616975873e+01 1.600153853323927981e-38
1.411508921275771833e+01 1.700788035286087286e-38
1.478034327074081311e+01 1.793614399442450368e-38
1.547695121923016615e+01 1.899666940334506397e-38
1.620639078908377329e+01 2.016829093572514122e-38
1.697020935765173633e+01 2.143579337870535359e-38
1.777002723126437189e+01 2.277582714023230961e-38
1.860754108242613469e+01 2.404521825046712594e-38
1.948452754900707617e+01 2.517455118934998050e-38
2.040284700306653320e+01 2.636397671851119273e-38
2.136444749730431880e+01 2.766396739072449037e-38
2.237136889751072033e+01 2.887639993173811588e-38
2.342574720978197433e+01 3.000992848623543876e-38
2.452981911168027551e+01 3.124617084877836891e-38
2.568592669695059172e+01 3.244166805183688371e-38
2.689652244385938573e+01 3.355384208685862406e-38
2.816417441769446839e+01 3.469824190736319332e-38
2.949157171846252723e+01 3.586231853056676560e-38
3.088153018534021044e+01 3.713007151724460925e-38
3.233699836998027166e+01 3.835877800814748570e-38
3.386106379134355393e+01 3.952621445908462956e-38
3.545695948532581099e+01 4.086388424218109628e-38
3.712807086307294213e+01 4.223209544205711104e-38
3.887794289253334057e+01 4.347927819039180071e-38
4.071028761848209854e+01 4.470379774769532289e-38
4.262899203696891703e+01 4.592004966577518693e-38
4.463812634089457987e+01 4.691923696387050071e-38
4.674195255420691097e+01 4.777681530656615414e-38
4.894493357303281300e+01 4.881023076408273854e-38
5.125174263292476695e+01 4.983924994356563071e-38
5.366727322230575936e+01 5.077913126830627383e-38
5.619664946314151166e+01 5.168618461606998257e-38
5.884523698086106691e+01 5.250811453289010202e-38
6.161865428658466470e+01 5.326636200106622080e-38
6.452278469580356557e+01 5.396786790786956057e-38
6.756378880879610449e+01 5.463187010080023095e-38
7.074811757925397160e+01 5.533561032255738868e-38
7.408252599884255574e+01 5.592415765329285524e-38
7.757408742672384960e+01 5.620435888001679134e-38
8.123020859443981578e+01 5.634081945276411582e-38
8.505864531798685846e+01 5.643920598486608083e-38
8.906751895041071521e+01 5.653657035163448348e-38
9.326533360982445231e+01 5.653317482375101320e-38
9.766099421939421177e+01 5.637127626330634277e-38
1.022638253975629254e+02 5.619403126018049646e-38
1.070835912385831961e+02 5.606608863944784238e-38
1.121305160253201620e+02 5.584476544264679283e-38
1.174153059182640106e+02 5.554128650015316772e-38
1.229491716667603356e+02 5.522901140627003610e-38
1.287438523906374144e+02 5.485687870711278150e-38
1.348116404826770349e+02 5.439355237066177500e-38
1.411654076847574402e+02 5.384900342976344316e-38
1.478186323929824937e+02 5.322477025790850944e-38
1.547854282497215763e+02 5.267253475894672490e-38
1.620805740832108199e+02 5.206530740735186375e-38
1.697195452582301982e+02 5.132649252865860998e-38
1.777185465043600630e+02 5.052592277146252472e-38
1.860945462914548898e+02 4.968975522503051629e-38
1.948653128252586839e+02 4.883639237890415000e-38
2.040494517395192986e+02 4.800918487820379413e-38
2.136664455645565681e+02 4.722623375921019540e-38
2.237366950560134455e+02 4.639010846328707615e-38
2.342815624714606599e+02 4.545021378009422610e-38
2.453234168866555933e+02 4.443696779522816013e-38
2.568856816475908431e+02 4.339843341694798018e-38
2.689928840589896595e+02 4.236887129346452676e-38
2.816707074146563627e+02 4.133859756604016541e-38
2.949460454800513958e+02 4.031623979387864656e-38
3.088470595426703653e+02 3.932366799912641443e-38
3.234032381512479333e+02 3.832389631972590091e-38
3.386454596705093536e+02 3.728998213354521341e-38
3.546060577841745953e+02 3.624046156699663094e-38
3.713188900851625931e+02 3.518121878802578351e-38
3.888194098985029541e+02 3.417158581324484414e-38
4.071447414893073642e+02 3.317045842219631753e-38
4.263337588153495972e+02 3.214752574211647992e-38
4.464271679913075559e+02 3.115804880424953974e-38
4.674675936396052975e+02 3.020755125712862429e-38
4.894996693110265369e+02 2.926770269867143256e-38
5.125701321669190520e+02 2.833350729550337205e-38
5.367279221238380842e+02 2.740537020761178808e-38
5.620242856709414809e+02 2.651796841904754294e-38
5.885128845803774311e+02 2.565536379275690573e-38
6.162499097412642186e+02 2.477119798924569246e-38
6.452942003587513682e+02 2.389566260307149735e-38
6.757073687710071681e+02 2.305941887109724451e-38
7.075539311489262673e+02 2.224785784882721144e-38
7.409014443558053244e+02 2.145998172040563650e-38
7.758206492573051491e+02 2.070466603220336965e-38
8.123856207857185154e+02 1.996722710041689813e-38
8.506739250768689544e+02 1.923327660497154078e-38
8.907667840129854540e+02 1.851485219898603018e-38
9.327492475205904157e+02 1.781616703497424826e-38
9.767103739889157623e+02 1.715268465147800004e-38
1.022743419191565749e+03 1.651502251586531991e-38
1.070946034112181223e+03 1.589158450060735971e-38
1.121420472093776880e+03 1.527144669656250514e-38
1.174273805751165355e+03 1.465754623059663458e-38
1.229618154106622114e+03 1.407032925197105805e-38
1.287570920430604701e+03 1.350356697477648242e-38
1.348255041292079341e+03 1.294915590893640459e-38
1.411799247346761831e+03 1.242521313487859050e-38
1.478338336416494712e+03 1.193048865575475593e-38
1.548013459439036751e+03 1.144428787735913713e-38
1.620972419894876793e+03 1.097183121763153816e-38
1.697369987346245580e+03 1.052191032456495572e-38
1.777368225753425349e+03 1.008939331655804410e-38
1.861136837264855558e+03 9.671843502512969448e-39
1.948853522210295068e+03 9.267202965924223312e-39
2.040704356060727832e+03 8.882385595233529539e-39
2.136884184154633203e+03 8.525894931058225834e-39
2.237597035027999937e+03 8.176318045020925348e-39
2.343056553224873824e+03 7.827868192539806117e-39
2.453486452506551359e+03 7.493957908929829148e-39
2.569120990420863563e+03 7.176845288235861115e-39
2.690205465238226225e+03 6.877541743654416920e-39
2.816996736308653453e+03 6.593021387071469218e-39
2.949763768943535069e+03 6.320246426562634588e-39
3.088788204978095564e+03 6.051483107277845781e-39
3.234364960224868355e+03 5.790192400712525344e-39
3.386802850085540740e+03 5.542887199459218479e-39
3.546425244648353782e+03 5.309704359370180062e-39
3.713570754660685907e+03 5.089735943693204063e-39
3.888593949832025373e+03 4.880080923912827374e-39
4.071866110991030382e+03 4.676722629461320965e-39
4.263776017692309324e+03 4.474355694370481663e-39
4.464730772943667944e+03 4.281470362276200501e-39
4.675156666803283770e+03 4.101132767195225789e-39
4.895500080678877566e+03 3.928746020971461094e-39
5.126228434247097539e+03 3.763508088462636751e-39
5.367831177001915421e+03 3.605394867630250170e-39
5.620820826535346896e+03 3.451633980026489078e-39
5.885734055753108805e+03 3.301897773646903733e-39
6.163132831331521629e+03 3.161859338368101370e-39
6.453605605830627610e+03 3.030081270137754129e-39
6.757768565992498225e+03 2.902593926307136110e-39
7.076266939872678449e+03 2.778976593968609612e-39
7.409776365577696197e+03 2.659672015625735938e-39
7.759004324512056883e+03 2.548633524513764084e-39
8.124691642175249399e+03 2.443302412491738908e-39
8.507614059692319643e+03 2.337796339269054706e-39
8.908583879411835369e+03 2.237541836944190685e-39
9.328451688061952154e+03 2.145044908160117721e-39
9.768108161120111617e+03 2.054640268927314061e-39
1.022848595222394579e+04 1.966509329749267969e-39
1.071056167163136342e+04 1.883102008213207884e-39
1.121535795792694807e+04 1.804326688811684322e-39
1.174394564736927350e+04 1.729752210084575407e-39
1.229744604548109783e+04 1.657266797537775637e-39
1.287703330570119215e+04 1.587215303354710222e-39
1.348393692014367844e+04 1.521303205100788747e-39
1.411944432774872803e+04 1.458246118057322655e-39
1.478490364535697154e+04 1.397530006655196424e-39
1.548172652750162706e+04 1.340385942530117573e-39
1.621139116098450540e+04 1.286563703006948277e-39
1.697544540058850544e+04 1.234919079289544019e-39
1.777551005257844736e+04 1.185265011065248994e-39
1.861328231295559090e+04 1.137530463185359121e-39
1.949053936775953116e+04 1.091866351903199073e-39
2.040914216305475566e+04 1.048230324869473219e-39
2.137103935259957507e+04 1.006532847075381976e-39
2.237827143157101455e+04 9.671486216848721035e-40
2.343297506511547181e+04 9.303995643677027493e-40
2.453738762090682940e+04 8.940300369934483476e-40
2.569385191532719909e+04 8.584126665598893268e-40
2.690482118333855033e+04 8.257915566159111248e-40
2.817286428258778324e+04 7.949251676363957993e-40
2.950067114278521694e+04 7.647717594935639449e-40
3.089105847191555586e+04 7.360591987735574687e-40
3.234697573138711959e+04 7.088254222737917980e-40
3.387151139279380732e+04 6.827276928037532478e-40
3.546789948956265289e+04 6.577383278591256684e-40
3.713952647738515225e+04 6.341865987433072008e-40
3.888993841798547510e+04 6.123070126729244379e-40
4.072284850146505778e+04 5.917089919964345550e-40
4.264214492317981785e+04 5.707710456238458847e-40
4.465189913186088961e+04 5.505706402327660392e-40
4.675637446647471370e+04 5.321804775565417658e-40
4.896003520014444803e+04 5.145777032604078737e-40
5.126755601031776314e+04 4.976059665978596666e-40
5.368383189527013747e+04 4.818358431976105208e-40
5.621398855798054865e+04 4.667733073161014347e-40
5.886339327940529620e+04 4.522805198388966189e-40
6.163766630421805166e+04 4.387807803762964694e-40
6.454269276316720061e+04 4.263632068063789273e-40
6.758463515734243265e+04 4.144236080432259954e-40
7.076994643083347182e+04 4.029733850298034705e-40
7.410538365951253218e+04 3.920898922857621209e-40
7.759802238497835060e+04 3.817829325039273279e-40
8.125527162407006836e+04 3.720849812882421246e-40
8.508488958578823076e+04 3.631577240327669390e-40
8.909500012896704720e+04 3.544971138057264909e-40
9.329410999560738856e+04 3.460711419054482886e-40
9.769112685642915312e+04 3.377430489997851360e-40
1.022953782069229928e+05 3.299230698985864844e-40
1.071166311539861781e+05 3.236329625459383138e-40
1.121651131351174554e+05 3.188229733892816024e-40
1.174515336141199659e+05 3.143039541460736620e-40
1.229871067993400648e+05 3.096153823848150824e-40
1.287835754326315655e+05 3.047755337346537309e-40
1.348532356995107257e+05 2.998058643259418588e-40
1.412089633133444004e+05 2.948756033434830179e-40
1.478642408289040031e+05 2.901988931405561459e-40
1.548331862432277121e+05 2.854070803492342882e-40
1.621305829444587289e+05 2.804494215752275749e-40
1.697719110721959441e+05 2.752584810469026703e-40
1.777733803558787622e+05 2.697429629756779822e-40
1.861519645008679945e+05 2.637794076415993027e-40
1.949254371951672365e+05 2.571978505854166690e-40
2.041124098131655192e+05 2.497769182741075543e-40
2.137323708963861573e+05 2.412142260718722722e-40
2.238057274949867278e+05 2.311542895760001371e-40
2.343538484577170748e+05 2.192506729889260624e-40
2.453991097621613590e+05 2.053897566327212920e-40
2.569649419814266148e+05 1.894639538379293739e-40
2.690758799879697617e+05 1.583517177189326311e-40
2.817576150000001071e+05 1.276486608004463242e-40
