1.776820000000000066e+00 0.000000000000000000e+00
1.860379083164714897e+00 0.000000000000000000e+00
1.947867726093124530e+00 0.000000000000000000e+00
2.039470725450673427e+00 0.000000000000000000e+00
2.135381568394772334e+00 0.000000000000000000e+00
2.235802841265349450e+00 0.000000000000000000e+00
2.340946657495016847e+00 4.140806878528893818e-42
2.451035105642711986e+00 8.032141140540338483e-42
2.566300718497157352e+00 1.558036711059584886e-41
2.686986964240998255e+00 3.022205848397314710e-41
2.813348760713076935e+00 5.862331821356951554e-41
2.945653013855078939e+00 9.281256643693758421e-41
3.084179181479886012e+00 1.393414220734554732e-40
3.229219863552442948e+00 2.104856651124358217e-40
3.381081420229950396e+00 3.168288572333464491e-40
3.540084618966832686e+00 4.858922331216667547e-40
3.706565312051319339e+00 6.894647448779701076e-40
3.880875146004755472e+00 9.260431794241362220e-40
4.063382304342058937e+00 1.187571680917154521e-39
4.254472285262213660e+00 1.526176229885575397e-39
4.454548715911463397e+00 1.974174968418914218e-39
4.664034204939119910e+00 2.475557871122235711e-39
4.883371235146785061e+00 3.065427261745258774e-39
5.113023098116476817e+00 3.721770856924489373e-39
5.353474872791807115e+00 4.403922106278856717e-39
5.605234450079221276e+00 5.204921506332814815e-39
5.868833605633467343e+00 6.058298840816154371e-39
6.144829123093312084e+00 6.903504919504000649e-39
6.433803970140011153e+00 7.831937421308972062e-39
6.736368529862663657e+00 8.956034068059746448e-39
7.053161890031371506e+00 1.005126881806717318e-38
7.384853193001469585e+00 1.100474329945861466e-38
7.732143049100129950e+00 1.213438585487940179e-38
8.095765016480749310e+00 1.340773927568699870e-38
8.476487150570923390e+00 1.477372594215880805e-38
8.875113626386816890e+00 1.616276066206346390e-38
9.292486437140608402e+00 1.740058357382439139e-38
9.729487172728916278e+00 1.848948373368978160e-38
1.018703888185875783e+01 1.969284240085861469e-38
1.066610802174429828e+01 2.105826821351659671e-38
1.116770649949261163e+01 2.245454428892643712e-38
1.169289380949038204e+01 2.391042321940454778e-38
1.224277927130608745e+01 2.534293759814884466e-38
1.281852437283484214e+01 2.657759653705337327e-38
1.342134522363493865e+01 2.796400172816266106e-38
1.405251512363835431e+01 2.935897077729261014e-38
1.471336725266071177e+01 3.082486481117593921e-38
1.540529748639180418e+01 3.234027883658237653e-38
1.612976734481447849e+01 3.382778743016941880e-38
1.688830707927990105e+01 3.531845237056052613e-38
1.768251890475957921e+01 3.695870711647606837e-38
1.851408038410158596e+01 3.815589400057818146e-38
1.938474797143927475e+01 3.925155349257430215e-38
2.029636072223707188e+01 4.056547560914330794e-38
2.125084417780964330e+01 4.194265890194655899e-38
2.225021443251974773e+01 4.315248137376110809e-38
2.329658239224535166e+01 4.429507967565544499e-38
2.439215823311121056e+01 4.523883490522885887e-38
2.553925606990245356e+01 4.614716683202578351e-38
2.674029884402135337e+01 4.705050140781785443e-38
2.799782344131140022e+01 4.795019479726575424e-38
2.931448605055913603e+01 4.883500341456135177e-38
3.069306777399174990e+01 4.961263296978297103e-38
3.213648050162157688e+01 5.033350693222871836e-38
3.364777306184502237e+01 5.084566070659881522e-38
3.523013766128792668e+01 5.135256253462930160e-38
3.688691662749943845e+01 5.170670711747151604e-38
3.862160946873665779e+01 5.199204396737775590e-38
4.043788026575229821e+01 5.228313854928880044e-38
4.233956541119796668e+01 5.246801420144426853e-38
4.433068171299117211e+01 5.256015147966565334e-38
4.641543487876165841e+01 5.257925001734868424e-38
4.859822839929883997e+01 5.258414834399875893e-38
5.088367284976360594e+01 5.257434949758844227e-38
5.327659562831156137e+01 5.251583569085831531e-38
5.578205115269723535e+01 5.233860832380969813e-38
5.840533153639768926e+01 5.200906000374200528e-38
6.115197776680514608e+01 5.171163187368218645e-38
6.402779140910054423e+01 5.136847073710758957e-38
6.703884686052839470e+01 5.095652095452315916e-38
7.019150418095787813e+01 5.046708076915053015e-38
7.349242252683032461e+01 4.983967353548995123e-38
7.694857421686972998e+01 4.919267893242962873e-38
8.056725945926548604e+01 4.845258285090681331e-38
8.435612177143552515e+01 4.772893573190450285e-38
8.832316412493906910e+01 4.702875109347000410e-38
9.247676584964196422e+01 4.621907804159675876e-38
9.682570033283894873e+01 4.538218324639381408e-38
1.013791535507189394e+02 4.453647255993853569e-38
1.061467434713146076e+02 4.368829449970544159e-38
1.111385403699218415e+02 4.271420234296477241e-38
1.163650880998975197e+02 4.183287551889502476e-38
1.218374263637671220e+02 4.093076064501926733e-38
1.275671140316820953e+02 3.998999808398081094e-38
1.335662535564826214e+02 3.904340488689520279e-38
1.398475165369339948e+02 3.807937531967944336e-38
1.464241704831347022e+02 3.710942710235298468e-38
1.533101068406299419e+02 3.610483044884086356e-38
1.605198703324229541e+02 3.514985914267343094e-38
1.680686896808635709e+02 3.417994951162148670e-38
1.759725097743045126e+02 3.323904596639698438e-38
1.842480253464698308e+02 3.220823807285558658e-38
1.929127162396724771e+02 3.124378248103432448e-38
2.019848843263675633e+02 3.033476727493378741e-38
2.114836921670280674e+02 2.940272532188013006e-38
2.214292034859944067e+02 2.849749863497282964e-38
2.318424255507972305e+02 2.756216843365148680e-38
2.427453535444645638e+02 2.666520687532995656e-38
2.541610170245414224e+02 2.573945370348867561e-38
2.661135285669499240e+02 2.485199273999120179e-38
2.786281346974424196e+02 2.399912427946879485e-38
2.917312692182226215e+02 2.322410358121301904e-38
3.054506090423766977e+02 2.241830089477853556e-38
3.198151326540452715e+02 2.161540297442748538e-38
3.348551813178231669e+02 2.085063993825272678e-38
3.506025231666718582e+02 2.007845516687526110e-38
3.670904203037161437e+02 1.933361724780592851e-38
3.843536990596556961e+02 1.859487126901640193e-38
4.024288235541975496e+02 1.791466922436499066e-38
4.213539727168831632e+02 1.723876932842122706e-38
4.411691209300016681e+02 1.660219491284962069e-38
4.619161224639187253e+02 1.593782781062920188e-38
4.836387998831764321e+02 1.530498467792121881e-38
5.063830366100934270e+02 1.470409043881916936e-38
5.301968738413852407e+02 1.412558178679746377e-38
5.551306120225091263e+02 1.357567990197850627e-38
5.812369170940797858e+02 1.304279312174114044e-38
6.085709317347671004e+02 1.254225270030152723e-38
6.371903918356516670e+02 1.203460300974416887e-38
6.671557484520523076e+02 1.154733980574644616e-38
6.985302954904251465e+02 1.107916147374318461e-38
7.313803034000377465e+02 1.065084982591496077e-38
7.657751591517957195e+02 1.023036231305502348e-38
8.017875127999075175e+02 9.814905307589355104e-39
8.394934309359463214e+02 9.411312912354980822e-39
8.789725573594495245e+02 9.031373400682945150e-39
9.203082813044192108e+02 8.662173802903476127e-39
9.635879135770704806e+02 8.312436479535516212e-39
1.008902870976863028e+03 7.976070520347094389e-39
1.056348869390363461e+03 7.643196791722390954e-39
1.106026125965786150e+03 7.325166864692887541e-39
1.158039570795269810e+03 7.017133576440850339e-39
1.212499068551999017e+03 6.718031704622574756e-39
1.269519650550331107e+03 6.429667436189349435e-39
1.329221757719079505e+03 6.155328282949297079e-39
1.391731495001189160e+03 5.900773791242653612e-39
1.457180897717139715e+03 5.651833945137521221e-39
1.525708210454716664e+03 5.404490445228615111e-39
1.597458179074202462e+03 5.170679244473964637e-39
1.672582356445808273e+03 4.952735916434072070e-39
1.751239422565104405e+03 4.740448899165091935e-39
1.833595519722636254e+03 4.534304447697406870e-39
1.919824603435647987e+03 4.348649502818504677e-39
2.010108809883204003e+03 4.168624055380175446e-39
2.104638840620787960e+03 3.991177619405846863e-39
2.203614365387012640e+03 3.818325812320174988e-39
2.307244443853224766e+03 3.656517847311774843e-39
2.415747967206889825e+03 3.503508816158025981e-39
2.529354120501443049e+03 3.352509452570916074e-39
2.648302866749231725e+03 3.205141836247568717e-39
2.772845453780024854e+03 3.070044702115442044e-39
2.903244944935743206e+03 2.940779628442986323e-39
3.039776774722342452e+03 2.815083377852895525e-39
3.182729330592489532e+03 2.694292600006751443e-39
3.332404562087946033e+03 2.584402468370269252e-39
3.489118618628269815e+03 2.474156713247097455e-39
3.653202517293028450e+03 2.370932105938871643e-39
3.825002842007989329e+03 2.269282226376665216e-39
4.004882475612191229e+03 2.176693079452170683e-39
4.193221366352155201e+03 2.089658069018524752e-39
4.390417330422282248e+03 2.001519286079151820e-39
4.596886892246531716e+03 1.919559189843318620e-39
4.813066164276347990e+03 1.837412632813398839e-39
5.039411768163087800e+03 1.760074877796687600e-39
5.276401799250753356e+03 1.686333675694585029e-39
5.524536836426183072e+03 1.616530019632705859e-39
5.784340999459844170e+03 1.549720427450112415e-39
6.056363056070490529e+03 1.486766632311235201e-39
6.341177581052145797e+03 1.424033028199315129e-39
6.639386169911661455e+03 1.365955411559541262e-39
6.951618709580458017e+03 1.310747579114469576e-39
7.278534708884390056e+03 1.256562840548456498e-39
7.620824691582096420e+03 1.205733616667169351e-39
7.979211654914131032e+03 1.158010260410216638e-39
8.354452596743825779e+03 1.111167113684825978e-39
8.747340114515447567e+03 1.065981025898058344e-39
9.158704079407136305e+03 1.023850075130245323e-39
9.589413389214656490e+03 9.836299978485872097e-40
1.004037780366870538e+04 9.451285658149068448e-40
1.051254986606213788e+04 9.070094495096299747e-40
1.100692691524634574e+04 8.709436067590584209e-40
1.152455319224628693e+04 8.375035930978544446e-40
1.206652204594394607e+04 8.050700028503318544e-40
1.263397824248939105e+04 7.745723384316070781e-40
1.322812038331705116e+04 7.448731527164975542e-40
1.385020343687477362e+04 7.164750837581269292e-40
1.450154138941359088e+04 6.891118762454314087e-40
1.518351002043676817e+04 6.639771646356647445e-40
1.589754980867076847e+04 6.406294956860677437e-40
1.664516897469656760e+04 6.176490964911902967e-40
1.742794666666726698e+04 5.954470529613836795e-40
1.824753629584203372e+04 5.733365162333480093e-40
1.910566902898067201e+04 5.532848284542138580e-40
2.000415744497671767e+04 5.335138092484514420e-40
2.094489936345180467e+04 5.147032706371160451e-40
2.192988185339857955e+04 4.973039228837852435e-40
2.296118543033967580e+04 4.809681865379043002e-40
2.404098845086749861e+04 4.653990256122914518e-40
2.517157171384740650e+04 4.500927961768727481e-40
2.635532327800360872e+04 4.358025131201288582e-40
2.759474350606251028e+04 4.218539522339383043e-40
2.889245034610934454e+04 4.091931039330048395e-40
3.025118486131235841e+04 3.964148779761621028e-40
3.167381701969504502e+04 3.844748568435478156e-40
3.316335175618642825e+04 3.706795987528635257e-40
3.472293531975277438e+04 3.400055542932433942e-40
3.635586191901786515e+04 3.427666702080799183e-40
3.806558068040967191e+04 3.410129068710957543e-40
3.985570293352899171e+04 3.324616803655069757e-40
4.173000983913050004e+04 3.230133173214857643e-40
4.369246037582660938e+04 3.143539815821593368e-40
4.574719970238453243e+04 3.053529821262749841e-40
4.789856791328057443e+04 2.948580513412302564e-40
5.015110920600390818e+04 2.833765553177377587e-40
5.250958147947399266e+04 2.711455031686239066e-40
5.497896638384678954e+04 2.582538050337058208e-40
5.756447984293552872e+04 2.447900639710792476e-40
6.027158307147265441e+04 2.308693596337352432e-40
6.310599411048524780e+04 2.166318016293939339e-40
6.607369990514648089e+04 2.022128622317475541e-40
6.918096895061785472e+04 1.877241414654597510e-40
7.243436453259037808e+04 1.732244865246929835e-40
7.584075859049263818e+04 1.586405245738544285e-40
7.940734623264994298e+04 1.435776468438656698e-40
8.314166093405104766e+04 1.269075524833771958e-40
8.705159044882508169e+04 1.061425812292185221e-40
9.114539347104133049e+04 7.846597321010977904e-41
9.543171707901923219e+04 5.701583133322328586e-41
9.991961500000007800e+04 4.995850234333878677e-41
