1.776820000000000066e+00 0.000000000000000000e+00
1.860559766272159798e+00 0.000000000000000000e+00
1.948246104766219622e+00 0.000000000000000000e+00
2.040065013521056514e+00 0.000000000000000000e+00
2.136211256478848242e+00 0.000000000000000000e+00
2.236888776613412233e+00 4.487162952108134408e-42
2.342311128528870690e+00 8.635917648936592991e-42
2.452701931446266581e+00 1.662054051417414867e-41
2.568295343538985698e+00 3.198761014323940163e-41
2.689336558623142359e+00 6.156281149841407772e-41
2.816082326256485580e+00 1.184804808819687555e-40
2.948801496349054752e+00 1.690605368432688610e-40
3.087775589440794555e+00 2.412336402678566139e-40
3.233299393855790349e+00 3.442180461703240856e-40
3.385681590999789492e+00 4.911673125251028114e-40
3.545245410127375152e+00 7.008371589091907162e-40
3.712329313967670963e+00 8.779842258316975207e-40
3.887287716662902071e+00 1.099908700003415221e-39
4.070491735542693057e+00 1.395275275485115072e-39
4.262329978328740054e+00 1.705297474137802331e-39
4.463209367439661790e+00 2.122993320921926296e-39
4.673556003144523352e+00 2.616027414043557679e-39
4.893816067395923675e+00 3.254999989891297677e-39
5.124456770259846472e+00 3.934635047409160062e-39
5.365967340949811870e+00 4.599224692249924970e-39
5.618860065567488959e+00 5.309927837040848189e-39
5.883671373750982703e+00 6.033686815403452210e-39
6.160962976535792279e+00 6.851689364405778642e-39
6.451323057842023090e+00 7.770978975691882200e-39
6.755367522115212076e+00 8.801840718428319986e-39
7.073741300767223628e+00 9.914076493871870990e-39
7.407119720188421574e+00 1.097398130148136539e-38
7.756209934232885850e+00 1.206245436780132304e-38
8.121752424215250343e+00 1.319536568220304241e-38
8.504522569600903026e+00 1.436738484027280206e-38
8.905332292721245935e+00 1.559847843525686953e-38
9.325031781002779852e+00 1.679205081579119916e-38
9.764511290363119045e+00 1.803675087942485651e-38
1.022470303359927790e+01 1.931762150893292307e-38
1.070658315777384573e+01 2.063878296141215509e-38
1.121117381479336395e+01 2.203645820821210113e-38
1.173954532957109009e+01 2.335993015120603141e-38
1.229281847037303166e+01 2.464200609792166930e-38
1.287216682616322672e+01 2.592153590523186441e-38
1.347881929599086881e+01 2.723072927319150496e-38
1.411406269569987870e+01 2.863935513039609987e-38
1.477924448748999353e+01 2.994983334812454005e-38
1.547577563811950441e+01 3.114149954128388166e-38
1.620513361181211565e+01 3.250192826626558563e-38
1.696886550421667295e+01 3.407305094710873274e-38
1.776859132406720576e+01 3.548051953452479049e-38
1.860600742950440534e+01 3.667389294426720792e-38
1.948289012634750961e+01 3.790697912337107430e-38
2.040109943594922726e+01 3.924774894052173455e-38
2.136258304062582525e+01 4.068447334179651565e-38
2.236938041503157493e+01 4.200369309018328506e-38
2.342362715224061276e+01 4.313990510388370384e-38
2.452755949371293909e+01 4.428306078434662919e-38
2.568351907275302537e+01 4.534692308736506244e-38
2.689395788152313926e+01 4.631870823645529344e-38
2.816144347214686405e+01 4.733109162800810964e-38
2.948866440293571145e+01 4.831700027612062857e-38
3.087843594129073921e+01 4.937526247815520973e-38
3.233370603537655796e+01 5.021517816019188983e-38
3.385756156723411436e+01 5.076803051024301449e-38
3.545323490059676885e+01 5.139476767586641283e-38
3.712411073729828104e+01 5.194365143171030107e-38
3.887373329681647505e+01 5.231464228714948829e-38
4.070581383418194577e+01 5.268897679431867452e-38
4.262423851219796944e+01 5.312945796113595104e-38
4.463307664467074432e+01 5.347868735254755029e-38
4.673658932813452083e+01 5.362017529312232232e-38
4.893923848038175350e+01 5.360398855728799546e-38
5.124569630496986150e+01 5.362155795021572879e-38
5.366085520178118173e+01 5.373875565547906405e-38
5.618983814465741489e+01 5.374506460769688332e-38
5.883800954812210904e+01 5.359707448829570777e-38
6.161098664624056198e+01 5.345266706643467761e-38
6.451465140775459872e+01 5.319369160477686160e-38
6.755516301276536240e+01 5.277205428130856561e-38
7.073897091743025101e+01 5.227400114834906523e-38
7.407282853438564985e+01 5.169054236768219716e-38
7.756380755791491310e+01 5.112238828696429457e-38
8.121931296424675395e+01 5.056955983328421143e-38
8.504709871880348260e+01 5.002382310478829121e-38
8.905528422371556019e+01 4.941284868279686404e-38
9.325237154049202104e+01 4.868264617041805100e-38
9.764726342437748485e+01 4.790337274381621709e-38
1.022492822086513229e+02 4.707979866596895602e-38
1.070681895789243043e+02 4.621961242588219249e-38
1.121142072793793290e+02 4.535536268041458756e-38
1.173980387948754185e+02 4.449265012861076906e-38
1.229308920549090089e+02 4.362532242684329076e-38
1.287245032075896631e+02 4.267884984350796312e-38
1.347911615140604908e+02 4.162331379392988011e-38
1.411437354161667486e+02 4.058247259853471752e-38
1.477956998326688165e+02 3.954117115742602451e-38
1.547611647418988241e+02 3.853312514018129949e-38
1.620549051114882673e+02 3.752803483207565926e-38
1.696923922386554295e+02 3.651129355082598264e-38
1.776898265675286268e+02 3.553515363795787516e-38
1.860641720531183694e+02 3.457559169447636264e-38
1.948331921448278194e+02 3.354301673259445279e-38
2.040154874658318533e+02 3.251627709381427234e-38
2.136305352682483374e+02 3.155157066904258820e-38
2.236987307477902220e+02 3.061153185944672154e-38
2.342414303055388416e+02 2.966123507620136697e-38
2.452809968486000116e+02 2.869948185540930607e-38
2.568408472257368658e+02 2.774816368147991493e-38
2.689455018985944434e+02 2.682170996323294499e-38
2.816206369538826380e+02 2.588361620908373874e-38
2.948931385668398093e+02 2.495095773612974018e-38
3.087911600315075589e+02 2.408994659618521542e-38
3.233441814787829003e+02 2.326868453977133879e-38
3.385830724089256591e+02 2.245790679835747432e-38
3.545401571711597626e+02 2.166559740152878527e-38
3.712492835292646305e+02 2.088879836214082961e-38
3.887458944585920904e+02 2.014396578389591950e-38
4.070671033268085921e+02 1.941146531341091959e-38
4.262517726178293742e+02 1.867648438535056895e-38
4.463405963659361646e+02 1.798264256073894098e-38
4.673761864749287724e+02 1.733124815909754185e-38
4.894031631054170361e+02 1.668870837653550715e-38
5.124682493219739854e+02 1.605906125634878506e-38
5.366203702009179324e+02 1.544844339450331385e-38
5.619107566089419379e+02 1.485088145357239161e-38
5.883930538727308885e+02 1.426189651201067424e-38
6.161234355700688639e+02 1.368579426137018789e-38
6.451607226838103770e+02 1.313508937268657138e-38
6.755665083714548018e+02 1.262114298006172658e-38
7.074052886149930828e+02 1.211986715676640342e-38
7.407445990281523791e+02 1.162701504506280600e-38
7.756551581112237272e+02 1.115480687341285770e-38
8.122110172573552518e+02 1.069572362730082469e-38
8.504897178284896881e+02 1.024140885201033745e-38
8.905724556341386915e+02 9.815823581548153625e-39
9.325442531618717794e+02 9.420904499622869870e-39
9.764941399248649532e+02 9.040308423655233385e-39
1.022515341309046107e+03 8.672898787195135048e-39
1.070705476320424623e+03 8.319438617084154642e-39
1.121166764652047732e+03 7.976443545278056995e-39
1.174006243509825708e+03 7.643992831031275807e-39
1.229335994657137917e+03 7.327669728537530637e-39
1.287273382159835364e+03 7.026242001266164425e-39
1.347941301335912840e+03 6.737298252920228732e-39
1.411468439437949655e+03 6.456911771248495795e-39
1.477989548621244694e+03 6.183957535477875563e-39
1.547645731776678986e+03 5.921632688048632254e-39
1.620584741834583383e+03 5.667957310379016774e-39
1.696961295174515044e+03 5.419994708619652472e-39
1.776937399805717632e+03 5.186840219395448840e-39
1.860682699014411355e+03 4.970289110687531943e-39
1.948374831206822137e+03 4.762009552109218527e-39
2.040199806711273595e+03 4.560213751592112771e-39
2.136352402338576667e+03 4.364079292837944157e-39
2.237036574537674369e+03 4.176266372949763024e-39
2.342465892022878052e+03 3.998106246946769154e-39
2.452863988790419626e+03 3.830053884699342103e-39
2.568465038485213881e+03 3.671064130209771750e-39
2.689514251124067414e+03 3.519480471182357942e-39
2.816268393228936475e+03 3.371452039639131506e-39
2.948996332473574967e+03 3.225768379160771392e-39
3.087979607998836855e+03 3.085874738381687196e-39
3.233513027606349169e+03 2.952978454525130205e-39
3.385905293097361664e+03 2.828316822176597314e-39
3.545479655083177931e+03 2.709161051451745582e-39
3.712574598656170565e+03 2.594298188350235005e-39
3.887544561375763806e+03 2.483243015141169703e-39
4.070760685092412132e+03 2.376465098100558485e-39
4.262611603204280982e+03 2.274939449431098036e-39
4.463504265016577847e+03 2.179119425722368672e-39
4.673864798952079582e+03 2.088739207824239731e-39
4.894139416443961636e+03 2.000925051753287511e-39
5.124795358428166764e+03 1.915665312050538333e-39
5.366321886443062795e+03 1.834023426135173320e-39
5.619231320438582770e+03 1.757011660599493281e-39
5.884060125496343971e+03 1.685038529105122493e-39
6.161370049765763724e+03 1.614028739157280352e-39
6.451749316030030968e+03 1.544969101753982898e-39
6.755813869429320221e+03 1.481461568415928919e-39
7.074208683988043958e+03 1.421205095182134000e-39
7.407609130717387416e+03 1.362726018986359969e-39
7.756722410195216071e+03 1.307182001503132217e-39
8.122289052661969436e+03 1.254692590202874695e-39
8.505084488814669385e+03 1.205101998265920635e-39
8.905920694630847720e+03 1.156902060286359884e-39
9.325647913711442015e+03 1.109831362543132679e-39
9.765156460795928069e+03 1.066662783459149956e-39
1.022537861027541840e+04 1.026570670830196278e-39
1.070729057370941337e+04 9.858088800121758099e-40
1.121191457054112107e+04 9.459427539041930646e-40
1.174032099640337037e+04 9.082608122005443698e-40
1.229363069361464295e+04 8.723547625318801780e-40
1.287301732868151885e+04 8.380189300333851186e-40
1.347970988185026181e+04 8.050624337846837442e-40
1.411499525398848891e+04 7.737827632172007016e-40
1.478022099632683603e+04 7.448732207482607599e-40
1.547679816885039872e+04 7.172833322393519686e-40
1.620620433340330965e+04 6.908441666337577780e-40
1.696998668785570044e+04 6.654899127049004816e-40
1.776976534798034845e+04 6.414769616223643274e-40
1.860723678400146673e+04 6.189556977396701151e-40
1.948417741910406039e+04 5.971224740813755827e-40
2.040244739753802787e+04 5.758970123223017298e-40
2.136399453030888981e+04 5.557673045534646601e-40
2.237085842682499060e+04 5.366597108630368906e-40
2.342517482126555115e+04 5.190167625665538922e-40
2.452918010284574120e+04 5.017148592108615163e-40
2.568521605958867804e+04 4.848248384664874451e-40
2.689573484566714615e+04 4.690410560823163638e-40
2.816330418285049382e+04 4.539956952056028892e-40
2.949061280709133280e+04 4.393023737707141021e-40
3.088047617180394445e+04 4.255287224784935885e-40
3.233584241993252363e+04 4.128117837281874738e-40
3.385979863747763011e+04 4.010332334785587150e-40
3.545557740174460923e+04 3.877399549566404729e-40
3.712656363820442493e+04 3.720027202668829557e-40
3.887630180051225034e+04 3.604354024083995464e-40
4.070850338891219872e+04 3.528717469720719617e-40
4.262705482297804701e+04 3.455722449758254065e-40
4.463602568538775813e+04 3.382455473890738936e-40
4.673967735421883845e+04 3.304440344885431965e-40
4.894247204207601317e+04 3.219910078956939077e-40
5.124908226122330234e+04 3.127031429460921270e-40
5.366440073479826242e+04 3.022889817753544416e-40
5.619355077513293509e+04 2.912481159559475383e-40
5.884189715119382890e+04 2.796259115281516423e-40
6.161505746819350315e+04 2.673253187924787435e-40
6.451891408351322025e+04 2.544338624427395500e-40
6.755962658420932712e+04 2.410506024024967760e-40
7.074364485257415799e+04 2.272703515863351287e-40
7.407772274746245239e+04 2.132195292087312683e-40
7.756893243040516973e+04 1.989944663822019809e-40
8.122467936690013448e+04 1.846866918989209024e-40
8.505271803469740553e+04 1.703069130754754417e-40
8.906116837240035238e+04 1.556393200441493760e-40
9.325853300327488978e+04 1.398125211819667975e-40
9.765371527079699445e+04 1.203720879558598872e-40
1.022560381242005242e+05 9.277088398256297302e-41
1.070752638940803445e+05 6.578832728299312156e-41
1.121216149999999034e+05 5.851831865884523789e-41
