1.776820000000000066e+00 0.000000000000000000e+00
1.860744499419370257e+00 0.000000000000000000e+00
1.948633002847470541e+00 0.000000000000000000e+00
2.040672741997208828e+00 2.916493659732246457e-52
2.137059792092812049e+00 9.500298877522031210e-50
2.237999489575197565e+00 3.094663979846691139e-47
2.343706869536816839e+00 1.008067774669673107e-44
2.454407123817845093e+00 3.283718830041844000e-42
2.570336080739620055e+00 6.877537589468001272e-42
2.691740707497321416e+00 1.429647062715369003e-41
2.818879636282146883e+00 2.971835046108055815e-41
2.952023715253812686e+00 6.177611084306155479e-41
3.091456585537120105e+00 1.027022065510991372e-40
3.237475285471788755e+00 1.520818276325359297e-40
3.390390883402813138e+00 2.347330288474379740e-40
3.550529140359385494e+00 3.614166929775733229e-40
3.718231204034123660e+00 5.381887644317996483e-40
3.893854335540998690e+00 7.840459529578558153e-40
4.077772670500207752e+00 1.044152014616750307e-39
4.270378016071351368e+00 1.376459367502498356e-39
4.472080685632854546e+00 1.779684103792817800e-39
4.683310372885795658e+00 2.253121954382156181e-39
4.904517067244247741e+00 2.811547799609160745e-39
5.136172012462238534e+00 3.354435476058557205e-39
5.378768710539518771e+00 3.974629986987568119e-39
5.632823973044780885e+00 4.669159440507638190e-39
5.898879022096013003e+00 5.425913738459430523e-39
6.177500643343428521e+00 6.213360830448711181e-39
6.469282393411209142e+00 6.957205878961726012e-39
6.774845864370327320e+00 7.815064431004131198e-39
7.094842007936175143e+00 8.727090887902985502e-39
7.429952522211994648e+00 9.683871950561445140e-39
7.780891303932331304e+00 1.068747150672850996e-38
8.148405969300265284e+00 1.160004106897732288e-38
8.533279446658315948e+00 1.255297143382361941e-38
8.936331644385941075e+00 1.354241633144684035e-38
9.358421197576792139e+00 1.455762429383404491e-38
9.800447297216740239e+00 1.557068058721750614e-38
1.026335160575943739e+01 1.636709691899454998e-38
1.074812026318019775e+01 1.716340712242538272e-38
1.125578598778177941e+01 1.800350538919809011e-38
1.178743027622751427e+01 1.882155699614993692e-38
1.234418570748848509e+01 1.962050613994653344e-38
1.292723835561306700e+01 2.024511951788807462e-38
1.353783031645867929e+01 2.083144767419592853e-38
1.417726235376869148e+01 2.139103651775401305e-38
1.484689667023131143e+01 2.190059870077104929e-38
1.554815980942396081e+01 2.240175394250417646e-38
1.628254569482500358e+01 2.281572768395812989e-38
1.705161881236713128e+01 2.319316671850220677e-38
1.785701754331221025e+01 2.350229900033595475e-38
1.870045765454766240e+01 2.379848345946785224e-38
1.958373595374006726e+01 2.401413269088561136e-38
2.050873411713239136e+01 2.409325073450281143e-38
2.147742269813964455e+01 2.419343735774893031e-38
2.249186532528228000e+01 2.426352170121088567e-38
2.355422309840066575e+01 2.428713692929774316e-38
2.466675919251567706e+01 2.427027126626885878e-38
2.583184367914349266e+01 2.412875883212501392e-38
2.705195857533529846e+01 2.395593545670169741e-38
2.832970313119833961e+01 2.380444890062679916e-38
2.966779936716212163e+01 2.361785585615565169e-38
3.106909787278643975e+01 2.342405993650887590e-38
3.253658387946410357e+01 2.313451973530314425e-38
3.407338361995576292e+01 2.280612958136410269e-38
3.568277098830425587e+01 2.249247349331501076e-38
3.736817451431670634e+01 2.214749503720966053e-38
3.913318466747217883e+01 2.177398525834276605e-38
4.098156150581447577e+01 2.136705862793487151e-38
4.291724268612515658e+01 2.092737433827767468e-38
4.494435185244063291e+01 2.047489678503859332e-38
4.706720742078415753e+01 2.003652981731946056e-38
4.929033177882659089e+01 1.955670338062743624e-38
5.161846092007483833e+01 1.909258900890869014e-38
5.405655453311137393e+01 1.863333501288014112e-38
5.660980656737893213e+01 1.812929867761732100e-38
5.928365629801828618e+01 1.764598718956185693e-38
6.208379991333171688e+01 1.718730719860885611e-38
6.501620264955636230e+01 1.670314906265042789e-38
6.808711149879960089e+01 1.625346388212203131e-38
7.130306851720752093e+01 1.577391340837903393e-38
7.467092476171835358e+01 1.530936622310636308e-38
7.819785488508966864e+01 1.487390411517159531e-38
8.189137242029286767e+01 1.441400108967874259e-38
8.575934578683435916e+01 1.393926735848689759e-38
8.981001505310375421e+01 1.348968990038395793e-38
9.405200949045688219e+01 1.306168320081810225e-38
9.849436595643119574e+01 1.262176759104269894e-38
1.031465481462544176e+02 1.218013991508024392e-38
1.080184667536600074e+02 1.175093031635223445e-38
1.131205005839571953e+02 1.133217138474334422e-38
1.184635186643351972e+02 1.091579398735821157e-38
1.240589033985016272e+02 1.049847975140508621e-38
1.299185748149846233e+02 1.010604545402625305e-38
1.360550159607536784e+02 9.733887724318604589e-39
1.424812994942577689e+02 9.380532015133262863e-39
1.492111155345302791e+02 9.023666568413038029e-39
1.562588008256916510e+02 8.681465019805593800e-39
1.636393692789774548e+02 8.353363656250924867e-39
1.713685439573575877e+02 8.021325929176714765e-39
1.794627905708849482e+02 7.715498056245889105e-39
1.879393525541273959e+02 7.421698504521237272e-39
1.968162878004131073e+02 7.134377109855287637e-39
2.061125071311435590e+02 6.851537194050686948e-39
2.158478145821248972e+02 6.582138199027170982e-39
2.260429495927449750e+02 6.319295473444818284e-39
2.367196311878692541e+02 6.065610892500760628e-39
2.479006042465808548e+02 5.819440918333948918e-39
2.596096879563285142e+02 5.585086069489697960e-39
2.718718265557104701e+02 5.353814328964442417e-39
2.847131424739899899e+02 5.130437085297042815e-39
2.981609919805497952e+02 4.915700917316755352e-39
3.122440234628331268e+02 4.717580462177419217e-39
3.269922384569284191e+02 4.525588454156985919e-39
3.424370555608087443e+02 4.339320698566310055e-39
3.586113773663850566e+02 4.157977227331596571e-39
3.755496605529570502e+02 3.986296079973181285e-39
3.932879892913894651e+02 3.817052553271981935e-39
4.118641521153839449e+02 3.651367975990060077e-39
4.313177224236127358e+02 3.500126897066432648e-39
4.516901427842034309e+02 3.349634904888295111e-39
4.730248132211797838e+02 3.209577531369206840e-39
4.953671836709315244e+02 3.068619761712004289e-39
5.187648508056814762e+02 2.937541704233270308e-39
5.432676594302080275e+02 2.813891851301340751e-39
5.689278086678423278e+02 2.693916824298166268e-39
5.957999631619425145e+02 2.580528004218597303e-39
6.239413695297487266e+02 2.473337243816705553e-39
6.534119783166943307e+02 2.369569211589115242e-39
6.842745717109881980e+02 2.269782434959338073e-39
7.165948972905341634e+02 2.175082245058746153e-39
7.504418080871157599e+02 2.080591923074154679e-39
7.858874092662326802e+02 1.993933728611898277e-39
8.230072117350559893e+02 1.909545468381648180e-39
8.618802930057511276e+02 1.827474368445997112e-39
9.025894656568506207e+02 1.748003326662863825e-39
9.452214537515637858e+02 1.671307780224307677e-39
9.898670775888404023e+02 1.598911359775156976e-39
1.036621447180784799e+03 1.528903499328224142e-39
1.085584164868580501e+03 1.462374547920291939e-39
1.136859537508572657e+03 1.398053186897105307e-39
1.190556798680522661e+03 1.335738536896949555e-39
1.246790341391428228e+03 1.277126902290919257e-39
1.305679961770633554e+03 1.220330954685083144e-39
1.367351114275391183e+03 1.167107807032753651e-39
1.431935178950530371e+03 1.116130584541761350e-39
1.499569741311608141e+03 1.068309239453281334e-39
1.570398885447766588e+03 1.022628704596296214e-39
1.644573500968720509e+03 9.784091066918187935e-40
1.722251604449749266e+03 9.345909048123612473e-40
1.803598676059508989e+03 8.950509935088449374e-40
1.888788012087767584e+03 8.575969829285944137e-40
1.978001094124087558e+03 8.204790621314247489e-40
2.071427975673896526e+03 7.850586540237818299e-40
2.169267687035605377e+03 7.501489560814411093e-40
2.271728659301268181e+03 7.178332831529573541e-40
2.379029168384065997e+03 6.859124539738327221e-40
2.491397800018511134e+03 6.553717026791919372e-40
2.609073936724015766e+03 6.267851891671369485e-40
2.732308267769189115e+03 6.006983773845849775e-40
2.861363323223279167e+03 5.743930513376536199e-40
2.996514033232430847e+03 5.492336100606940340e-40
3.138048313712249183e+03 5.254356103542618853e-40
3.286267679704359125e+03 5.026541107817403703e-40
3.441487887703615343e+03 4.808843015762604706e-40
3.604039608324360870e+03 4.600596226617441729e-40
3.774269130738678086e+03 4.407248469129212868e-40
3.952539100387391045e+03 4.220628188677213101e-40
4.139229291535337325e+03 4.036702551648343940e-40
4.334737416316744202e+03 3.855543771905727768e-40
4.539479971994189327e+03 3.686215583112314961e-40
4.753893128236167286e+03 3.524016546986845283e-40
4.978433656303386670e+03 3.366736288115566430e-40
5.213579902123339707e+03 3.217637013737339464e-40
5.459832805326023845e+03 3.073934227010080468e-40
5.717716966411809153e+03 2.933832327204603823e-40
5.987781764324789947e+03 2.793587120273018242e-40
6.270602526812488577e+03 2.662497386813324382e-40
6.566781756065073751e+03 2.534214887621363201e-40
6.876950412245225380e+03 2.413170138327105499e-40
7.201769257642903540e+03 2.292314589633538811e-40
7.541930264318590162e+03 2.175196678401059282e-40
7.898158088233640228e+03 2.062681467185803098e-40
8.271211613008272252e+03 1.949996649612228808e-40
8.661885566595798082e+03 1.844294512588598826e-40
9.071012214317246617e+03 1.740265570761985297e-40
9.499463131862958107e+03 1.639395479392540415e-40
9.948151062038421514e+03 1.534863520192150341e-40
1.041803185920969008e+04 1.429185595955075172e-40
1.091010652559076880e+04 1.323728933576184781e-40
1.142542334371090146e+04 1.217766688000490865e-40
1.196508010960464890e+04 1.111064213210251824e-40
1.253022647148218311e+04 1.001981860145549801e-40
1.312206637886190765e+04 8.933423328861094816e-41
1.374186064738305140e+04 7.816686240752146642e-41
1.439092964476172165e+04 6.686193626573800296e-41
1.507065610361293329e+04 5.567980810905215148e-41
1.578248806713045269e+04 4.474181228729143385e-41
1.652794197389991314e+04 3.444027398350314113e-41
1.730860588841683420e+04 2.497237761340769315e-41
1.812614288419161676e+04 1.659703591692893623e-41
1.898229458664868798e+04 9.767668429481852664e-42
1.987888488336727460e+04 5.047060066893201462e-42
2.081782380956791167e+04 2.732784827951286769e-42
2.180111161712221656e+04 1.424861651891497567e-42
2.283084303575371086e+04 6.122195936896361231e-43
2.390921173550824460e+04 1.700308865151444494e-43
2.503851500000001761e+04 2.084691787383362927e-44
