1.776820000000000066e+00 0.000000000000000000e+00
1.860745357510544817e+00 1.984250877476830632e-53
1.948634800090636388e+00 7.069594645800325600e-51
2.040675565196328201e+00 2.518792811092619496e-48
2.137063734156681161e+00 8.974089099975041223e-46
2.238004649900492637e+00 3.197336232643768690e-43
2.343713354413701655e+00 3.961032906598443202e-42
2.454415046859423466e+00 8.135686436833382079e-42
2.570345563336577932e+00 1.671013479545039114e-41
2.691751879299176142e+00 3.432145609962874517e-41
2.818892635706613969e+00 7.049463204417876873e-41
2.952038690025858170e+00 1.152182899195787082e-40
3.091473693259376709e+00 2.048604333608159771e-40
3.237494694228094438e+00 3.275559277575849237e-40
3.390412772396723451e+00 4.550360472891566174e-40
3.550553700589625272e+00 6.457593716481185680e-40
3.718258639009032862e+00 9.337072597479267619e-40
3.893884862034158623e+00 1.238751447915588337e-39
4.077806519349539194e+00 1.564105793185970199e-39
4.270415433024103535e+00 1.975951391495990719e-39
4.472121932239046416e+00 2.546349891074550860e-39
4.683355727442786609e+00 3.238564252453245832e-39
4.904566825795288132e+00 3.902986034268523795e-39
5.136226489851988930e+00 4.627421263978022073e-39
5.378828241529681087e+00 5.530753085006258828e-39
5.632888913493184546e+00 6.508238038845400617e-39
5.898949750202642228e+00 7.434539135910357948e-39
6.177577560967095316e+00 8.385164821829471168e-39
6.469365927460763999e+00 9.446756547478032307e-39
6.774936468274510126e+00 1.063689023844643963e-38
7.094940163196429950e+00 1.181845776545380948e-38
7.430058740042808196e+00 1.293194461671505631e-38
7.781006126993900374e+00 1.417783131276175971e-38
8.148529973528551906e+00 1.553638464798688917e-38
8.533413243197832898e+00 1.695055462126312982e-38
8.936475881630872919e+00 1.831653478188603447e-38
9.358576563326391096e+00 1.959317550752993097e-38
9.800614520951233644e+00 2.093441073738018643e-38
1.026353146104300684e+01 2.236336877427615361e-38
1.074831357019798972e+01 2.384379018941129691e-38
1.125599361601822146e+01 2.537355971113720915e-38
1.178765314729361080e+01 2.665913433335694576e-38
1.234442479810624960e+01 2.785431079628307083e-38
1.292749470076554985e+01 2.922819801539472604e-38
1.353810501271466116e+01 3.050817065201744009e-38
1.417755656279141263e+01 3.160764640999491531e-38
1.484721162248133020e+01 3.269653952990389435e-38
1.554849680806650802e+01 3.366992386954251890e-38
1.628290611985304892e+01 3.465400460583056282e-38
1.705200412495165097e+01 3.570188992844999163e-38
1.785742929039207283e+01 3.656451018644548226e-38
1.870089747367198996e+01 3.736061760258250766e-38
1.958420557817664687e+01 3.798473342970703232e-38
2.050923538125657331e+01 3.848921507584976169e-38
2.147795754311870198e+01 3.907781407818841429e-38
2.249243580507125628e+01 3.978340511382652687e-38
2.355483138606627946e+01 4.014731717898794365e-38
2.466740758690610136e+01 4.046184088335571064e-38
2.583253461192237310e+01 4.070626726767299349e-38
2.705269461839973388e+01 4.078515512583211341e-38
2.833048700450118673e+01 4.102127135879635002e-38
2.966863394696052225e+01 4.112147876045669777e-38
3.106998620033910896e+01 4.115019291349608915e-38
3.253752917020164404e+01 4.113713091842892585e-38
3.407438927314901633e+01 4.109375985915580491e-38
3.568384059725752877e+01 4.087031918193519962e-38
3.736931187711374491e+01 4.069161056261080393e-38
3.913439379830430909e+01 4.049074643886572211e-38
4.098284664692213397e+01 4.009883842212994798e-38
4.291860832038526752e+01 3.970950526299769970e-38
4.494580271663438964e+01 3.927234518587718034e-38
4.706874851958119876e+01 3.877656926024152260e-38
4.929196839952388842e+01 3.825345948206121607e-38
5.162019864813011338e+01 3.770352645336557425e-38
5.405839926851351862e+01 3.705975707940165702e-38
5.661176454189954654e+01 3.645613346748356358e-38
5.928573409339136191e+01 3.576072514659460773e-38
6.208600448041028130e+01 3.504913303157182318e-38
6.501854132849827295e+01 3.439908245914561667e-38
6.808959204033646984e+01 3.369531794800346082e-38
7.130569910505454345e+01 3.292552325653581495e-38
7.467371403618489012e+01 3.214820513675884457e-38
7.820081196795456435e+01 3.137921415285100280e-38
8.189450694101061856e+01 3.056235571527705503e-38
8.576266791014316482e+01 2.978723540602899552e-38
8.981353550810855779e+01 2.903788736700867975e-38
9.405573960126599786e+01 2.826556590743255893e-38
9.849831767442755392e+01 2.743415708507247273e-38
1.031507340840883700e+02 2.660791293582364399e-38
1.080229002210533622e+02 2.582976252576048633e-38
1.131251956254150315e+02 2.506014750258798501e-38
1.184684900988637395e+02 2.428885698088417886e-38
1.240641668614405120e+02 2.354417273619303789e-38
1.299241468020614718e+02 2.284326492452156266e-38
1.360609138744805193e+02 2.211768454906380959e-38
1.424875416927891081e+02 2.138326745651393345e-38
1.492177213831157019e+02 2.064887987542055031e-38
1.562657907508552455e+02 1.994998900132644484e-38
1.636467648255692495e+02 1.930126715073040136e-38
1.713763678486273250e+02 1.863220671415456374e-38
1.794710667717340300e+02 1.797109805174784810e-38
1.879481063377094472e+02 1.735410835016020662e-38
1.968255458182546249e+02 1.673363416880518205e-38
2.061222974869689040e+02 1.611531509690739342e-38
2.158581669095828488e+02 1.550361166071893390e-38
2.260538951372352585e+02 1.493659520038695097e-38
2.367312028926881737e+02 1.438030578734876673e-38
2.479128368436060441e+02 1.384442220868301454e-38
2.596226180614858094e+02 1.331122754094407373e-38
2.718854927694661114e+02 1.279998546217920295e-38
2.847275854871349452e+02 1.232610121937966768e-38
2.981762546855464961e+02 1.183801006412289786e-38
3.122601510710216530e+02 1.136693263338256350e-38
3.270092786218888818e+02 1.091779737552487422e-38
3.424550585082068892e+02 1.050637625931602115e-38
3.586303960306320278e+02 1.010317872252743268e-38
3.755697507210448407e+02 9.712341953004661478e-39
3.933092097542668171e+02 9.333079157326964060e-39
4.118865648272719682e+02 8.947869617630276035e-39
4.313413926696637191e+02 8.585651893450962790e-39
4.517151393569466791e+02 8.239760879340372409e-39
4.730512086061991681e+02 7.897133621572375985e-39
4.953950542422629724e+02 7.574154836977670888e-39
5.187942770314240306e+02 7.271072107300088896e-39
5.432987260888902483e+02 6.971766234176302591e-39
5.689606050760881999e+02 6.680942860471884971e-39
5.958345834140329771e+02 6.398187303520973967e-39
6.239779127496823321e+02 6.123470548160735970e-39
6.534505489234090874e+02 5.875089118305798000e-39
6.843152796974094372e+02 5.624543925765168675e-39
7.166378585171732993e+02 5.385251798139478088e-39
7.504871445909710701e+02 5.160109898947130594e-39
7.859352495857732492e+02 4.948927667642652762e-39
8.230576912521355553e+02 4.738306552729908205e-39
8.619335543053081210e+02 4.535900256229317643e-39
9.026456589053285597e+02 4.343681788615634297e-39
9.452807370949988126e+02 4.159077135877781704e-39
9.899296175716535799e+02 3.981308997551946479e-39
1.036687419186322813e+03 3.808982724785648836e-39
1.085653753582545960e+03 3.647831226219965759e-39
1.136932937406500287e+03 3.492204024956520554e-39
1.190634214540568564e+03 3.340871955524677218e-39
1.246871988833745490e+03 3.194356637588782919e-39
1.305766067824727770e+03 3.058216698981055589e-39
1.367441917976868808e+03 2.931423501626488290e-39
1.432030931968783989e+03 2.803070933219963635e-39
1.499670708609995245e+03 2.680303443989434456e-39
1.570505345977982415e+03 2.565166595332934754e-39
1.644685748401087949e+03 2.452504590588988337e-39
1.722369947941311693e+03 2.349626516159202054e-39
1.803723441061825270e+03 2.249384986629830976e-39
1.888919541196484488e+03 2.155718526583817233e-39
1.978139747972391433e+03 2.062672144604872502e-39
2.071574133872146831e+03 1.974808485802734757e-39
2.169421749159466344e+03 1.888551623622888449e-39
2.271891045930867676e+03 1.810679286020210199e-39
2.379200322196753405e+03 1.735391769600426440e-39
2.491578186938014369e+03 1.665091270641552093e-39
2.609264047128830043e+03 1.596350165899979179e-39
2.732508617763277925e+03 1.528073046293847990e-39
2.861574455972227042e+03 1.462734004131258139e-39
2.996736520368459423e+03 1.402430277191130519e-39
3.138282756811557647e+03 1.343886431772971562e-39
3.286514711840536620e+03 1.287310866535349502e-39
3.441748175080976125e+03 1.234400809273020848e-39
3.604313851995316782e+03 1.181377754058353844e-39
3.774558068409422958e+03 1.132975648868141247e-39
3.952843508316433599e+03 1.083640137175017540e-39
4.139549986529583293e+03 1.039793733804397200e-39
4.335075257830148075e+03 9.958748534400004258e-40
4.539835864334187136e+03 9.540537231733796829e-40
4.754268022883416961e+03 9.145619822084116599e-40
4.978828554350553532e+03 8.774228413269647020e-40
5.213995856839033877e+03 8.400928462864550747e-40
5.460270924850261508e+03 8.053589553295234410e-40
5.718178416589715198e+03 7.729694713276469613e-40
5.988267771685541447e+03 7.414337019849609600e-40
6.271114381700954254e+03 7.122173472848378954e-40
6.567320815933890117e+03 6.829024085385234061e-40
6.877518105115517756e+03 6.566140331263678421e-40
7.202367085742174822e+03 6.309783801740515837e-40
7.542559807904856825e+03 6.047324216401758232e-40
7.898821009615257026e+03 5.805137377981019262e-40
8.271909660769435504e+03 5.579845791190312337e-40
8.662620580038126718e+03 5.358529984268660475e-40
9.071786128128484052e+03 5.146049946347874975e-40
9.500277981024317342e+03 4.950078163993528634e-40
9.949008986982731585e+03 4.762088728348769242e-40
1.041893511124300312e+04 4.584475601922483347e-40
1.091105747259094278e+04 4.409867530032798555e-40
1.142642447611707576e+04 4.243120793224346989e-40
1.196613404671250646e+04 4.088399387815398159e-40
1.253133596806045352e+04 3.939077476440244127e-40
1.312323433210643634e+04 3.794077191118297370e-40
1.374309010422555730e+04 3.647827302864765258e-40
1.439222380955123663e+04 3.505817466689977588e-40
1.507201834618881003e+04 3.377138373177755959e-40
1.578392193130679516e+04 3.251602643931089189e-40
1.652945118638241547e+04 3.128111907767465836e-40
1.731019436817362293e+04 3.021979591156445742e-40
1.812781475230144861e+04 2.909381735083359538e-40
1.898405417665047935e+04 2.801709331988774405e-40
1.988073675213639217e+04 2.698936658075700382e-40
2.081977274874611612e+04 2.597532792783468913e-40
2.180316266512866059e+04 2.494304412516002069e-40
2.283300149040724864e+04 2.390075149931021125e-40
2.391148316729132421e+04 2.284914786607114445e-40
2.504090526599705481e+04 2.178962066051271199e-40
2.622367387893280829e+04 2.073101978854975799e-40
2.746230874657803361e+04 1.967976008664267630e-40
2.875944862547484809e+04 1.863276180558341080e-40
3.011785690976877959e+04 1.758429026870349177e-40
3.154042751827374741e+04 1.652478339394207090e-40
3.303019105960409070e+04 1.509879920784280014e-40
3.459032128850671870e+04 1.297888483285740515e-40
3.622414186714865355e+04 1.047158963937607223e-40
3.793513344576278905e+04 7.875868034750671399e-41
3.972694107773782889e+04 5.403615597290250162e-41
4.160338198494811513e+04 3.190500293659062786e-41
4.356845368986733229e+04 1.431541090484691244e-41
4.562634253178928338e+04 5.204670624600958453e-42
4.778143258530006278e+04 2.455806940887457943e-42
5.003831500000000960e+04 1.067811180327068246e-42
