1.776820000000000066e+00 0.000000000000000000e+00
1.860736133221343014e+00 0.000000000000000000e+00
1.948615480169918923e+00 0.000000000000000000e+00
2.040645216570404319e+00 0.000000000000000000e+00
2.137021358132981330e+00 0.000000000000000000e+00
2.237949178050554710e+00 1.875210452096083469e-53
2.343643644213635469e+00 9.459342563974884683e-51
2.454329877074130639e+00 4.771686380193068954e-48
2.570243629133245111e+00 2.407037355601731109e-45
2.691631787074765914e+00 1.214209897639462648e-42
2.818752897613237884e+00 4.849275738371745596e-42
2.951877718177031262e+00 1.022971510047340119e-41
3.091289793599222513e+00 2.667254676909362012e-41
3.237286060044585412e+00 4.769225607613278965e-41
3.390177477459010102e+00 8.057199318339721893e-41
3.550289691888410371e+00 1.191667679986069353e-40
3.717963729077809809e+00 1.803838567675695752e-40
3.893556720827910933e+00 2.606200981832697280e-40
4.077442665656228371e+00 3.688640397074794996e-40
4.270013225382928823e+00 5.356002154689258449e-40
4.471678559338045034e+00 7.123640276638926958e-40
4.682868197966850943e+00 9.125471754797663672e-40
4.904031957694103383e+00 1.150656319795320261e-39
5.135640898995744053e+00 1.439020133237038327e-39
5.378188329718667227e+00 1.793377271054395762e-39
5.632190855785541572e+00 2.133867653990152411e-39
5.898189481522605249e+00 2.504492268446571498e-39
6.176750761954036051e+00 2.918392328058621038e-39
6.468468009517192030e+00 3.367565674408478476e-39
6.773962557768923531e+00 3.848134600313710619e-39
7.093885084774543159e+00 4.295191646708688241e-39
7.428916998998178478e+00 4.774025722064666705e-39
7.779771890646308030e+00 5.276499280276790928e-39
8.147197051555762570e+00 5.796171830191308349e-39
8.531975066863381585e+00 6.330994439020282208e-39
8.934925481847502127e+00 6.794051489162016427e-39
9.356906547491455228e+00 7.261221269857008135e-39
9.798817048487025616e+00 7.732783665376026334e-39
1.026159821757134871e+01 8.174346669330759876e-39
1.074623574027461359e+01 8.658887013099208243e-39
1.125376185434854470e+01 9.065770148350240965e-39
1.178525754834724992e+01 9.434421876472986807e-39
1.234185486404323839e+01 9.819094251272188165e-39
1.292473930758255740e+01 1.018660547517188325e-38
1.353515237451461850e+01 1.052537578109821082e-38
1.417439419407481438e+01 1.080516193666572933e-38
1.484382629835201328e+01 1.104901651634123758e-38
1.554487452223905919e+01 1.125171686452046688e-38
1.627903204034290496e+01 1.146335595328761988e-38
1.704786254732274742e+01 1.166662088405105764e-38
1.785300358843005242e+01 1.178409540549532110e-38
1.869617004734418586e+01 1.187503690094164832e-38
1.957915779873252049e+01 1.193407988809730382e-38
2.050384753331460175e+01 1.198828587314137099e-38
2.147220876357750541e+01 1.203448151511394320e-38
2.248630401867417206e+01 1.201178591536792623e-38
2.354829323743954106e+01 1.198504307838876238e-38
2.466043836888123053e+01 1.193426355316010522e-38
2.582510818994344248e+01 1.186538320763510012e-38
2.704478335080548135e+01 1.175987839650445203e-38
2.832206165846104184e+01 1.161893143494402387e-38
2.965966360983175321e+01 1.147838423301890391e-38
3.106043818620013042e+01 1.132362431809694393e-38
3.252736892130354818e+01 1.114656088552205713e-38
3.406358025601380746e+01 1.097208517075824814e-38
3.567234419313718519e+01 1.077307339583121382e-38
3.735708726650922529e+01 1.055115598280728934e-38
3.912139783922774683e+01 1.034243621431434359e-38
4.096903374656883301e+01 1.012842296350293026e-38
4.290393029986448425e+01 9.919975800494620349e-39
4.493020866838951122e+01 9.677515071402817605e-39
4.705218465711054421e+01 9.437374753893152830e-39
4.927437789899285292e+01 9.210071770386858985e-39
5.160152148144391049e+01 8.977624011943270904e-39
5.403857202739726517e+01 8.729195138400721993e-39
5.659072025250853244e+01 8.472610126385111235e-39
5.926340202094949206e+01 8.233040014365865222e-39
6.206230992334815966e+01 7.996383269483315312e-39
6.499340540153501422e+01 7.761590412386562207e-39
6.806293144591990085e+01 7.525852579424150299e-39
7.127742589254418704e+01 7.285004245886833700e-39
7.464373534812952471e+01 7.045721579811528969e-39
7.816902977278272147e+01 6.812992277451333982e-39
8.186081775141644812e+01 6.586345620034640173e-39
8.572696248641264560e+01 6.373988517570572740e-39
8.977569854559189366e+01 6.155990358757625184e-39
9.401564940116027458e+01 5.940036437551716875e-39
9.845584579699037420e+01 5.725718701048375626e-39
1.031057449833571269e+02 5.517243944414516821e-39
1.079752508600971481e+02 5.316069644506430031e-39
1.130747350710942385e+02 5.116309793655402973e-39
1.184150590950212489e+02 4.925655713284274614e-39
1.240075973793893951e+02 4.729806172212895010e-39
1.298642615671785450e+02 4.550766882617243806e-39
1.359975258676494434e+02 4.376113161087239687e-39
1.424204536253754441e+02 4.204853187080978046e-39
1.491467251440836321e+02 4.040313342571537724e-39
1.561906668245678418e+02 3.885925596640995328e-39
1.635672816787347301e+02 3.737004650296328634e-39
1.712922812847756688e+02 3.591196513778207113e-39
1.793821192515258076e+02 3.449897297644073644e-39
1.878540262632872100e+02 3.309345185919051924e-39
1.967260467797580361e+02 3.179537776362420386e-39
2.060170774692360283e+02 3.051028471694608286e-39
2.157469074569557677e+02 2.927348408927788546e-39
2.259362604742848362e+02 2.804493854307678454e-39
2.366068389985541103e+02 2.687550625091734595e-39
2.477813704775354040e+02 2.573137605034604092e-39
2.594836557370213654e+02 2.464910047682638511e-39
2.717386196746115274e+02 2.363494724861305470e-39
2.845723643476783309e+02 2.263644691360758076e-39
2.980122245685855091e+02 2.168854818934187421e-39
3.120868261255728271e+02 2.077162743712934997e-39
3.268261467533121163e+02 1.987945713008045332e-39
3.422615799829972616e+02 1.901870083142748256e-39
3.584260020079635183e+02 1.822690261667659933e-39
3.753538417072541620e+02 1.745841321743810720e-39
3.930811539762790403e+02 1.672437881051589013e-39
4.116456965207532903e+02 1.602140142177257626e-39
4.310870102774804877e+02 1.532509400703816524e-39
4.514465036332708792e+02 1.465200292862611784e-39
4.727675406213726887e+02 1.401695545366273265e-39
4.950955332832685940e+02 1.340398392355138088e-39
5.184780383925597107e+02 1.281383575114174061e-39
5.429648587469515633e+02 1.225840504490842019e-39
5.686081492440850980e+02 1.172590892778096183e-39
5.954625279671454336e+02 1.120894645241314415e-39
6.235851925168514072e+02 1.069891169091294326e-39
6.530360418376047846e+02 1.021014494023221056e-39
6.838778037972759876e+02 9.760557783740458236e-40
7.161761687923635691e+02 9.329982155481569886e-40
7.499999296630938943e+02 8.907922866520573260e-40
7.854211282164679915e+02 8.506461695072618022e-40
8.225152086693392448e+02 8.125118081156504234e-40
8.613611783383416878e+02 7.760095098291731482e-40
9.020417759189257367e+02 7.407565027230362755e-40
9.446436477119207211e+02 7.070736992422809999e-40
9.892575321729741518e+02 6.751991977133787695e-40
1.035978453177940537e+03 6.449247113869991282e-40
1.084905922415860459e+03 6.155026298139054490e-40
1.136144151340609824e+03 5.871472972532944188e-40
1.189802273132658684e+03 5.598492444065463818e-40
1.245994575143699194e+03 5.341641145624551016e-40
1.304840742319231595e+03 5.093917740947037851e-40
1.366466112117577268e+03 4.854519716738135150e-40
1.431001941468276527e+03 4.626880610874802696e-40
1.498585686338467212e+03 4.411689359411148653e-40
1.569361294502702549e+03 4.204072276421176016e-40
1.643479512139777853e+03 4.007728422176006863e-40
1.721098204909596461e+03 3.813714724051044815e-40
1.802382694193940551e+03 3.626822346016117893e-40
1.887506109217309131e+03 3.448502881591924422e-40
1.976649755797817306e+03 3.277979861278021246e-40
2.070003502513559397e+03 3.116491869620410144e-40
2.167766185106941975e+03 2.960996760557658961e-40
2.270146029988335158e+03 2.814725012774491319e-40
2.377361097741063986e+03 2.673026870265043848e-40
2.489639747572379292e+03 2.540368998023510749e-40
2.607221123699637246e+03 2.408170576632791573e-40
2.730355664707662072e+03 2.282616801843116648e-40
2.859305636962170865e+03 2.159799921541878231e-40
2.994345693215395386e+03 2.041339254202289691e-40
3.135763457593676776e+03 1.927061577570545556e-40
3.283860138213013670e+03 1.816170961653730155e-40
3.438951168727382537e+03 1.711920781065399948e-40
3.601366880176274663e+03 1.609435313667199004e-40
3.771453204562427800e+03 1.513853706762086444e-40
3.949572411658319197e+03 1.421356857713393489e-40
4.136103880610750821e+03 1.332919973829952840e-40
4.331444907986988255e+03 1.246026484803631255e-40
4.536011553983512385e+03 1.150595931275343175e-40
4.750239528599754522e+03 1.061839316854537251e-40
4.974585119664277954e+03 9.769522036108622438e-41
5.209526164690030782e+03 8.970137787695768845e-41
5.455563068628640394e+03 8.202636688760097367e-41
5.713219869691482927e+03 7.479434548376690558e-41
5.983045355507634667e+03 6.773600257845234092e-41
6.265614231996032686e+03 6.088094234659336371e-41
6.561528347441448204e+03 5.383142668975689476e-41
6.871417974381439308e+03 4.684103885739203609e-41
7.195943152034618834e+03 4.027041121426002420e-41
7.535795092129478689e+03 3.392546079183900385e-41
7.891697651128071811e+03 2.793540210200458785e-41
8.264408871980280310e+03 2.232357320136393674e-41
8.654722598692467727e+03 1.722029308432441328e-41
9.063470167149398549e+03 1.267676574996615799e-41
9.491522175790778419e+03 8.818640913158127299e-42
9.939790339913757634e+03 5.673484992145817514e-42
1.040922943355095049e+04 3.283328494053277923e-42
1.090083932305994313e+04 1.696078519124266999e-42
1.141566709675585662e+04 7.772869120628339001e-43
1.195480929512251350e+04 3.423289462834430198e-43
1.251941424635295516e+04 1.323749326963098297e-43
1.311068451219311464e+04 4.565519481460531313e-44
1.372987944929885452e+04 1.521297928600000854e-44
1.437831789156104969e+04 2.305532131108085582e-45
1.505738095911267919e+04 0.000000000000000000e+00
1.576851499999998487e+04 0.000000000000000000e+00
