1.776820000000000066e+00 0.000000000000000000e+00
1.860561694536090993e+00 0.000000000000000000e+00
1.948250143050511918e+00 0.000000000000000000e+00
2.040071356431288230e+00 0.000000000000000000e+00
2.136220112277180228e+00 0.000000000000000000e+00
2.236900368073585721e+00 3.979287301317491574e-42
2.342325693841467604e+00 7.460330210464483067e-42
2.452719725177061605e+00 1.398655654512350956e-41
2.568316637643390354e+00 2.622186397534204273e-41
2.689361643519895928e+00 4.916050266718947089e-41
2.816111511963926617e+00 9.215828180940402318e-41
2.948835113687485077e+00 1.303779413317555679e-40
3.087813991304642069e+00 1.844480523970535415e-40
3.233342956559479120e+00 2.609421503471680001e-40
3.385730715701443572e+00 3.691599710835191038e-40
3.545300524334693559e+00 5.222266559957845013e-40
3.712390873130564817e+00 6.519709876454716050e-40
3.887356205857724678e+00 8.139514922810466852e-40
4.070567671253157549e+00 1.024793801147260739e-39
4.262413910328905153e+00 1.327750978449763855e-39
4.463301880784634079e+00 1.690540400815693990e-39
4.673657720274862371e+00 2.062041130272730555e-39
4.893927650362040360e+00 2.473834982781033641e-39
5.124578923073034531e+00 2.924665162620157786e-39
5.366100812066894932e+00 3.405818635016153842e-39
5.619005650516471384e+00 3.941956534406009923e-39
5.883829917905468498e+00 4.495363515840153647e-39
6.161135378046368238e+00 5.137322308825583826e-39
6.451510270733225916e+00 5.889320717166515739e-39
6.755570559557190435e+00 6.761683115268591207e-39
7.073961238531675910e+00 7.670885515658485830e-39
7.407357700298915937e+00 8.463287040957092799e-39
7.756467168820202929e+00 9.188877514980982809e-39
8.122030199588969879e+00 9.914328690808472597e-39
8.504822250549048945e+00 1.064026756304372075e-38
8.905655327050451930e+00 1.144861555884791635e-38
9.325379704332096509e+00 1.231846346234802859e-38
9.764885731185263040e+00 1.329673038354118623e-38
1.022510571862392048e+01 1.428063483105789229e-38
1.070701591756823134e+01 1.528410818624221576e-38
1.121163858973652339e+01 1.641758841788987465e-38
1.174004417613850393e+01 1.759694950818619771e-38
1.229335356776984867e+01 1.885748281815935055e-38
1.287274048332479914e+01 2.017944549629621433e-38
1.347943395897059204e+01 2.156744353722317713e-38
1.411472095546518801e+01 2.306525247006398392e-38
1.477994908814870811e+01 2.446970136668216223e-38
1.547652948559961850e+01 2.568572147786206801e-38
1.620593978301966587e+01 2.709371218572756987e-38
1.696972725669730409e+01 2.876349699681070551e-38
1.776951210619873933e+01 3.021889695123502011e-38
1.860699089124880246e+01 3.145199363474794918e-38
1.948394013059256480e+01 3.273509732162235980e-38
2.040222007047143293e+01 3.407547244707907213e-38
2.136377863070799421e+01 3.546843771059508008e-38
2.237065553677018315e+01 3.686152690114165980e-38
2.342498664658002383e+01 3.822387713910796417e-38
2.452900848124527755e+01 3.970203914059846638e-38
2.568506296932489619e+01 4.103765018954959434e-38
2.689560241469216706e+01 4.219396741351109559e-38
2.816319469853367963e+01 4.358795392762307441e-38
2.949052872651910562e+01 4.496954506170169733e-38
3.088042013269642538e+01 4.604685128821841042e-38
3.233581725221242920e+01 4.700332721835394748e-38
3.385980737552803532e+01 4.794953400496371085e-38
3.545562329739538399e+01 4.897436680454052704e-38
3.712665017448884441e+01 4.995219087302784742e-38
3.887643270623677694e+01 5.084510235746244871e-38
4.070868265408662978e+01 5.168447909100322041e-38
4.262728671515368006e+01 5.246614614361100758e-38
4.463631476695564970e+01 5.306535012123199299e-38
4.674002850072226778e+01 5.356268957090152176e-38
4.894289046159375545e+01 5.429766270424796070e-38
5.124957351488455259e+01 5.498253038080792557e-38
5.366497075849301979e+01 5.549636678903128835e-38
5.619420590248396508e+01 5.600411370536310332e-38
5.884264413786178238e+01 5.640136515528427464e-38
6.161590351759002004e+01 5.661920910264821108e-38
6.451986687399934794e+01 5.678542804316025516e-38
6.756069429786430192e+01 5.695128946862056446e-38
7.074483620561971975e+01 5.697561831224612302e-38
7.407904702243672546e+01 5.686254922805368306e-38
7.757039951018316515e+01 5.680914552096672976e-38
8.122629977066216611e+01 5.669829785146753223e-38
8.505450295595485954e+01 5.646988199498290112e-38
8.906312971919290078e+01 5.615394578680967123e-38
9.326068344065760130e+01 5.572177476538116650e-38
9.765606826574655486e+01 5.526803175783609202e-38
1.022586079930716068e+02 5.472686723989792975e-38
1.070780658527544631e+02 5.408480780606179612e-38
1.121246652168750870e+02 5.352273675251637899e-38
1.174091112860059098e+02 5.297280015843860175e-38
1.229426137978341416e+02 5.221601761478147213e-38
1.287369108060436531e+02 5.139291715750604640e-38
1.348042935798979158e+02 5.058792619941406050e-38
1.411576326773424057e+02 4.972538176592243652e-38
1.478104052469351473e+02 4.876918558268085633e-38
1.547767236165193765e+02 4.782069597609332041e-38
1.620713652292835150e+02 4.686247281131178947e-38
1.697098039907100713e+02 4.588107664430392726e-38
1.777082430929094699e+02 4.486848417576011442e-38
1.860836493859675613e+02 4.384263498473946544e-38
1.948537893692189584e+02 4.284208456289409123e-38
2.040372668787905468e+02 4.185089848920208491e-38
2.136535625513643311e+02 4.085639143914725772e-38
2.237230751478704462e+02 3.985327861090023275e-38
2.342671648247695657e+02 3.881049842552114822e-38
2.453081984447152877e+02 3.773918812050611350e-38
2.568695970227120142e+02 3.666590769225398140e-38
2.689758854084150244e+02 3.561033796364569982e-38
2.816527443099616335e+02 3.456244480324994364e-38
2.949270647696911283e+02 3.352514881946274060e-38
3.088270052073096963e+02 3.250761573769559272e-38
3.233820511515057206e+02 3.149397961602919245e-38
3.386230777867214101e+02 3.047596354806707673e-38
3.545824154477600132e+02 2.949900263361014303e-38
3.712939182011597268e+02 2.855241298510139071e-38
3.887930356588143468e+02 2.762043516653047416e-38
4.071168881761768716e+02 2.670728691093137265e-38
4.263043455945605729e+02 2.581584276477049022e-38
4.463961096945751592e+02 2.491728590945570501e-38
4.674348005355959117e+02 2.401718021570121062e-38
4.894650468644252328e+02 2.314982508314556295e-38
5.125335807849203320e+02 2.231863439233765545e-38
5.366893368894102423e+02 2.152184398094263366e-38
5.619835560621853574e+02 2.072455000426696123e-38
5.884698941752558312e+02 1.992419297909287703e-38
6.162045359069506958e+02 1.916323910285400555e-38
6.452463139247992103e+02 1.842477141079256369e-38
6.756568336855117423e+02 1.769197915319931591e-38
7.075006041167961257e+02 1.700088640803223341e-38
7.408451744582198444e+02 1.635431736455527617e-38
7.757612775513961196e+02 1.572645915561596103e-38
8.123229798834481699e+02 1.511345493452106475e-38
8.506078387020380660e+02 1.451492255886956922e-38
8.906970665352405376e+02 1.395256187670782267e-38
9.326757034652539460e+02 1.342201955025259442e-38
9.766327975213886248e+02 1.289343152367351966e-38
1.022661593574991230e+03 1.237408819368097013e-38
1.070859731137011750e+03 1.187582293287955490e-38
1.121329451477775592e+03 1.140261348554013151e-38
1.174177814508343999e+03 1.095141916028741471e-38
1.229516925883504427e+03 1.050598752629395088e-38
1.287464174808150801e+03 1.006908742038451570e-38
1.348142483051498402e+03 9.646333930708121294e-39
1.411680565697363363e+03 9.243523324760271825e-39
1.478213204183628022e+03 8.860377800521774818e-39
1.547881532210080877e+03 8.491833550444540897e-39
1.620833335121120399e+03 8.140169946109328017e-39
1.697223363398394667e+03 7.808851527603563835e-39
1.777213660928378204e+03 7.485307529853362972e-39
1.860973908741230616e+03 7.166817163531127058e-39
1.948681784950100109e+03 6.862852158735585475e-39
2.040523341654401065e+03 6.575123820494092623e-39
2.136693399606577714e+03 6.304296536783265202e-39
2.237395961479550806e+03 6.040569555763321911e-39
2.342844644611494459e+03 5.782135393699390071e-39
2.453263134145928234e+03 5.540661502160581125e-39
2.568885657528320280e+03 5.310356994750053266e-39
2.689957481365783678e+03 5.080840632300752213e-39
2.816735431703807080e+03 4.862421315685340630e-39
2.949488438823675551e+03 4.658481620342948383e-39
3.088498107716250161e+03 4.463214775660294615e-39
3.234059315442226762e+03 4.274047702854299800e-39
3.386480836646041553e+03 4.088463047708114308e-39
3.546085998550308432e+03 3.911287678369784735e-39
3.713213366820200463e+03 3.743777749338196807e-39
3.888217463752690492e+03 3.579768164572061744e-39
4.071469520314116380e+03 3.421132735516835684e-39
4.263358263621345031e+03 3.272539988295736303e-39
4.464290741537002759e+03 3.132353082084725262e-39
4.674693186127951776e+03 2.999153240496928053e-39
4.895011917818654183e+03 2.870430410449912819e-39
5.125714292157357704e+03 2.747448199777696720e-39
5.367289691203466646e+03 2.633307852642494522e-39
5.620250561639116313e+03 2.522435620896527438e-39
5.885133501806987624e+03 2.413089518017241128e-39
6.162500399980374823e+03 2.312472161564899967e-39
6.452939626279997356e+03 2.219102954673551269e-39
6.757067280765975738e+03 2.127826477752946192e-39
7.075528500352495939e+03 2.039073970883377949e-39
7.408998827317481300e+03 1.953433844940282761e-39
7.758185642310264484e+03 1.872533065300867356e-39
8.123829664897039947e+03 1.795779639441400540e-39
8.506706524827162866e+03 1.721471798651346646e-39
8.907628407353389775e+03 1.650312707882405722e-39
9.327445776096197733e+03 1.582835619687609513e-39
9.767049177106879142e+03 1.517015022095013467e-39
1.022737112795630856e+04 1.453603592257300204e-39
1.070938809585657691e+04 1.395081428025008826e-39
1.121412256901180444e+04 1.338750813699469942e-39
1.174264522559180114e+04 1.282993564131756082e-39
1.229607720492971748e+04 1.230156112219565108e-39
1.287559248576141181e+04 1.180527098531164723e-39
1.348242037655159947e+04 1.133717305562957995e-39
1.411784812318904915e+04 1.089241492831856579e-39
1.478322363958295864e+04 1.047058848561806359e-39
1.547995836695245816e+04 1.006544908883218334e-39
1.620953026787474664e+04 9.673675172859488354e-40
1.697348696144296991e+04 9.288530486647727824e-40
1.777344900618444444e+04 8.926093801921628971e-40
1.861111333770293641e+04 8.596752358995209809e-40
1.948825686833767759e+04 8.275369601825273281e-40
2.040674025647446615e+04 7.957770494820175915e-40
2.136851185350457672e+04 7.650389364354212468e-40
2.237561183680452814e+04 7.357404467281761515e-40
2.343017653750343379e+04 7.085833968462921474e-40
2.453444297221843226e+04 6.831346870867401746e-40
2.569075358837125532e+04 6.592066608448411354e-40
2.690156123315202785e+04 6.363235599157592127e-40
2.816943435667076483e+04 6.140909329991816016e-40
2.949706246033393472e+04 5.922406265351920307e-40
3.088726180200348244e+04 5.716194217959565719e-40
3.234298137004056480e+04 5.523244241286495424e-40
3.386730913890653028e+04 5.339585015203811182e-40
3.546347861959094007e+04 5.165631856546667783e-40
3.713487571876191942e+04 5.006705844491163539e-40
3.888504592118887376e+04 4.852874840219163701e-40
4.071770181067350495e+04 4.703703411883012314e-40
4.263673094544295600e+04 4.562512121090452954e-40
4.464620410471107607e+04 4.429098607278620767e-40
4.675038392390080844e+04 4.302928298747309782e-40
4.895373393684544135e+04 4.180812555177847199e-40
5.126092804414971761e+04 4.062606941502774399e-40
5.367686042779563286e+04 3.952168688370249623e-40
5.620665593302455090e+04 3.845894945898034174e-40
5.885568093951846822e+04 3.745726806515979741e-40
6.162955474494095688e+04 3.644876232062797573e-40
6.453416148498561233e+04 3.548006749034750363e-40
6.757566261521739943e+04 3.468994760353006778e-40
7.076050998118439747e+04 3.407231913698509996e-40
7.409545950452517718e+04 3.345962894434934136e-40
7.758758551410367363e+04 3.278783000158662913e-40
8.124429575257177930e+04 3.205738360989078308e-40
8.507334709019276488e+04 3.126705866843431956e-40
8.908286197925849410e+04 3.044860341771239742e-40
9.328134568400507851e+04 2.961591882326792505e-40
9.767770432257594075e+04 2.873605248992886780e-40
1.022812637593041436e+05 2.780717352756825365e-40
1.071017893873908324e+05 2.682731718550457409e-40
1.121495068439410970e+05 2.579355491025021478e-40
1.174351237013034552e+05 2.470229394703631333e-40
1.229698521807232173e+05 2.354946369806881331e-40
1.287654329364927253e+05 2.233164420487112190e-40
1.348341599610508129e+05 2.104796121198846516e-40
1.411889066638618824e+05 1.970296729877158901e-40
1.478431531793951290e+05 1.830348215575194267e-40
1.548110149621313903e+05 1.680424576949011272e-40
1.621072727292552590e+05 1.480436442592557858e-40
1.697474038145492668e+05 1.096790911859163368e-40
1.777476149999999325e+05 9.403159488013405713e-41
