1.776820000000000066e+00 0.000000000000000000e+00
1.860615928155020971e+00 0.000000000000000000e+00
1.948363724014908538e+00 0.000000000000000000e+00
2.040249760100388610e+00 0.000000000000000000e+00
2.136469198375323675e+00 0.000000000000000000e+00
2.237226404762281184e+00 0.000000000000000000e+00
2.342735383206904665e+00 0.000000000000000000e+00
2.453220230213034370e+00 0.000000000000000000e+00
2.568915610813981676e+00 0.000000000000000000e+00
2.690067256990904543e+00 0.000000000000000000e+00
2.816932489596899014e+00 0.000000000000000000e+00
2.949780764895356899e+00 0.000000000000000000e+00
3.088894246873404192e+00 0.000000000000000000e+00
3.234568406546000308e+00 0.000000000000000000e+00
3.387112649523583041e+00 0.000000000000000000e+00
3.546850973176198352e+00 0.000000000000000000e+00
3.714122654789889566e+00 0.000000000000000000e+00
3.889282972176967945e+00 0.000000000000000000e+00
4.072703958270713187e+00 0.000000000000000000e+00
4.264775191307217383e+00 0.000000000000000000e+00
4.465904622272703683e+00 0.000000000000000000e+00
4.676519441373759634e+00 0.000000000000000000e+00
4.897066985370852166e+00 0.000000000000000000e+00
5.128015687702243142e+00 2.178659876301216955e-46
5.369856073416337416e+00 5.582951474504635512e-46
5.623101801025660151e+00 1.756615940122483374e-45
5.888290753495304841e+00 4.597044261208363202e-45
6.165986180683070472e+00 1.099902994755781773e-44
6.456777895657784150e+00 2.339330671001268861e-44
6.761283527436729557e+00 4.356395601833516304e-44
7.080149832802955068e+00 7.146805783614251901e-44
7.414054069988678997e+00 1.092586158746790918e-43
7.763705437142476740e+00 1.707564762427630951e-43
8.129846578635445908e+00 2.557631089931951415e-43
8.513255162405707566e+00 3.796248586936632420e-43
8.914745531691460556e+00 5.508192764881989413e-43
9.335170434660760463e+00 7.472273023049666370e-43
9.775422835611733419e+00 9.813315667136830243e-43
1.023643781159009336e+01 1.295629596484404272e-42
1.071919453845232084e+01 1.739454957664360721e-42
1.122471837059280197e+01 2.147551398784051918e-42
1.175408301875217454e+01 2.558996631269033467e-42
1.230841283053249491e+01 3.022459514765095813e-42
1.288888517846286241e+01 3.542939626620786225e-42
1.349673296068772821e+01 4.140222560966154482e-42
1.413324721958918850e+01 4.647112252792903807e-42
1.479977988390512422e+01 5.148287271125981256e-42
1.549774664016734427e+01 5.700545251312556719e-42
1.622862993955849120e+01 6.290129656353239249e-42
1.699398214657420425e+01 6.917123881071517037e-42
1.779542883617813587e+01 7.425398186244668433e-42
1.863467224645276588e+01 7.908378671933342832e-42
1.951349489407948923e+01 8.400060021055796123e-42
2.043376336032685714e+01 8.907138542631285371e-42
2.139743225558841999e+01 9.421162872023153779e-42
2.240654837089059370e+01 9.799574331422772314e-42
2.346325502518824280e+01 1.014265083991286817e-41
2.456979661768135159e+01 1.046755513726257199e-41
2.572852339482180284e+01 1.078397955720453948e-41
2.694189644213513901e+01 1.109765918088620379e-41
2.821249291145964477e+01 1.128207434735888328e-41
2.954301149470538945e+01 1.141903830489321670e-41
3.093627815575900541e+01 1.154974037523202029e-41
3.239525213270868420e+01 1.167376736326278368e-41
3.392303222313778832e+01 1.178525857827322329e-41
3.552286336583682669e+01 1.178210566081798742e-41
3.719814353291300080e+01 1.174390538716832725e-41
3.895243094693587693e+01 1.169923717583859520e-41
4.078945163844815625e+01 1.164565746710458123e-41
4.271310735989326446e+01 1.158649913418128465e-41
4.472748387276870830e+01 1.143573669401223120e-41
4.683685962560657146e+01 1.126673959430239257e-41
4.904571484121317582e+01 1.109003943993830316e-41
5.135874103246830202e+01 1.091175035676418331e-41
5.378085096689555655e+01 1.073511199187808140e-41
5.631718910116794063e+01 1.049594033364664812e-41
5.897314250771119504e+01 1.024141098309845688e-41
6.175435231661247570e+01 9.992609323777998349e-42
6.466672569713649921e+01 9.746489155401309443e-42
6.771644840429743795e+01 9.500800098026950867e-42
7.090999791713483091e+01 9.212871782388875318e-42
7.425415719659865488e+01 8.923095018483217048e-42
7.775602909226495285e+01 8.640925416546357180e-42
8.142305142848086064e+01 8.360143970014507522e-42
8.526301280198157428e+01 8.089209463974315259e-42
8.928406912453280597e+01 7.786692733331971671e-42
9.349476094573431340e+01 7.485028253616802589e-42
9.790403159277767031e+01 7.190278355858873406e-42
1.025212461656861223e+02 6.905795219282273084e-42
1.073562114283819113e+02 6.629670604797852286e-42
1.124191966378278948e+02 6.345591901519336722e-42
1.177209553554856711e+02 6.067829520873987722e-42
1.232727482874139469e+02 5.800511333372793558e-42
1.290863672015211705e+02 5.543146761703291683e-42
1.351741599727706102e+02 5.293338754973831203e-42
1.415490568095314643e+02 5.025137830522406829e-42
1.482245977167829665e+02 4.765048621732259906e-42
1.552149612544976662e+02 4.518112434791363284e-42
1.625349946522905782e+02 4.282012074135634557e-42
1.702002453442908063e+02 4.058509704381764073e-42
1.782269939912202972e+02 3.826659928447757780e-42
1.866322890598110860e+02 3.602126725097257466e-42
1.954339830330121686e+02 3.389860851068529960e-42
2.046507703278893473e+02 3.188944544834836341e-42
2.143022270017593485e+02 2.998367085350980555e-42
2.244088523308867593e+02 2.802059869324977788e-42
2.349921123500614044e+02 2.614487047271537037e-42
2.460744854455255108e+02 2.437663813042854609e-42
2.576795100980939992e+02 2.271713098285616084e-42
2.698318348778697100e+02 2.116118748744825559e-42
2.825572707967377823e+02 1.944156611318701853e-42
2.958828461298398338e+02 1.783296654681804912e-42
3.098368638224586107e+02 1.634120431597430062e-42
3.244489616042507691e+02 1.497279445128945778e-42
3.397501749384999812e+02 1.370705424254602204e-42
3.557730029400997864e+02 1.253181158627566190e-42
3.725514774022649362e+02 1.145133486607783474e-42
3.901212350785897343e+02 1.044584709767013866e-42
4.085195933739678935e+02 9.518945602428300749e-43
4.277856296051465961e+02 8.655120109435025995e-43
4.479602639992571653e+02 7.609492453871008615e-43
4.690863466066037404e+02 6.655925083983584951e-43
4.912087483123187894e+02 5.819671532012177905e-43
5.143744561401776991e+02 5.074902834506911603e-43
5.386326730510076004e+02 4.418331822023487736e-43
5.640349224476423160e+02 3.836880277411892577e-43
5.906351576084047110e+02 3.321467281760472772e-43
6.184898762815300870e+02 2.866920893098265093e-43
6.476582406839430632e+02 2.465630558671391853e-43
6.782022031592413214e+02 2.113954290836471450e-43
7.101866377617941453e+02 1.730558917970364655e-43
7.436794780464283576e+02 1.405363704557387246e-43
7.787518613563535155e+02 1.130831292154836016e-43
8.154782799158060698e+02 8.819332353877906374e-44
8.539367390483034796e+02 6.716090417678814437e-44
8.942089228565819212e+02 4.978511071112453945e-44
9.363803677160880170e+02 3.562379075450888050e-44
9.805406439505463823e+02 2.450742675707099433e-44
1.026783546075441791e+03 1.586311736681937369e-44
1.075207292013520146e+03 9.435441416579538288e-45
1.125914731705396889e+03 4.770839065732327684e-45
1.179013565558383561e+03 2.979472042594046466e-45
1.234616573197495200e+03 1.763531540543823219e-45
1.292841853004484165e+03 9.887952473368113851e-46
1.353813072953701749e+03 5.317689780223088712e-46
1.417659733277513396e+03 2.543891198678461257e-46
1.484517441519197973e+03 1.049336192353150241e-46
1.554528200557489072e+03 3.856641851657273128e-47
1.627840710214556566e+03 1.021563097511069950e-47
1.704610683087979623e+03 0.000000000000000000e+00
1.785001175277578341e+03 0.000000000000000000e+00
1.869182932709501301e+03 0.000000000000000000e+00
1.957334753793187247e+03 0.000000000000000000e+00
2.049643869181454647e+03 0.000000000000000000e+00
2.146306339440291140e+03 0.000000000000000000e+00
2.247527471473027163e+03 0.000000000000000000e+00
2.353522254583295762e+03 0.000000000000000000e+00
2.464515817103025711e+03 0.000000000000000000e+00
2.580743904555257814e+03 0.000000000000000000e+00
2.702453380367452155e+03 0.000000000000000000e+00
2.829902750198704780e+03 0.000000000000000000e+00
2.963362710994589634e+03 0.000000000000000000e+00
3.103116725935761224e+03 0.000000000000000000e+00
3.249461626501465162e+03 0.000000000000000000e+00
3.402708242926773437e+03 0.000000000000000000e+00
3.563182064392530265e+03 0.000000000000000000e+00
3.731223930350307910e+03 0.000000000000000000e+00
3.907190754450624809e+03 0.000000000000000000e+00
4.091456282612120958e+03 0.000000000000000000e+00
4.284411886841682644e+03 0.000000000000000000e+00
4.486467396491679210e+03 0.000000000000000000e+00
4.698051968719741126e+03 0.000000000000000000e+00
4.919614999999999782e+03 0.000000000000000000e+00
