1.776820000000000066e+00 0.000000000000000000e+00
1.860512344576966237e+00 0.000000000000000000e+00
1.948146792766448199e+00 0.000000000000000000e+00
2.039909026795061919e+00 0.000000000000000000e+00
2.135993474953117754e+00 0.000000000000000000e+00
2.236603723554511092e+00 0.000000000000000000e+00
2.341952948300884074e+00 0.000000000000000000e+00
2.452264365964035076e+00 0.000000000000000000e+00
2.567771707343622367e+00 0.000000000000000000e+00
2.688719712502269932e+00 0.000000000000000000e+00
2.815364649327396496e+00 9.680390588118868393e-43
2.947974856518512432e+00 2.050290540338599130e-42
3.086831312150473128e+00 1.554439360614926628e-41
3.232228229017385601e+00 2.507066587849307811e-41
3.384473678018590448e+00 4.592193848391196957e-41
3.543890240907574540e+00 8.190223931709155317e-41
3.710815693786867264e+00 1.169236291228871258e-40
3.885603722797135617e+00 1.671010101449120512e-40
4.068624673516894497e+00 2.389972694514308682e-40
4.260266335660681136e+00 3.370870243151562297e-40
4.460934764738339275e+00 4.678647720454754842e-40
4.671055142416353334e+00 6.023990972645692551e-40
4.891072677404208591e+00 7.735444001177519071e-40
5.121453548774576703e+00 9.832995107696515118e-40
5.362685893716085062e+00 1.227961206468644974e-39
5.615280841811515877e+00 1.509357816911743106e-39
5.879773598032926429e+00 1.776118507255433692e-39
6.156724576748340283e+00 2.088247317206881995e-39
6.446720589142786118e+00 2.430773932966144185e-39
6.750376086569628953e+00 2.786233198491284168e-39
7.068334462466624224e+00 3.174194789432675346e-39
7.401269415595248979e+00 3.527123406441693879e-39
7.749886377491760570e+00 3.893511620893265156e-39
8.114924007154517227e+00 4.282248368111833363e-39
8.497155756134533888e+00 4.698458178057400031e-39
8.897391507345441042e+00 5.127402035817751029e-39
9.316479291065192569e+00 5.488547979703875325e-39
9.755307081765431931e+00 5.837977448479678037e-39
1.021480467957569971e+01 6.185517523238414967e-39
1.069594568036894344e+01 6.543971035123563486e-39
1.119974953864269018e+01 6.917329915877079222e-39
1.172728372756661130e+01 7.238756986881426733e-39
1.227966600077344239e+01 7.547805775666509981e-39
1.285806676068541066e+01 7.828480455517032040e-39
1.346371153839442236e+01 8.094358182960025733e-39
1.409788359035026417e+01 8.342024078223359981e-39
1.476192661735894340e+01 8.520305502776288925e-39
1.545724761165205763e+01 8.687045850830644366e-39
1.618531983805984353e+01 8.847488019655157169e-39
1.694768595560428182e+01 8.997398950148422941e-39
1.774596128612659385e+01 9.126622717392722118e-39
1.858183723687455924e+01 9.187221645931540615e-39
1.945708488430177496e+01 9.241871541183475420e-39
2.037355872667200529e+01 9.284557461715602213e-39
2.133320061342006468e+01 9.314288551083280360e-39
2.233804385959463090e+01 9.336122859441792069e-39
2.339021755410087877e+01 9.291634292129655001e-39
2.449195107087130907e+01 9.235473363021452260e-39
2.564557879252322081e+01 9.189625272939314305e-39
2.685354505651146084e+01 9.127749298810905238e-39
2.811840933425634148e+01 9.040375550625972807e-39
2.944285165422054007e+01 8.921428998284334341e-39
3.082967828042551162e+01 8.786634149173344666e-39
3.228182765843924784e+01 8.647382183019957183e-39
3.380237664143378851e+01 8.511851172086015276e-39
3.539454700950444277e+01 8.372710363189921833e-39
3.706171229606417228e+01 8.214298244216859953e-39
3.880740493577702210e+01 8.049330107784537332e-39
4.063532374917564027e+01 7.873896529714794944e-39
4.254934177982174504e+01 7.701958557631817902e-39
4.455351450061503726e+01 7.531273544311458256e-39
4.665208840663833456e+01 7.344460336963616627e-39
4.884951001274559701e+01 7.159479562168868965e-39
5.115043527495712539e+01 6.981327159636812121e-39
5.355973945562455896e+01 6.802229762878582365e-39
5.608252745326790745e+01 6.618153720148095459e-39
5.872414461897186300e+01 6.427379674576446435e-39
6.149018808225943644e+01 6.236617081854655678e-39
6.438651861044063196e+01 6.052049344450957360e-39
6.741927302656394261e+01 5.865770047688976680e-39
7.059487721228212820e+01 5.680891844224306876e-39
7.392005972318305851e+01 5.495756047224435035e-39
7.740186604543434612e+01 5.313354745137930598e-39
8.104767352394914326e+01 5.125510304478838310e-39
8.486520699370289833e+01 4.945924640230137936e-39
8.886255514732150118e+01 4.772219855645431762e-39
9.304818767362087328e+01 4.600252721562926978e-39
9.743097320341166778e+01 4.438918406865156690e-39
1.020201981005926228e+02 4.273917147548484716e-39
1.068255861383483989e+02 4.116480845600056428e-39
1.118573191021416449e+02 3.965879279613001235e-39
1.171260583631540015e+02 3.815598570703085837e-39
1.226429674678866206e+02 3.670288966559636237e-39
1.284197357917821876e+02 3.533271116986661446e-39
1.344686033069884843e+02 3.400245920356063119e-39
1.408023865167405688e+02 3.271978544935310045e-39
1.474345056113130852e+02 3.146512001929946442e-39
1.543790129030797118e+02 3.020330801660688168e-39
1.616506226009312286e+02 2.904180984290502759e-39
1.692647419871369721e+02 2.792126801962320889e-39
1.772375040627095473e+02 2.680106775685889046e-39
1.855858017304405791e+02 2.571079570042363612e-39
1.943273235880380412e+02 2.466680913513297063e-39
2.034805914072036614e+02 2.365898622539208657e-39
2.130649993780598379e+02 2.267964450190784798e-39
2.231008552020824425e+02 2.173342912741013319e-39
2.336094231206046743e+02 2.083948133547041533e-39
2.446129689700636050e+02 1.998220956040720182e-39
2.561348073594544985e+02 1.914929735238153240e-39
2.681993510699498984e+02 1.836135458228528851e-39
2.808321627813583063e+02 1.759740709692857981e-39
2.940600092350183559e+02 1.686649624127170956e-39
3.079109179478892315e+02 1.615873109357565229e-39
3.224142365980085287e+02 1.546469971079712494e-39
3.376006952071418254e+02 1.479279256565911816e-39
3.535024712523793937e+02 1.414377598105009132e-39
3.701532578446417006e+02 1.352740560831766610e-39
3.875883351185471497e+02 1.294699304570259335e-39
4.058446449849115538e+02 1.237946203037139296e-39
4.249608694042640877e+02 1.183260584097961123e-39
4.449775123472234668e+02 1.130658727343474817e-39
4.659369856154022500e+02 1.080612923266654864e-39
4.878836987046726676e+02 1.032692205308066231e-39
5.108641529012011233e+02 9.867568918126834819e-40
5.349270398096260806e+02 9.441970334767635334e-40
5.601233445221372449e+02 9.034904419687826254e-40
5.865064536470620169e+02 8.628454125689930365e-40
6.141322684258492473e+02 8.243084823829813360e-40
6.430593231781203940e+02 7.877236743877341704e-40
6.733489093257629747e+02 7.524878356600180820e-40
7.050652052588437755e+02 7.198814955287892771e-40
7.382754123185075059e+02 6.864901194761746120e-40
7.730498971849897316e+02 6.548346106270661686e-40
8.094623409724273415e+02 6.247383812026642155e-40
8.475898953463881753e+02 5.952845677453088870e-40
8.875133459948980317e+02 5.671666965250099042e-40
9.293172837993249686e+02 5.410099619051455783e-40
9.730902840678180610e+02 5.159665096977499021e-40
1.018925094211052851e+03 4.921599004983053495e-40
1.066918830257938907e+03 4.691639744885542321e-40
1.117173182627679125e+03 4.469431105957376491e-40
1.169794631594159910e+03 4.254346296111896967e-40
1.224894672899222996e+03 4.049561443601573950e-40
1.282590053992847061e+03 3.855668271127089089e-40
1.343003021400777925e+03 3.668706728610616524e-40
1.406261579743762468e+03 3.491724942586147690e-40
1.472499762957180110e+03 3.322782555987309093e-40
1.541857918285751111e+03 3.158519139282177189e-40
1.614483003655060202e+03 2.997509692796168597e-40
1.690528899049954362e+03 2.846450979764543759e-40
1.770156732559598595e+03 2.703251629499316623e-40
1.853535221780012535e+03 2.562806635046787339e-40
1.940841031297441077e+03 2.427233232381642551e-40
2.032259147010040806e+03 2.297595080498648968e-40
2.127983268080974995e+03 2.176183919844814664e-40
2.228216217353410229e+03 2.056301051490142888e-40
2.333170371097023690e+03 1.943074420367211400e-40
2.443068108996541923e+03 1.834637000212404664e-40
2.558142285335807173e+03 1.731451830548201686e-40
2.678636722375706540e+03 1.633395863212850547e-40
2.804806726971323769e+03 1.537704684417651443e-40
2.936919631522982854e+03 1.436322455561096210e-40
3.075255360407326862e+03 1.340742141506172878e-40
3.220107023088616188e+03 1.250419062652083520e-40
3.371781535166960111e+03 1.163663370638667350e-40
3.530600268679329474e+03 1.083039079496727134e-40
3.696899733031281357e+03 1.003850835812668904e-40
3.871032288002156747e+03 9.289135063586708836e-41
4.053366890334436448e+03 8.591436107613137375e-41
4.244289875489229416e+03 7.912047032541822522e-41
4.444205776224236615e+03 7.259571345933784042e-41
4.653538179728641808e+03 6.560886929828510614e-41
4.872730625131057423e+03 5.901072424457034805e-41
5.102247543282141123e+03 5.281315061948367077e-41
5.342575240803184897e+03 4.714295821836793297e-41
5.594222930485691904e+03 4.120576356908297327e-41
5.857723810225102170e+03 3.564726553951143061e-41
6.133636192774861229e+03 3.032102805292367907e-41
6.422544688714499898e+03 2.525387477777821621e-41
6.725061445138251656e+03 2.053758962571329253e-41
7.041827442688811061e+03 1.621553984874574009e-41
7.373513853684326932e+03 1.235222867880083622e-41
7.720823464216387038e+03 9.018071533647334969e-42
8.084492163232116582e+03 6.203165340625096510e-42
8.465290501755440346e+03 3.916808477740327321e-42
8.864025325551345304e+03 2.255801120850639057e-42
9.281541484692397717e+03 1.160494068483346203e-42
9.718723623649788351e+03 5.217529175903447713e-43
1.017649805570188437e+04 2.204745662605137347e-43
1.065583472563166652e+04 8.428677788922495644e-44
1.115774926487186895e+04 2.635073170583137226e-44
1.168330514345217307e+04 8.689341745403090965e-45
1.223361592330812164e+04 0.000000000000000000e+00
1.280984761772611091e+04 0.000000000000000000e+00
1.341322116192370777e+04 0.000000000000000000e+00
1.404501500000000851e+04 0.000000000000000000e+00
