1.776820000000000066e+00 0.000000000000000000e+00
1.860563112613346393e+00 0.000000000000000000e+00
1.948253112874384296e+00 0.000000000000000000e+00
2.040076021120994731e+00 0.000000000000000000e+00
2.136226624995626100e+00 0.000000000000000000e+00
2.236908892656186421e+00 2.317645310900987196e-42
2.342336405461931115e+00 4.256923215516550439e-42
2.452732811052221074e+00 7.818882025463620230e-42
2.568332297779293061e+00 1.436129172010440974e-41
2.689380091501462733e+00 2.637802939068007242e-41
2.816132975790641257e+00 4.844395350834728108e-41
2.948859836657692135e+00 6.806535989521692636e-41
3.087842232951182542e+00 9.563413527242249285e-41
3.233374993639534623e+00 1.343692824641606978e-40
3.385766843243620983e+00 1.887936545095152793e-40
3.545341056746555530e+00 2.652387202976722838e-40
3.712436145369965246e+00 3.302536086700090526e-40
3.887406574671511628e+00 4.112065357020436857e-40
4.070623516486991278e+00 5.304023017004848389e-40
4.262475636312131222e+00 6.821426887802011130e-40
4.463369917794404174e+00 8.804538022163796068e-40
4.673732526083863803e+00 1.112356167300726819e-39
4.894009711874489632e+00 1.409728881002113043e-39
5.124668758053797291e+00 1.734370593919128356e-39
5.366198970968890869e+00 2.052615870060761017e-39
5.619112718411777507e+00 2.379564042230139872e-39
5.883946516525848658e+00 2.696564693156103525e-39
6.161262167939232981e+00 3.038956291329031604e-39
6.451647953539398017e+00 3.444436145525320170e-39
6.755719880417142775e+00 3.927054081361216637e-39
7.074122988627314257e+00 4.436232911263054214e-39
7.407532719538312271e+00 4.886963503191512552e-39
7.756656348673138801e+00 5.321000662777177029e-39
8.122234486081520544e+00 5.815298524014229627e-39
8.505042647425904434e+00 6.383929687792257073e-39
8.905892899114148165e+00 6.975439643556167563e-39
9.325635580968762994e+00 7.512265383737759591e-39
9.765161110087127838e+00 8.065305955777288222e-39
1.022540186971922083e+01 8.766943504069744502e-39
1.070733418716984708e+01 9.578179325712685101e-39
1.121198040492116732e+01 1.020949727530486651e-38
1.174041104936907942e+01 1.079949126644458413e-38
1.229374710177410357e+01 1.165325641824841272e-38
1.287316237624414583e+01 1.251503774780526164e-38
1.347988600979380891e+01 1.333131844174591196e-38
1.411520506976230571e+01 1.434978554899614036e-38
1.478046728412143551e+01 1.547190473448585571e-38
1.547708390046527782e+01 1.659137232220571393e-38
1.620653267974672573e+01 1.759236141979949792e-38
1.697036103111147654e+01 1.847646287240171717e-38
1.777018929447946860e+01 1.949544125230344920e-38
1.860771417783741555e+01 2.059276530095406735e-38
1.948471235653396505e+01 2.174433294820375423e-38
2.040304424221280399e+01 2.287989540055905252e-38
2.136465792937904240e+01 2.397238284864051009e-38
2.237159332797069666e+01 2.502761658302176700e-38
2.342598649070199457e+01 2.605611785873757900e-38
2.453007414435829858e+01 2.717484990153100494e-38
2.568619843465484820e+01 2.830813438173696077e-38
2.689681189472512557e+01 2.945484544015284345e-38
2.816448264777831412e+01 3.076729284497488321e-38
2.949189985496278865e+01 3.208165267488892685e-38
3.088187941999227704e+01 3.321447539338115387e-38
3.233736996263597518e+01 3.423291268727207018e-38
3.386145907374485375e+01 3.521150272783490391e-38
3.545737986508266459e+01 3.632940001743161047e-38
3.712851782785649135e+01 3.752913635655508333e-38
3.887841801449601320e+01 3.878883870777673437e-38
4.071079255891619653e+01 3.995779658258918335e-38
4.262952855121699969e+01 4.098913518790907315e-38
4.463869628352440344e+01 4.203610341407358510e-38
4.674255788446547655e+01 4.306945918736449644e-38
4.894557636059398931e+01 4.411700252794944059e-38
5.125242506394623376e+01 4.525230973028037732e-38
5.366799760581156420e+01 4.647578795486874241e-38
5.619741823774744205e+01 4.754528942235489679e-38
5.884605272186117730e+01 4.845189979267601640e-38
6.161951971341786560e+01 4.936676199883691330e-38
6.452370267992039032e+01 5.024540632461308858e-38
6.756476238194686346e+01 5.106127252346820731e-38
7.074914994222049813e+01 5.179682303832326979e-38
7.408362053063679298e+01 5.241635856094894940e-38
7.757524769427833178e+01 5.296766296584988090e-38
8.123143836281545305e+01 5.345931993736919488e-38
8.505994856112558011e+01 5.389802299070595299e-38
8.906889986246152091e+01 5.427488272618442450e-38
9.326679661707314040e+01 5.454422799707005000e-38
9.766254399282850329e+01 5.475489605113407741e-38
1.022654668661061379e+02 5.490682622814706979e-38
1.070853296030321644e+02 5.499457033342189973e-38
1.121323567730234743e+02 5.498518447734868670e-38
1.174172548385805754e+02 5.491923554564986586e-38
1.229512348673383570e+02 5.488662266828877881e-38
1.287460363145561075e+02 5.479050642530674311e-38
1.348139519264986461e+02 5.457761154130431613e-38
1.411678538175348478e+02 5.430748385232270941e-38
1.478212207762737194e+02 5.393845124373676678e-38
1.547881668586623505e+02 5.350256856814903225e-38
1.620834713287033821e+02 5.301513865915462704e-38
1.697226100103041517e+02 5.248872480198539828e-38
1.777217881167661915e+02 5.193654093418234670e-38
1.860979746275593527e+02 5.133119808448102857e-38
1.948689382853025336e+02 5.059912151419306084e-38
2.040532852893150846e+02 4.985583787760181113e-38
2.136704987656977721e+02 4.917064500190995292e-38
2.237409800976760152e+02 4.844689160354332407e-38
2.342860922038769900e+02 4.762365008723055468e-38
2.453282048563518742e+02 4.671080974958121331e-38
2.568907421344753743e+02 4.578541778424316515e-38
2.689982321153925682e+02 4.489548936220267236e-38
2.816763589064185567e+02 4.396742006809999645e-38
2.949520171297711499e+02 4.299918165177594689e-38
3.088533689752208602e+02 4.202085292578679846e-38
3.234099039416798860e+02 4.103798215291129427e-38
3.386525013944659577e+02 4.005327741643153973e-38
3.546134960709486563e+02 3.905863215553878453e-38
3.713267466735317726e+02 3.804413816453260584e-38
3.888277076954864810e+02 3.705185400469308539e-38
4.071535046319978619e+02 3.604951569816537411e-38
4.263430127359790163e+02 3.501486408465977742e-38
4.464369394857133670e+02 3.399279562184302410e-38
4.674779109392705436e+02 3.299479257763020486e-38
4.895105621588870122e+02 3.201615268961073133e-38
5.125816318971243390e+02 3.104065693710648254e-38
5.367400617456702321e+02 3.005725450446546697e-38
5.620370999571164248e+02 2.909184117432408244e-38
5.885264101599433388e+02 2.814583810069412951e-38
6.162641851973435223e+02 2.723740488643890903e-38
6.453092663313655066e+02 2.635218306719773572e-38
6.757232680652625731e+02 2.547697633542599024e-38
7.075707088488245518e+02 2.461661522534867485e-38
7.409191479439675732e+02 2.377455250723774627e-38
7.758393287409282948e+02 2.295396787832838127e-38
8.124053288290712089e+02 2.214831577388319456e-38
8.506947171406709458e+02 2.135266209092826711e-38
8.907887185010166604e+02 2.058986176526483862e-38
9.327723859339183718e+02 1.985265800879172844e-38
9.767347810881180976e+02 1.911200015271721574e-38
1.022769163167357306e+03 1.839322809537151457e-38
1.070973186764897491e+03 1.772322150062188107e-38
1.121449109022148377e+03 1.707027228551763708e-38
1.174304006550867143e+03 1.642719654577324612e-38
1.229650002579104239e+03 1.580325387536544905e-38
1.287604504802730162e+03 1.520234218148753195e-38
1.348290454447122102e+03 1.462707772331590105e-38
1.411836587067344908e+03 1.406476662152945599e-38
1.478377705640088607e+03 1.351229466340639308e-38
1.548054966526661474e+03 1.298159543091091094e-38
1.621016178913673912e+03 1.246940178517342238e-38
1.697416118366642195e+03 1.197082857281450941e-38
1.777416855161640569e+03 1.148774877301346947e-38
1.861188098091515258e+03 1.102162223874890501e-38
1.948907554476009182e+03 1.057518875299439494e-38
2.040761307139466908e+03 1.014315976669553829e-38
2.136944209155845783e+03 9.719213268127938251e-39
2.237660297198402532e+03 9.315252127812675376e-39
2.343123224370934622e+03 8.934202948525243479e-39
2.453556713438732459e+03 8.573872904292499918e-39
2.569195031420706073e+03 8.224357056465549556e-39
2.690283486549482404e+03 7.873770872805568836e-39
2.817078948653659154e+03 7.540771692824373119e-39
2.949850394066131230e+03 7.230564737135421976e-39
3.088879476214464830e+03 6.933676528165957825e-39
3.234461123103671525e+03 6.645958585069546439e-39
3.386904162958899178e+03 6.363613043507149369e-39
3.546531979355200747e+03 6.093556820437166846e-39
3.713683197224188461e+03 5.836501651465789093e-39
3.888712401192762627e+03 5.582740143887600162e-39
4.071990887777784792e+03 5.337702670462914840e-39
4.263907453032393278e+03 5.111248149106625247e-39
4.464869217314749221e+03 4.893885787392432361e-39
4.675302488928900857e+03 4.681878684433434247e-39
4.895653668469782133e+03 4.478838828826287716e-39
5.126390195790841062e+03 4.287786573662728166e-39
5.368001541603063743e+03 4.112763719205134991e-39
5.621000245808936597e+03 3.943067922357299923e-39
5.885923004774066612e+03 3.774770808120275518e-39
6.163331809842834446e+03 3.615043285529628554e-39
6.453815139513303620e+03 3.463518097099674606e-39
6.757989207800456825e+03 3.317803468975557960e-39
7.076499271435832270e+03 3.177504992761241465e-39
7.410020998676702220e+03 3.042715234545813934e-39
7.759261902628390999e+03 2.915250526557379116e-39
8.124962842120434289e+03 2.793659399352935443e-39
8.507899593320305939e+03 2.674949413009546903e-39
8.908884495418697043e+03 2.561031952828168078e-39
9.328768173877480876e+03 2.453035679246112022e-39
9.768441344895836664e+03 2.350615393731398931e-39
1.022883670492245255e+04 2.252865126143832489e-39
1.071093090922218289e+04 2.158258918596488150e-39
1.121574664369430502e+04 2.066762635542596268e-39
1.174435479433739056e+04 1.978490982269709706e-39
1.229787671896300526e+04 1.894239048860124586e-39
1.287748662597731163e+04 1.813862058348584527e-39
1.348441406527680192e+04 1.736893272531335372e-39
1.411994653654201647e+04 1.663530828718875221e-39
1.478543222046276060e+04 1.594023774312563464e-39
1.548228283868813196e+04 1.528128855304916418e-39
1.621197664856866504e+04 1.465353948101288173e-39
1.697606157904334395e+04 1.404772226496450607e-39
1.777615851432377895e+04 1.346952316561919649e-39
1.861396473234119185e+04 1.292165758528696642e-39
1.949125750525082549e+04 1.239327303194554678e-39
2.040989786963097504e+04 1.188436094103731406e-39
2.137183457437506513e+04 1.140127181190426875e-39
2.237910821465133631e+04 1.094014207931141540e-39
2.343385556069982704e+04 1.049994168955413402e-39
2.453831409064915715e+04 1.008013033200483732e-39
2.569482673696948041e+04 9.680148295006600766e-40
2.690584685662957054e+04 9.298473160752605316e-40
2.817394343550203121e+04 8.936596822535775784e-40
2.950180653805674956e+04 8.594754006611212236e-40
3.089225301390327877e+04 8.262763841057310582e-40
3.234823247328767684e+04 7.940529206776009104e-40
3.387283354421957483e+04 7.634915940415964508e-40
3.546929042450384441e+04 7.342660682797153964e-40
3.714098974257471855e+04 7.063414971511646405e-40
3.889147774168748583e+04 6.798609572010038097e-40
4.072446780270749150e+04 6.547619896898796281e-40
4.264384832145494875e+04 6.306369844641674856e-40
4.465369095731566631e+04 6.075826382433755488e-40
4.675825927061696711e+04 5.857407656907617148e-40
4.896201776709004480e+04 5.653665371880806025e-40
5.126964136860626604e+04 5.463287864151389249e-40
5.368602533027770551e+04 5.281154733201739502e-40
5.621629562495942810e+04 5.106101510769397471e-40
5.886581981718279712e+04 4.940287308498183468e-40
6.164021844958633301e+04 4.782676820092861202e-40
6.454537696600045456e+04 4.633269991184408691e-40
6.758745819647659664e+04 4.490320041164956282e-40
7.077291543074756919e+04 4.353605365748597298e-40
7.410850610785154277e+04 4.223209155704483483e-40
7.760130615096037218e+04 4.098731420713093318e-40
8.125872497782121354e+04 3.979627386440282062e-40
8.508852121865290974e+04 3.864980638984198171e-40
8.909881917484245787e+04 3.756895873330476852e-40
9.329812605335291300e+04 3.661509021072734335e-40
9.769535001340517192e+04 3.573249741876696415e-40
1.022998190637157386e+05 3.491712782789107125e-40
1.071213008503782185e+05 3.417364942569983692e-40
1.121700233773656073e+05 3.342575727344472594e-40
1.174566967036070564e+05 3.260985334359725368e-40
1.229925356626697467e+05 3.193756197085372247e-40
1.287892836532371002e+05 3.140865378073297468e-40
1.348592375508548284e+05 3.091669562931638464e-40
1.412152737937894999e+05 3.045565196105081506e-40
1.478708756983371277e+05 3.006692344369023318e-40
1.548401620615252468e+05 2.969738654416987006e-40
1.621379171118888189e+05 2.934129561585730555e-40
1.697796218718499877e+05 2.899108203731704748e-40
1.777814869982362143e+05 2.864839149794531098e-40
1.861604871706010890e+05 2.833221239379485190e-40
1.949343971002973849e+05 2.802417317450587372e-40
2.041218292366902460e+05 2.772015526731571362e-40
2.137422732504959567e+05 2.741193530205405892e-40
2.238161373780096183e+05 2.709316115282039980e-40
2.343647917139191122e+05 2.674998544336913985e-40
2.454106135445502587e+05 2.636451720468106276e-40
2.569770348177076667e+05 2.591271559200714266e-40
2.690885918498116080e+05 2.535687100855819565e-40
2.817709773757773219e+05 2.464340982326524161e-40
2.950510950520485640e+05 2.370111555309665819e-40
3.089571165284134331e+05 2.245496855375324969e-40
3.235185412096605287e+05 2.088447271435446495e-40
3.387662588338576606e+05 1.827440715755152627e-40
3.547326150000003399e+05 1.442410333055051151e-40
