1.776820000000000066e+00 0.000000000000000000e+00
1.860556400331915494e+00 0.000000000000000000e+00
1.948239055625249128e+00 0.000000000000000000e+00
2.040053941491070333e+00 0.000000000000000000e+00
2.136195798034445037e+00 0.000000000000000000e+00
2.236868542899747681e+00 0.000000000000000000e+00
2.342285703781616490e+00 3.206778346644270295e-42
2.452670871318890722e+00 6.471107128512733489e-42
2.568258173332143013e+00 1.305834795613753678e-41
2.689292771410650928e+00 2.635104750348182477e-41
2.816031380902084269e+00 5.317500397930523725e-41
2.948742815407804141e+00 7.701480979737717737e-41
3.087708556938656201e+00 2.335251065677692524e-40
3.233223352940556516e+00 3.918023038519451420e-40
3.385595841456178867e+00 5.451192506469161172e-40
3.545149205748702848e+00 7.305231128596173114e-40
3.712221859776092536e+00 9.508578736171922310e-40
3.887168165969796974e+00 1.229510310682179682e-39
4.070359186840298626e+00 1.565322063685052594e-39
4.262183472003652440e+00 1.949261699948372451e-39
4.463047882298320168e+00 2.429998250461799118e-39
4.673378452740254652e+00 2.957295482207583972e-39
4.893621296146568156e+00 3.611071211937130774e-39
5.124243549344369875e+00 4.376591285065249435e-39
5.365734363971700560e+00 5.207837324464737878e-39
5.618605943972066363e+00 6.067304779107898997e-39
5.883394631983077439e+00 6.861488063131698207e-39
6.160662046923464530e+00 7.864485314465765942e-39
6.450996275191280382e+00 8.980497553459087539e-39
6.755013117999844496e+00 1.010080676632161550e-38
7.073357397497021637e+00 1.134094628548077795e-38
7.406704324438146081e+00 1.251228174995707370e-38
7.755760930313407187e+00 1.354030230358847967e-38
8.121267566967290463e+00 1.465105385197376803e-38
8.503999476890735210e+00 1.597382638549128679e-38
8.904768437516640489e+00 1.739935501232791082e-38
9.324424483006279019e+00 1.875850017835918511e-38
9.763857707178523526e+00 2.015044109982705826e-38
1.022400015140594220e+01 2.147187363084767728e-38
1.070582778148197356e+01 2.288281367273928810e-38
1.121036255765216083e+01 2.444100200819294826e-38
1.173867460219999437e+01 2.583861209498867036e-38
1.229188446918478306e+01 2.727397862629974491e-38
1.287116552114576074e+01 2.872750342743752380e-38
1.347774641781341032e+01 3.014041212286964108e-38
1.411291372210651041e+01 3.155046562035656126e-38
1.477801462894236728e+01 3.279734987233634113e-38
1.547445982264799014e+01 3.387261754103263874e-38
1.620372646903276959e+01 3.502787812337501132e-38
1.696736134846893762e+01 3.633730517551129728e-38
1.776698413662511911e+01 3.752481716203771980e-38
1.860429083981128429e+01 3.860628464956523414e-38
1.948105739222166477e+01 3.975177128618364276e-38
2.039914342270539649e+01 4.074779504498473272e-38
2.136049619905405450e+01 4.165096761995976523e-38
2.236715475817221943e+01 4.259037507107293817e-38
2.342125423089102298e+01 4.333234657688278812e-38
2.452503037059761581e+01 4.407957449341070680e-38
2.568082429528595512e+01 4.471512561840169723e-38
2.689108745308677584e+01 4.523919631942038536e-38
2.815838682180854136e+01 4.580879230653454373e-38
2.948541035351794548e+01 4.628895236523403382e-38
3.087497267570758552e+01 4.658778089778911042e-38
3.233002106114335561e+01 4.692305330885852949e-38
3.385364167905353838e+01 4.717575124512818263e-38
3.544906614091824792e+01 4.734623688157922926e-38
3.711967835474320765e+01 4.745787308155996882e-38
3.886902170235563858e+01 4.745840252423405684e-38
4.070080655494530930e+01 4.742697503717037554e-38
4.261891814279142210e+01 4.733923774996773790e-38
4.462742479586710687e+01 4.711719708275830415e-38
4.673058657279957373e+01 4.669898433663113288e-38
4.893286429648863134e+01 4.633371253595218329e-38
5.123892901554744839e+01 4.596810467226140855e-38
5.365367191163397109e+01 4.560271937685450842e-38
5.618221467368631750e+01 4.510698774110524190e-38
5.882992036106569600e+01 4.448759918868444050e-38
6.160240477864815745e+01 4.394904648741794988e-38
6.450554838799159540e+01 4.333319952616432759e-38
6.754550877984144108e+01 4.272790923844782181e-38
7.072873373442978107e+01 4.207633537455830116e-38
7.406197489726883987e+01 4.137788878418213153e-38
7.755230209944464548e+01 4.067832419111231626e-38
8.120711835278527246e+01 3.988546501239633509e-38
8.503417555170813102e+01 3.906609067391334486e-38
8.904159091504946844e+01 3.831463661965104514e-38
9.323786420275067144e+01 3.751632375004724729e-38
9.763189574391654446e+01 3.665631220597821751e-38
1.022330053144843447e+02 3.578113100689008551e-38
1.070509519045432825e+02 3.485951720982611959e-38
1.120959544172297200e+02 3.397305029936160875e-38
1.173787133431025325e+02 3.307623639719893699e-38
1.229104334559688994e+02 3.218228183272315737e-38
1.287028475782988721e+02 3.131558894424383150e-38
1.347682414666351747e+02 3.043629719560997702e-38
1.411194798697815145e+02 2.955801881947766897e-38
1.477700338150363848e+02 2.861202377093502236e-38
1.547340091803500570e+02 2.769002252572031499e-38
1.620261766130039689e+02 2.682446294466879584e-38
1.696620028582712791e+02 2.598625047524638358e-38
1.776576835645076358e+02 2.514849769368100089e-38
1.860301776342493270e+02 2.433137759200079319e-38
1.947972431941816183e+02 2.352315947014213842e-38
2.039774752602666581e+02 2.276154295293045587e-38
2.135903451779213071e+02 2.199369862432022308e-38
2.236562419208949848e+02 2.124563823959574235e-38
2.341965153364463106e+02 2.052477604338275928e-38
2.452335214285390919e+02 1.978638867323294820e-38
2.567906697751052434e+02 1.905917321120421027e-38
2.688924731799456254e+02 1.836845905530292634e-38
2.815645996645838522e+02 1.771096966465612337e-38
2.948339269103426545e+02 1.707366127404709245e-38
3.087285992661217051e+02 1.643167146713239423e-38
3.232780874427853632e+02 1.581087806472658370e-38
3.385132510207758969e+02 1.523232809210516385e-38
3.544664039035289989e+02 1.462993759753544734e-38
3.711713828555221539e+02 1.406448468565232589e-38
3.886636192703198276e+02 1.353204359806394622e-38
4.069802143208431744e+02 1.301420405250270008e-38
4.261600176512530993e+02 1.249918769223732464e-38
4.462437097773552637e+02 1.199459367943650849e-38
4.672738883702999146e+02 1.150915045761494017e-38
4.892951586065795482e+02 1.105912191591947964e-38
5.123542277759657964e+02 1.060460997713817971e-38
5.365000043480428076e+02 1.016963311601633894e-38
5.617837017074614323e+02 9.769425283282245307e-39
5.882589467779359893e+02 9.367209114120187256e-39
6.159818937653789135e+02 8.992551042505642949e-39
6.450113432614164140e+02 8.629874144857609262e-39
6.754088669599142349e+02 8.280214630321971708e-39
7.072389382510303903e+02 7.938544020437900381e-39
7.405690689697897824e+02 7.609396465884259853e-39
7.754699525892269776e+02 7.294839880711418856e-39
8.120156141618023184e+02 6.989805873910555702e-39
8.502835673271309815e+02 6.699187339222884996e-39
8.903549787190299867e+02 6.425015893593137846e-39
9.323148401205963864e+02 6.157390830940901716e-39
9.762521487324549980e+02 5.894805912885818407e-39
1.022260095936535208e+03 5.645527055745423587e-39
1.070436264955729257e+03 5.404954861191068005e-39
1.120882837828689844e+03 5.179919571051581237e-39
1.173706812138747637e+03 4.958336736224056785e-39
1.229020227956638337e+03 4.740360510339703598e-39
1.286940405478390630e+03 4.545691295131683420e-39
1.347590193862389242e+03 4.351100942975383257e-39
1.411098231793426294e+03 4.157757439433388601e-39
1.477599220326374279e+03 3.978955842902046859e-39
1.547234208588199408e+03 3.812001581137343671e-39
1.620150892944281395e+03 3.650255059841972404e-39
1.696503930263589609e+03 3.495789616005205940e-39
1.776455265947125554e+03 3.346229837828826481e-39
1.860174477415416504e+03 3.207039635451489869e-39
1.947839133783573971e+03 3.072182967069660769e-39
2.039635172486804095e+03 2.941136946158058827e-39
2.135757293655187823e+03 2.819402613848777785e-39
2.236409373074217456e+03 2.703076617591611440e-39
2.341804894606950711e+03 2.590751201423816476e-39
2.452167402994996792e+03 2.476750584292510740e-39
2.567730977998690378e+03 2.369253597323560699e-39
2.688740730882131174e+03 2.268527207960265298e-39
2.815453324296137453e+03 2.171672275975578808e-39
2.948137516661759491e+03 2.078088316143334081e-39
3.087074732209045578e+03 1.991071479927007089e-39
3.232559657880075065e+03 1.903663109228331473e-39
3.384900868362311030e+03 1.820609609911677735e-39
3.544421480577971579e+03 1.741838150711546770e-39
3.711459839017610193e+03 1.668934067125954628e-39
3.886370233371459562e+03 1.599535359621435932e-39
4.069523649980701521e+03 1.532576700442284100e-39
4.261308558702453411e+03 1.469949821389455285e-39
4.462131736857427313e+03 1.408716910990893469e-39
4.672419132007887129e+03 1.350023566192824865e-39
4.892616765395801849e+03 1.292275176170096438e-39
5.123191677957472166e+03 1.240649328461056121e-39
5.364632920921073492e+03 1.189079260596591209e-39
5.617452593088215508e+03 1.140625717878377088e-39
5.882186926999575917e+03 1.093684632153922720e-39
6.159397426288416682e+03 1.049417995681848705e-39
6.449672056634236469e+03 1.007536803005663956e-39
6.753626492842684456e+03 9.668470530536507526e-40
7.071905424696731643e+03 9.281416829762923537e-40
7.405183924348828441e+03 8.906941715347532696e-40
7.754168878154358026e+03 8.558502168009523753e-40
8.119600485983185536e+03 8.210557229943582722e-40
8.502253831189513221e+03 7.891043320112770774e-40
8.902940524569849003e+03 7.568669075697004165e-40
9.322510425795982883e+03 7.279142406999225552e-40
9.761853445974105853e+03 6.995589268050307634e-40
1.022190143515342606e+04 6.729076123553585812e-40
1.070363015878744227e+04 6.477028378884580337e-40
1.120806136734035863e+04 6.229976996415633830e-40
1.173626496342791506e+04 5.993984443434876589e-40
1.228936127108937580e+04 5.763239258224931988e-40
1.286852341200372575e+04 5.541072219386307187e-40
1.347497979369020868e+04 5.342040879526725292e-40
1.411001671497031566e+04 5.150362135975988752e-40
1.477498109421794652e+04 4.970436408446078246e-40
1.547128332618400054e+04 4.799062006873359760e-40
1.620040027345487579e+04 4.630452316285189111e-40
1.696387839888980670e+04 4.464580230667795106e-40
1.776333704568091707e+04 4.307177124087161009e-40
1.860047187199302789e+04 4.158297583000541850e-40
1.947705844746817456e+04 4.017637408950717097e-40
2.039495601922294736e+04 3.887143102199595861e-40
2.135611145532647788e+04 3.749879586638509758e-40
2.236256337412310677e+04 3.627117177843791407e-40
2.341644646815814122e+04 3.502543026714056631e-40
2.451999603187791217e+04 3.380753578221377332e-40
2.567555270270687470e+04 3.271429001339909170e-40
2.688556742555841265e+04 3.165136842760665243e-40
2.815260665130850248e+04 3.061939858881646658e-40
2.947935778025849504e+04 2.959663443217098465e-40
3.086863486213257420e+04 2.856719051319330464e-40
3.232338456469967059e+04 2.754085607211521531e-40
3.384669242367928382e+04 2.652855679233411880e-40
3.544178938718736754e+04 2.555097330197200159e-40
3.711205866860302194e+04 2.460246474990366033e-40
3.886104292239107599e+04 2.369548854040993847e-40
4.069245175810035289e+04 2.282683384731962590e-40
4.261016960847544397e+04 2.199180262130922295e-40
4.461826396836903587e+04 2.118396280532442374e-40
4.672099402193126298e+04 2.008210383275107609e-40
4.892281967637318303e+04 1.820059091294903042e-40
5.122841102146548656e+04 1.575364928490149756e-40
5.364265823483620625e+04 1.300039421262266593e-40
5.617068195407641906e+04 1.014556017152663336e-40
5.881784413765340287e+04 7.282975785819219602e-41
6.158975943766734417e+04 4.444865871034257735e-41
6.449230710857317899e+04 1.995131272557455900e-41
6.753164347712603922e+04 9.844469746940261264e-42
7.071421499999996740e+04 5.338555419790208532e-42
