1.776820000000000066e+00 0.000000000000000000e+00
1.860560871998826915e+00 0.000000000000000000e+00
1.948248420443846163e+00 0.000000000000000000e+00
2.040068650741965861e+00 0.000000000000000000e+00
2.136216334666393823e+00 0.000000000000000000e+00
2.236895423512254677e+00 4.320661574776917851e-42
2.342319480724071479e+00 8.192346105357848139e-42
2.452712134912832465e+00 1.553339310391074165e-41
2.568307554223569600e+00 2.945264985360164708e-41
2.689350943059724219e+00 5.584475829562739853e-41
2.816099062217932936e+00 1.058806424667693120e-40
2.948820773536585893e+00 1.503509883973962727e-40
3.087797610213462551e+00 2.134991770226126589e-40
3.233324374002236823e+00 3.031700532827329574e-40
3.385709760554621361e+00 4.305033469546778899e-40
3.545277014234669899e+00 6.112912972195049922e-40
3.712364613794224777e+00 7.642959100537928397e-40
3.887326990364004864e+00 9.555986844517051554e-40
4.070535279283341801e+00 1.292817167279521916e-39
4.262378107363382185e+00 1.646730875962539886e-39
4.463262417253701209e+00 2.055953790763651109e-39
4.673614330661035154e+00 2.454004081351236890e-39
4.893880052251160961e+00 2.883397878743458466e-39
5.124526816151374398e+00 3.373141955286703127e-39
5.366043877061250633e+00 3.929939004797531484e-39
5.618943548074114780e+00 4.560656611841150450e-39
5.883762287410629455e+00 5.193915712415345922e-39
6.161061836369768230e+00 5.889365826999305817e-39
6.451430410910971247e+00 6.633192637563956891e-39
6.755483949395137522e+00 7.421179670386365501e-39
7.073867419131197209e+00 8.309074231763691266e-39
7.407256184499741103e+00 9.255931890910472537e-39
7.756357439555803701e+00 1.032785858232530995e-38
8.121911708149692544e+00 1.143688061242891480e-38
8.504694414747959286e+00 1.255953243822950427e-38
8.905517529286600009e+00 1.368117362996267916e-38
9.325231289545545366e+00 1.469389527079679971e-38
9.764726004698060180e+00 1.569758934051163391e-38
1.022493394386074073e+01 1.679451861980527098e-38
1.070683131365019847e+01 1.800735597866904271e-38
1.121144032894123299e+01 1.936730748620671368e-38
1.173983138121909775e+01 2.062504084061556416e-38
1.229312530912539714e+01 2.165838097724761876e-38
1.287249577601400219e+01 2.277827904755954719e-38
1.347917175956024316e+01 2.408876388500355162e-38
1.411444015870452162e+01 2.547778983031323253e-38
1.477964852346019065e+01 2.685527155349127840e-38
1.547620791337629598e+01 2.831852639780960635e-38
1.620559589071855910e+01 2.973239466937019779e-38
1.696935965471794105e+01 3.107495738027171331e-38
1.776911932353515056e+01 3.250831199542481072e-38
1.860657137090293389e+01 3.389103084255953789e-38
1.948349222473608933e+01 3.521485518852338927e-38
2.040174203534254715e+01 3.655403166948724122e-38
2.136326862122895776e+01 3.793454462301160659e-38
2.237011160087061867e+01 3.931767709966673408e-38
2.342440671921011486e+01 4.053550253771993358e-38
2.452839037806235467e+01 4.157755930103635711e-38
2.568440438003587190e+01 4.274412271914852057e-38
2.689490089603336997e+01 4.410154647277887300e-38
2.816244766686883239e+01 4.527912435303669902e-38
2.948973345003478741e+01 4.627930612905591650e-38
3.087957372317380234e+01 4.739998048639607330e-38
3.233491665635254009e+01 4.844138890491454811e-38
3.385884936580671223e+01 4.934892757498036010e-38
3.545460446242290686e+01 5.033233556736522406e-38
3.712556690884786548e+01 5.129154465922272045e-38
3.887528119977080365e+01 5.221655540172560793e-38
4.070745888060983475e+01 5.296639489573130424e-38
4.262598642055122866e+01 5.351254430415389274e-38
4.463493345664215894e+01 5.406736050455657374e-38
4.673856142642459588e+01 5.453782627020207829e-38
4.894133260742185598e+01 5.490652682118461642e-38
5.124791958265296188e+01 5.526231189145416230e-38
5.366321515225321548e+01 5.562089885638596729e-38
5.619234271222569532e+01 5.578424927425460832e-38
5.884066712233967422e+01 5.578163266336154021e-38
6.161380608622878441e+01 5.589444077718218644e-38
6.451764206782927147e+01 5.593128999749304012e-38
6.755833476943564619e+01 5.580732603101046687e-38
7.074233419784214050e+01 5.564031093489631603e-38
7.407639434628696051e+01 5.538020643021874783e-38
7.756758752122142653e+01 5.504300163112855138e-38
8.122331934429431044e+01 5.468293932099203636e-38
8.505134446137448379e+01 5.432014588128659670e-38
8.905978299193364478e+01 5.384992537343463042e-38
9.325713775368258496e+01 5.319714200719956904e-38
9.765231229899843868e+01 5.241093793703247762e-38
1.022546298014015065e+02 5.160618382614962025e-38
1.070738528321456045e+02 5.084220066705548318e-38
1.121202040688706774e+02 5.005223030472616674e-38
1.174043879802480603e+02 4.923508367655191323e-38
1.229376135326139234e+02 4.840940729080758929e-38
1.287316179667579377e+02 4.750386388250277161e-38
1.347986916953044840e+02 4.649659226340827511e-38
1.411517043734969832e+02 4.555053829480224680e-38
1.478041321986887056e+02 4.460226700520613714e-38
1.547700864964500056e+02 4.357889111018752311e-38
1.620643436539259881e+02 4.254815072487418420e-38
1.697023764639445744e+02 4.155090895348150043e-38
1.777003869463592878e+02 4.051723687136973986e-38
1.860753407162498263e+02 3.944756757075379857e-38
1.948450029718848668e+02 3.837190915641084566e-38
2.040279761787825237e+02 3.731217232191063584e-38
2.136437395298068225e+02 3.628064080029081805e-38
2.237126902650057048e+02 3.525500476547472117e-38
2.342561869388360947e+02 3.421319610711491838e-38
2.452965947265569469e+02 3.318833320872240062e-38
2.568573328658983428e+02 3.217722116257634962e-38
2.689629243346366252e+02 3.117748339380610302e-38
2.816390478694554531e+02 3.019434525748533066e-38
2.949125924364390698e+02 2.922857884081768175e-38
3.088117142687360115e+02 2.827501480267195800e-38
3.233658965923908113e+02 2.735054452551703232e-38
3.386060121670295757e+02 2.646531134199287900e-38
3.545643887740647529e+02 2.557680637411642994e-38
3.712748777913380991e+02 2.467841370144012069e-38
3.887729259996564792e+02 2.381876121958287203e-38
4.070956507735482433e+02 2.297768161087395889e-38
4.262819188157288295e+02 2.213874820741776814e-38
4.463724286022924161e+02 2.134317978317242373e-38
4.674097967135190856e+02 2.058644069198086826e-38
4.894386482334169841e+02 1.981996697956220050e-38
5.125057114097618296e+02 1.906613962374305776e-38
5.366599167754332029e+02 1.834906712821202156e-38
5.619525009412988084e+02 1.766602907853815891e-38
5.884371152808186025e+02 1.700684140162808795e-38
6.161699397369203552e+02 1.636008693017602583e-38
6.452098019925421113e+02 1.572827463602045474e-38
6.756183022576479971e+02 1.511478856499849454e-38
7.074599439374035228e+02 1.451248477763800678e-38
7.408022704586936698e+02 1.392679508536989759e-38
7.757160085452318299e+02 1.338299161901958466e-38
8.122752182451600902e+02 1.286354353083078400e-38
8.505574500294076188e+02 1.234770999164968499e-38
8.906439092940275941e+02 1.184422807170061642e-38
9.326196286154699919e+02 1.135630285545598122e-38
9.765736481241883666e+02 1.089176461158733315e-38
1.022599204379181060e+03 1.045050331903062740e-38
1.070793928144119946e+03 1.003162088494240136e-38
1.121260051484602855e+03 9.630224640198140988e-39
1.174104624625816541e+03 9.241930616416831627e-39
1.229439743030618729e+03 8.856276302787344505e-39
1.287382785179738448e+03 8.481303378815690322e-39
1.348056661558453698e+03 8.128069432490927340e-39
1.411590075377935364e+03 7.789315142890189947e-39
1.478117795584281339e+03 7.462452249668188751e-39
1.547780942734364316e+03 7.151436611869516251e-39
1.620727288344917952e+03 6.854235324461904796e-39
1.697111568349812387e+03 6.567720897261925898e-39
1.777095811330479364e+03 6.291649483099531116e-39
1.860849682215700795e+03 6.025910307468223629e-39
1.948550842179839719e+03 5.770640567175532940e-39
2.040385325502960086e+03 5.525533643744806580e-39
2.136547934192208686e+03 5.290216589478795740e-39
2.237242651201554509e+03 5.064033208929962084e-39
2.342683073126444924e+03 4.846941495841178997e-39
2.453092863291179128e+03 4.640495431688678656e-39
2.568706226190122379e+03 4.443516441951582202e-39
2.689768404289186947e+03 4.253987191860353399e-39
2.816536198241341935e+03 4.069993351121694034e-39
2.949278511619730580e+03 3.892023848932948224e-39
3.088276921323832539e+03 3.727502538293811989e-39
3.233826274868652945e+03 3.573407084857305763e-39
3.386235315823967994e+03 3.423344670161633222e-39
3.545827338730238353e+03 3.279727598090608743e-39
3.712940874880522188e+03 3.143388173574156179e-39
3.887930410423000467e+03 3.010667698793277652e-39
4.071167138307409914e+03 2.881645473340859635e-39
4.263039745670467710e+03 2.757469992715452507e-39
4.463955238330448083e+03 2.639505150970731307e-39
4.674339804139883199e+03 2.527991932628151043e-39
4.894639717027793267e+03 2.420452883560734745e-39
5.125322283649062229e+03 2.317498390948556669e-39
5.366876834649044213e+03 2.221214307376343672e-39
5.619815762646152507e+03 2.128949664581942735e-39
5.884675609134112165e+03 2.039678111348604283e-39
6.162018202609599030e+03 1.954854132967154728e-39
6.452431850339351513e+03 1.874457499531858106e-39
6.756532586294832072e+03 1.797909652489430125e-39
7.074965477901650047e+03 1.724773076363100026e-39
7.408405994375505543e+03 1.654702169325355314e-39
7.757561439547404916e+03 1.587197444383512475e-39
8.123172452217334467e+03 1.521908270957600363e-39
8.506014577219035345e+03 1.458362547096772705e-39
8.906899910528571127e+03 1.397567497454693490e-39
9.326678821906170924e+03 1.340415603296646993e-39
9.766241758725547697e+03 1.285545895739322107e-39
1.022652113481713059e+04 1.232784333003665075e-39
1.070849330833161912e+04 1.182274009913766605e-39
1.121318065281968484e+04 1.134016654662702714e-39
1.174165372592080348e+04 1.087944058684306423e-39
1.229503354026152010e+04 1.043586120743554272e-39
1.287449394138054959e+04 1.001095239865764331e-39
1.348126409772436273e+04 9.612058152080725429e-40
1.411663110799546848e+04 9.235089190788770037e-40
1.478194273138407698e+04 8.880378707863581462e-40
1.547861024647441445e+04 8.540942753581449464e-40
1.620811144489053731e+04 8.218106630549985504e-40
1.697199376603127530e+04 7.917797809899449752e-40
1.777187757954427434e+04 7.628691186934432316e-40
1.860945962250159209e+04 7.342247983376655064e-40
1.948651659856851620e+04 7.073408629272945080e-40
2.040490894679947087e+04 6.822266656280756819e-40
2.136658478805611958e+04 6.578376394608438582e-40
2.237358405741861861e+04 6.342223932625160501e-40
2.342804283135596415e+04 6.119952954356852271e-40
2.453219785883404256e+04 5.908111223577963769e-40
2.568839130597359326e+04 5.705378229447956702e-40
2.689907572432170491e+04 5.505897700985247745e-40
2.816681925327633144e+04 5.316094024251896625e-40
2.949431106769917096e+04 5.141949948161793887e-40
3.088436708227226336e+04 4.974759473796152091e-40
3.233993592469936266e+04 4.812869949962598771e-40
3.386410519042154192e+04 4.660156956534980039e-40
3.546010799211551057e+04 4.515584757783001750e-40
3.713132981786730670e+04 4.383697820687301901e-40
3.888131571256928146e+04 4.256237742946219217e-40
4.071377779777330579e+04 4.134022580877624223e-40
4.263260314595262753e+04 4.021659284164913481e-40
4.464186202587404114e+04 3.912908868597386461e-40
4.674581653657179413e+04 3.801430622218610064e-40
4.894892964823749207e+04 3.702190756203197024e-40
5.125587466920337465e+04 3.615457116244457204e-40
5.367154515910198097e+04 3.534539818250415252e-40
5.620106530922837555e+04 3.458850451443871694e-40
5.884980081212554796e+04 3.386991128465398906e-40
6.162337024344939709e+04 3.309244853651875800e-40
6.452765698025614984e+04 3.224860801055660552e-40
6.756882168099556293e+04 3.132919050390876864e-40
7.075331535368032928e+04 3.034755984084351629e-40
7.408789303995418595e+04 2.931860723455938714e-40
7.757962814408505801e+04 2.823472662485824986e-40
8.123592743727759807e+04 2.709856607353616902e-40
8.506454676913506410e+04 2.591285470313574555e-40
8.907360751959503978e+04 2.468063774685212429e-40
9.327161382623955433e+04 2.340535855923637275e-40
9.766747062352181820e+04 2.209110025270158367e-40
1.022705025321753783e+05 2.074341349633966349e-40
1.070904736388730380e+05 1.936916509203555300e-40
1.121376082080958731e+05 1.797137505537597621e-40
1.174226123701430624e+05 1.652318498183768905e-40
1.229566968312904646e+05 1.486988411436724631e-40
1.287516006542708637e+05 1.246352327730610740e-40
1.348196161595180456e+05 8.603615772977237317e-41
1.411736149999999616e+05 7.893462907192021691e-41
