1.776820000000000066e+00 0.000000000000000000e+00
1.860743958609687221e+00 0.000000000000000000e+00
1.948631870140165701e+00 0.000000000000000000e+00
2.040670962684802081e+00 0.000000000000000000e+00
2.137057307620332747e+00 0.000000000000000000e+00
2.237996237298780056e+00 0.000000000000000000e+00
2.343702782468070289e+00 4.556116472628027177e-42
2.454402130353201539e+00 9.333386257831751881e-42
2.570330104373805824e+00 1.911981389440538799e-41
2.691733666520055746e+00 3.916770111704586853e-41
2.818871443457128922e+00 8.023733236327313007e-41
2.952014277478991477e+00 1.347903004558184061e-40
3.091445803485200372e+00 2.099016231894737835e-40
3.237463053209867603e+00 3.274225862518512978e-40
3.390377087989967286e+00 5.065248126305904670e-40
3.550513661420985567e+00 7.609263270015492974e-40
3.718213913311566809e+00 1.029509091690497219e-39
3.893835096415496189e+00 1.297813802365479307e-39
4.077751337489168293e+00 1.589344684683797609e-39
4.270354434295843049e+00 2.008258569661526897e-39
4.472054690254544163e+00 2.574707992626984112e-39
4.683281788511643562e+00 3.197220794516970755e-39
4.904485707297199681e+00 3.856034294019124432e-39
5.136137678516013771e+00 4.568809850307055024e-39
5.378731191615502283e+00 5.379597185977402410e-39
5.632783044868938660e+00 6.256746708825340356e-39
5.898834446313615310e+00 7.103213610189265854e-39
6.177452166689241686e+00 8.141053512351486823e-39
6.469229746832727557e+00 9.250392581951387687e-39
6.774788762101437101e+00 1.034072046813652545e-38
7.094780146518528063e+00 1.155754406252984943e-38
7.429885579461227962e+00 1.278055480829955302e-38
7.780818937846104788e+00 1.410016920392075045e-38
8.148327816904911813e+00 1.542362527319411495e-38
8.533195122790756315e+00 1.673636894511073396e-38
8.936240740407328076e+00 1.820485609260199605e-38
9.358323280014124279e+00 1.960629156162715526e-38
9.800341906328535302e+00 2.095121919887287680e-38
1.026323825402132783e+01 2.236989553993717247e-38
1.074799843368603369e+01 2.377283923176895861e-38
1.125565513255572903e+01 2.510360731361720382e-38
1.178728981444219492e+01 2.639516140801429531e-38
1.234403502358416560e+01 2.770183770296964347e-38
1.292707679731240411e+01 2.911015128686974732e-38
1.353765719267146928e+01 3.052385931107390127e-38
1.417707693238055455e+01 3.182525187427819920e-38
1.484669817577012552e+01 3.296824847023241645e-38
1.554794742059731050e+01 3.409402022633741547e-38
1.628231854192181416e+01 3.519233516342693505e-38
1.705137597451599518e+01 3.643688548436428260e-38
1.785675804558875157e+01 3.763192330582815066e-38
1.870018046492283759e+01 3.865624140483683448e-38
1.958343997986068530e+01 3.964981500966955046e-38
2.050841820292499307e+01 4.055116603387348007e-38
2.147708562022805978e+01 4.142132841697831840e-38
2.249150578920899690e+01 4.217177420361376489e-38
2.355383973464135394e+01 4.279728914671693737e-38
2.466635055227580864e+01 4.345933445201487667e-38
2.583140822992533359e+01 4.413703473213173944e-38
2.705149469626305603e+01 4.465028640903139103e-38
2.832920910808831394e+01 4.501410350955247106e-38
2.966727338732445318e+01 4.529543803044597498e-38
3.106853801954386540e+01 4.553708173401106295e-38
3.253598812637275017e+01 4.562152030563183620e-38
3.407274982471190583e+01 4.579877211855121581e-38
3.568209688632048682e+01 4.590910882551831908e-38
3.736745771194964760e+01 4.582064662139624407e-38
3.913242263488326245e+01 4.564579545967559180e-38
4.098075156944427277e+01 4.544956244802974517e-38
4.291638202076062925e+01 4.517815200945898057e-38
4.494343747285360280e+01 4.484209353568011221e-38
4.706623617291823081e+01 4.442962646557146487e-38
4.928930033050862392e+01 4.403507895628275679e-38
5.161736575122544224e+01 4.363196334201734321e-38
5.405539192542816807e+01 4.308891706184182356e-38
5.660857259346435200e+01 4.257273039798042550e-38
5.928234680992262184e+01 4.193302220616460866e-38
6.208241053048018188e+01 4.129789447594549561e-38
6.501472874602796992e+01 4.056795762629427912e-38
6.808554818992307389e+01 3.985009933739655189e-38
7.130141064543853702e+01 3.915753278551897687e-38
7.466916688175962236e+01 3.837274234216372463e-38
7.819599124821465352e+01 3.753264444035526874e-38
8.188939695782994477e+01 3.673308377606654309e-38
8.575725209276831151e+01 3.592677032131050369e-38
8.980779636574700930e+01 3.507437488976116535e-38
9.404965867314233208e+01 3.423204920227040530e-38
9.849187547717421864e+01 3.338387653203915051e-38
1.031439100563306681e+02 3.253732403266068209e-38
1.080156726650411088e+02 3.167778358932154291e-38
1.131175416455446765e+02 3.081554140681661627e-38
1.184603855369294934e+02 2.994945393440944926e-38
1.240555862284394806e+02 2.911244760521939266e-38
1.299150632063752937e+02 2.824055952812951753e-38
1.360512989462402800e+02 2.739208057146665668e-38
1.424773655042249629e+02 2.655082251983887314e-38
1.492069523646801485e+02 2.570189635949562783e-38
1.562543956028983416e+02 2.488879460703121528e-38
1.636347084253336561e+02 2.406254427498668675e-38
1.713636131523154518e+02 2.327911017261184973e-38
1.794575747113935904e+02 2.251958476346307570e-38
1.879338357126621872e+02 2.175912487982185984e-38
1.968104531807844637e+02 2.101927027119432926e-38
2.061063370219713988e+02 2.032219273253721556e-38
2.158412903078565250e+02 1.961701190979113711e-38
2.260360514620859078e+02 1.895495352131957065e-38
2.367123384394957952e+02 1.829482013759975254e-38
2.478928949919875038e+02 1.761810024125601259e-38
2.596015391196669384e+02 1.697141400516219819e-38
2.718632138104571254e+02 1.633327418517976233e-38
2.847040401762820920e+02 1.570309549310067197e-38
2.981513730990121758e+02 1.510029725300896135e-38
3.122338595047160084e+02 1.453016472128416130e-38
3.269814993903639788e+02 1.397137959075501523e-38
3.424257097329817725e+02 1.343464687372810035e-38
3.585993914174089241e+02 1.289521738607802470e-38
3.755369993252292602e+02 1.237382177333383012e-38
3.932746157341937874e+02 1.187803780959797077e-38
4.118500271844912390e+02 1.141961022900781997e-38
4.313028049756177893e+02 1.097563839821582319e-38
4.516743894653332632e+02 1.054217194781341991e-38
4.730081783502760118e+02 1.012342649792295891e-38
4.953496191163140452e+02 9.704012515538860023e-39
5.187463058555686075e+02 9.307262600663029018e-39
5.432480806563646638e+02 8.943678137207174351e-39
5.689071397821046503e+02 8.590590591076761842e-39
5.957781448652467589e+02 8.237849327750012278e-39
6.239183393532803166e+02 7.908778722280866554e-39
6.533876704547475356e+02 7.572009801950865761e-39
6.842489168451098749e+02 7.259563221689974439e-39
7.165678224044985427e+02 6.954578296305332242e-39
7.504132362722557446e+02 6.664777401659126202e-39
7.858572595166332349e+02 6.384927186069254523e-39
8.229753987320830220e+02 6.118855959001306326e-39
8.618467268913693715e+02 5.855427904296113134e-39
9.025540517951440052e+02 5.601351140661573772e-39
9.451840924778583712e+02 5.367248998206052784e-39
9.898276639457884585e+02 5.136555751637228650e-39
1.036579870640731542e+03 4.926777177915722048e-39
1.085540309041520004e+03 4.717062048402442025e-39
1.136813279834929972e+03 4.517553510458703030e-39
1.190508010108006829e+03 4.325588107256791398e-39
1.246738886035116366e+03 4.145133157111102185e-39
1.305625696555426430e+03 3.965370092003974914e-39
1.367293888559941934e+03 3.794394528022129874e-39
1.431874834131683428e+03 3.634564710341143905e-39
1.499506110408358381e+03 3.480842303040947468e-39
1.570331792663670058e+03 3.330272256498775427e-39
1.644502761231662589e+03 3.186094787011707729e-39
1.722177022927908638e+03 3.048548940763960356e-39
1.803520047652278436e+03 2.917806020356323044e-39
1.888705120890373792e+03 2.793666939942617336e-39
1.977913712864522267e+03 2.672930267928135675e-39
2.071335865120787275e+03 2.557253239891702661e-39
2.169170595375487210e+03 2.449784297518802940e-39
2.271626321483726315e+03 2.345483167912597486e-39
2.378921305433073485e+03 2.245964054133453301e-39
2.491284118308246889e+03 2.153571797177621590e-39
2.608954127217351470e+03 2.062408186187487848e-39
2.732182005216900961e+03 1.976204384616977183e-39
2.861230265322009018e+03 1.893126106288868349e-39
2.996373819739263581e+03 1.815069436596474269e-39
3.137900565513706624e+03 1.739158290880662343e-39
3.286111997837459057e+03 1.667733463486522235e-39
3.441323852326549058e+03 1.596339504335977976e-39
3.603866777634225855e+03 1.530277442127622644e-39
3.774087039833547351e+03 1.466194462709028700e-39
3.952347260069893309e+03 1.405009245957837109e-39
4.139027187054743081e+03 1.346471142281742556e-39
4.334524506046395800e+03 1.288995063595500765e-39
4.539255686041059562e+03 1.234618183930298988e-39
4.753656866978966718e+03 1.180771843298985109e-39
4.978184788855692204e+03 1.131807059725346984e-39
5.213317764717791761e+03 1.084393354879921625e-39
5.459556699615709476e+03 1.040200124057172005e-39
5.717426157684503778e+03 9.970873644535819728e-40
5.987475479625642038e+03 9.571313051804514008e-40
6.270279952970508020e+03 9.182553209625999619e-40
6.566442037618498944e+03 8.813496540740558398e-40
6.876592649260653161e+03 8.459321460330626997e-40
7.201392503422709524e+03 8.125809553202565629e-40
7.541533522991012433e+03 7.816782622484493507e-40
7.897740312219563748e+03 7.509153811994087355e-40
8.270771700358354792e+03 7.203121341370478791e-40
8.661422358191481180e+03 6.906092177182883011e-40
9.070524490928546584e+03 6.636793997022180745e-40
9.498949611055984860e+03 6.373734819593725561e-40
9.947610394924793582e+03 6.130490845078349318e-40
1.041746262702987769e+04 5.891701377237901404e-40
1.090950723612299225e+04 5.662279705852483323e-40
1.142479242749661535e+04 5.449888475267386285e-40
1.196441591598138439e+04 5.235863596030406097e-40
1.252952726441390587e+04 5.036522986254666921e-40
1.312133033255678674e+04 4.850591192260387185e-40
1.374108584168744710e+04 4.673789187933243033e-40
1.439011406031955448e+04 4.499263429757638430e-40
1.506979761677825627e+04 4.341558181836037769e-40
1.578158444462062471e+04 4.184675658831640692e-40
1.652699086717644968e+04 4.041722360439553148e-40
1.730760482777997095e+04 3.908426613902411058e-40
1.812508927257429241e+04 3.771945368138635517e-40
1.898118569309433951e+04 3.649008103900938703e-40
1.987771783617583424e+04 3.524942838836679025e-40
2.081659558909295811e+04 3.400843173111994204e-40
2.179981904820173440e+04 3.297351727776723172e-40
2.282948277975584642e+04 3.186613514232760010e-40
2.390778028197258027e+04 3.080542007467326706e-40
2.503700865785409042e+04 2.977028659733619226e-40
2.621957350871808012e+04 2.874982696086556892e-40
2.745799405886347085e+04 2.772590566131319521e-40
2.875490852228746371e+04 2.669391911992719509e-40
3.011307972288731617e+04 2.566511278002327158e-40
3.153540098011868395e+04 2.464840877568207635e-40
3.302490227264988062e+04 2.364943554884991199e-40
3.458475669314203697e+04 2.267656373733287332e-40
3.621828720790514490e+04 2.172621643836347560e-40
3.792897373583145963e+04 2.079359278765640220e-40
3.972046056168535870e+04 1.987107062723054407e-40
4.159656409954324045e+04 1.859090605910030353e-40
4.356128102292057156e+04 1.657672117222646327e-40
4.561879677890734456e+04 1.407329905764964715e-40
4.777349450444893591e+04 1.134005836185372834e-40
5.002996436376588099e+04 8.569026479180485784e-41
5.239301332680595806e+04 5.854291283048562758e-41
5.486767540955801815e+04 3.291921189140508808e-41
5.745922239804393757e+04 1.373369153576646654e-41
6.017317507883226062e+04 7.005846596958686043e-42
6.301531499999997322e+04 3.632752777399964887e-42
