1.776820000000000066e+00 0.000000000000000000e+00
1.860524440473903418e+00 0.000000000000000000e+00
1.948172124132287797e+00 0.000000000000000000e+00
2.039948813722313403e+00 0.000000000000000000e+00
2.136049023112138734e+00 1.123379210604980335e-53
2.236676429548597689e+00 3.784904642520906465e-51
2.342044305335978294e+00 1.275215262819553014e-48
2.452375969850808524e+00 4.296472751939302732e-46
2.567905262850666670e+00 1.447573491815160923e-43
2.688877040080159375e+00 3.705771946770642753e-42
2.815547692224459553e+00 7.766778034018551133e-42
2.948185688310297259e+00 1.627807698265965619e-41
3.087072144706096033e+00 3.305435845697666511e-41
3.232501420927207825e+00 6.654698264044058192e-41
3.384781743509017282e+00 1.182084034425531700e-40
3.544235859270155498e+00 1.812432611531015725e-40
3.711201719350384565e+00 2.616716100043140865e-40
3.886033195472902602e+00 3.704771883931244135e-40
4.069100829949143794e+00 5.238330385614284126e-40
4.260792621015649928e+00 7.229609432610434704e-40
4.461514845167478427e+00 9.446488445178271713e-40
4.671692918231017622e+00 1.200569379589653716e-39
4.891772297001193870e+00 1.511823058100305309e-39
5.122219423354018808e+00 1.880397025371087322e-39
5.363522712835457007e+00 2.257031346031770967e-39
5.616193589821850907e+00 2.650736976138489699e-39
5.880767571445852049e+00 3.116611386856607703e-39
6.157805402585164067e+00 3.662570688727171009e-39
6.447894244319594570e+00 4.269617199273325153e-39
6.751648918375308561e+00 4.856795777412841703e-39
7.069713210193748765e+00 5.408437721430984416e-39
7.402761233386999429e+00 5.980538811787327013e-39
7.751498858471455478e+00 6.594175669305516385e-39
8.116665208907884121e+00 7.231161096615559595e-39
8.499034227618633253e+00 7.828945017455734805e-39
8.899416317302096147e+00 8.428599436822998947e-39
9.318660058020965309e+00 9.044545063050088355e-39
9.757654005704555544e+00 9.595970257617754808e-39
1.021732857537702976e+01 1.015851504438923261e-38
1.069865801310282905e+01 1.069587918147839920e-38
1.120266246082877970e+01 1.117782167873660810e-38
1.173041011849903903e+01 1.165930583979099540e-38
1.228301950802548070e+01 1.213263843808248313e-38
1.286166184391168166e+01 1.261883211737613922e-38
1.346756351555494113e+01 1.305014405615304672e-38
1.410200868648744255e+01 1.338112075455438691e-38
1.476634201606531249e+01 1.368707477338492382e-38
1.546197150937417142e+01 1.397800650297628919e-38
1.619037150139114090e+01 1.426663551681120016e-38
1.695308578172825520e+01 1.447931492601386007e-38
1.775173086657964205e+01 1.464499187118574499e-38
1.858799942480747447e+01 1.477462396712698408e-38
1.946366386542765170e+01 1.487621384238720341e-38
2.038058009409896698e+01 1.493905027567011308e-38
2.134069144657705408e+01 1.494650985482000662e-38
2.234603280747008824e+01 1.491197780325668065e-38
2.339873492302527325e+01 1.485054492054262723e-38
2.450102891708715092e+01 1.478260501378838011e-38
2.565525101979856970e+01 1.470029382916520550e-38
2.686384751906680890e+01 1.459139112577301008e-38
2.812937994528878605e+01 1.443389328902462752e-38
2.945453050032432785e+01 1.428170443694793347e-38
3.084210774222342621e+01 1.410411671767452875e-38
3.229505253775627693e+01 1.390888773728123547e-38
3.381644429536154206e+01 1.369850998561666341e-38
3.540950749172366585e+01 1.345044014176362937e-38
3.707761850581132990e+01 1.320321425838957540e-38
3.882431277486152510e+01 1.295460864997621899e-38
4.065329228747598478e+01 1.269693346585397226e-38
4.256843342971054511e+01 1.241792208041791471e-38
4.457379520078727353e+01 1.211751390432000064e-38
4.667362781584126452e+01 1.181735117930631451e-38
4.887238171393574504e+01 1.152865223010349543e-38
5.117471699043645827e+01 1.125489762539802598e-38
5.358551327373745465e+01 1.096059264670429576e-38
5.610988006727033905e+01 1.065392240277170744e-38
5.875316757871703288e+01 1.034527452034414016e-38
6.152097805937684427e+01 1.004799094066392428e-38
6.441917767772167736e+01 9.756138077534002310e-39
6.745390895230359263e+01 9.455903467650511101e-39
7.063160377036632553e+01 9.162261740311353625e-39
7.395899701975170615e+01 8.870692220614307589e-39
7.744314086299377209e+01 8.592265867073829603e-39
8.109141968385273458e+01 8.312380170490618605e-39
8.491156573796702389e+01 8.034226694213787154e-39
8.891167554079434865e+01 7.765364805906708958e-39
9.310022702757375157e+01 7.506880875924933190e-39
9.748609752167922693e+01 7.245725314823211283e-39
1.020785825494459829e+02 6.992074964230788033e-39
1.068874155413475648e+02 6.744195398961897367e-39
1.119227884612775341e+02 6.499885450385767262e-39
1.171953734076594742e+02 6.258997165746591399e-39
1.227163452321652670e+02 6.023988247710395094e-39
1.284974052239825539e+02 5.796090772966535079e-39
1.345508059098267779e+02 5.577372231777339806e-39
1.408893770222607316e+02 5.369320868224661119e-39
1.475265526913579208e+02 5.164263126521711180e-39
1.544763999173423770e+02 4.969341464326496241e-39
1.617536483845501891e+02 4.782096573690571300e-39
1.693737216798988356e+02 4.594650288429272367e-39
1.773527699820333510e+02 4.411932824797453912e-39
1.857077042904285520e+02 4.235316075177962997e-39
1.944562322669954142e+02 4.065727076196478995e-39
2.036168957661525383e+02 3.900187801894004101e-39
2.132091101329081084e+02 3.742659411081977384e-39
2.232532053522404283e+02 3.586851198984379106e-39
2.337704691369878276e+02 3.441509952771476174e-39
2.447831920455737134e+02 3.303109562863184079e-39
2.563147147251870024e+02 3.163926082066508759e-39
2.683894773805488967e+02 3.033592289964973233e-39
2.810330715731076907e+02 2.907244741197541214e-39
2.942722944604511213e+02 2.785759575539486609e-39
3.081352055908883472e+02 2.668985229781943396e-39
3.226511863735768770e+02 2.554823457897552728e-39
3.378510023502326476e+02 2.447472955805886676e-39
3.537668684004083843e+02 2.345299437307747955e-39
3.704325170185359184e+02 2.246772329855078320e-39
3.878832698074377276e+02 2.150599461424343452e-39
4.061561123398382165e+02 2.058266282878328088e-39
4.252897725465341523e+02 1.968306125166051483e-39
4.453248027973651233e+02 1.883404520781143356e-39
4.663036658489432966e+02 1.802732429856972748e-39
4.882708248413094907e+02 1.725065679419999388e-39
5.112728375342510390e+02 1.650742535015716869e-39
5.353584549830133028e+02 1.579230250729505302e-39
5.605787248625322263e+02 1.509254372954868080e-39
5.869870996591873791e+02 1.443030573716418225e-39
6.146395499593701288e+02 1.379226716333205742e-39
6.435946830749818446e+02 1.319740104631589987e-39
6.739138672572687483e+02 1.263083006507783701e-39
7.056613617622682568e+02 1.207802648131595961e-39
7.389044530435256775e+02 1.154864543894708600e-39
7.737135973607239521e+02 1.102932930464949127e-39
8.101625701064892837e+02 1.054696711932962212e-39
8.483286221678473566e+02 1.008166363194861878e-39
8.882926436537364907e+02 9.641780332815400778e-40
9.301393353355731506e+02 9.219089377821485029e-40
9.739573881642406832e+02 8.815354538257889627e-40
1.019839671243962130e+03 8.422254976847889067e-40
1.067883428661464222e+03 8.043687432231940246e-40
1.118190485587580497e+03 7.686034679105521708e-40
1.170867464088132920e+03 7.336546620233394626e-40
1.226026009101467707e+03 7.012481249092497762e-40
1.283783025061605485e+03 6.711283236569883995e-40
1.344260923668486157e+03 6.404617886438925773e-40
1.407587883330467321e+03 6.114779005799735305e-40
1.473898120828932861e+03 5.838105736677551302e-40
1.543332175780770513e+03 5.575841301313055463e-40
1.616037208501643818e+03 5.325363641331158919e-40
1.692167311901333505e+03 5.082878627804952390e-40
1.771883838072207027e+03 4.852372420242089112e-40
1.855355740262967629e+03 4.633650234315246450e-40
1.942759930962508179e+03 4.419050537606162218e-40
2.034281656852769174e+03 4.203629432601193156e-40
2.130114891425313090e+03 4.009602751879031342e-40
2.230462746093701753e+03 3.823983176460659927e-40
2.335537900673040440e+03 3.642613843464930252e-40
2.445563054139023734e+03 3.465571512341257933e-40
2.560771396621863005e+03 3.301152385009730309e-40
2.681407103635410294e+03 3.144479641436527109e-40
2.807725853589009148e+03 2.988714892392849198e-40
2.939995369678864336e+03 2.839091286125902029e-40
3.078495987307458108e+03 2.696887891188360211e-40
3.223521248233567349e+03 2.563886928600221326e-40
3.375378522712200720e+03 2.434454912527359698e-40
3.534389660943004856e+03 2.308734669705378798e-40
3.700891675207806657e+03 2.189830368302747414e-40
3.875237454143094510e+03 2.075724516216117026e-40
4.057796510661231878e+03 1.965109421402968991e-40
4.248955765105609316e+03 1.852616172763341890e-40
4.449120365299513651e+03 1.739816962126816370e-40
4.658714545226825976e+03 1.632796097689332868e-40
4.878182524164388269e+03 1.530533753345615610e-40
5.107989448171748336e+03 1.430737262869904450e-40
5.348622375933604417e+03 1.336193292231066291e-40
5.600591311044490794e+03 1.246343376898985441e-40
5.864430282923452978e+03 1.158431829451283777e-40
6.140698478649708704e+03 1.073185343302580154e-40
6.429981428118043368e+03 9.917437130059784993e-41
6.732892245025891498e+03 9.078324836931906126e-41
7.050072926322241074e+03 8.244405377062481118e-41
7.382195712872381591e+03 7.417524262790885681e-41
7.729964514222454454e+03 6.598430783337764103e-41
8.094116400483363577e+03 5.796580808551523549e-41
8.475423164496100071e+03 5.017789097298966986e-41
8.874692957589215439e+03 4.255164064967186566e-41
9.292772002395498930e+03 3.520819819027114287e-41
9.730546386357891606e+03 2.831934929035739460e-41
1.018894393972597209e+04 2.195250084502525180e-41
1.066893620202306374e+04 1.627421490657519479e-41
1.117154048115214755e+04 1.129895330995193184e-41
1.169782200950413971e+04 7.239679917378462409e-42
1.224889620163887594e+04 4.150105304933062410e-42
1.282593101832325192e+04 2.125522001132626462e-42
1.343014944193713018e+04 9.814159661575525388e-43
1.406283206849369526e+04 4.290785012870795215e-43
1.472531982176738893e+04 1.807829755486039133e-43
1.541901679528203749e+04 5.673561143066015329e-44
1.614539322818282744e+04 1.014687054569462866e-44
1.690598862129874760e+04 0.000000000000000000e+00
1.770241500000000451e+04 0.000000000000000000e+00
