1.776820000000000066e+00 0.000000000000000000e+00
1.860496592661912363e+00 0.000000000000000000e+00
1.948113805172490887e+00 0.000000000000000000e+00
2.039857214935137719e+00 0.000000000000000000e+00
2.135921138834345534e+00 0.000000000000000000e+00
2.236509044808056235e+00 0.000000000000000000e+00
2.341833982802386860e+00 0.000000000000000000e+00
2.452119036021496612e+00 0.000000000000000000e+00
2.567597793428376018e+00 0.000000000000000000e+00
2.688514844497325473e+00 0.000000000000000000e+00
2.815126297266040023e+00 0.000000000000000000e+00
2.947700320784554684e+00 0.000000000000000000e+00
3.086517713109988126e+00 3.724935973403339927e-42
3.231872496050118393e+00 7.162065023273721917e-42
3.384072537915485679e+00 1.211345034094167119e-41
3.543440205599054149e+00 1.922081567642549357e-41
3.710313047364542260e+00 3.058724327896623925e-41
3.885044507789627399e+00 5.068421265573308697e-41
4.068004676378293105e+00 7.401604501775551662e-41
4.259581071427910537e+00 1.060313111951942126e-40
4.460179460811338537e+00 1.497982958861331006e-40
4.670224721412490787e+00 2.093493343696240016e-40
4.890161739035674415e+00 2.852407056702986398e-40
5.120456350694793102e+00 3.622917868483354303e-40
5.361596331278189353e+00 4.578368922426029612e-40
5.614092426678944037e+00 5.737520992125632547e-40
5.878479435578854329e+00 7.119816995965885349e-40
6.155317342177362150e+00 8.665773781013625680e-40
6.445192502264583290e+00 1.013909081609552627e-39
6.748718885150641000e+00 1.183196519723638684e-39
7.066539374081711955e+00 1.371364639776363974e-39
7.399327127897178613e+00 1.579074981960030087e-39
7.747787006811919674e+00 1.801662671180709515e-39
8.112657065343599427e+00 1.998204366977236424e-39
8.494710115547073670e+00 2.196583250799937099e-39
8.894755363866913456e+00 2.412520772266647930e-39
9.313640125074943654e+00 2.640220617088017355e-39
9.752251616923039990e+00 2.855405279139292231e-39
1.021151883931233328e+01 3.042923438921767105e-39
1.069241454195896246e+01 3.235528760864392268e-39
1.119595728472401852e+01 3.418457936283572714e-39
1.172321359497155235e+01 3.599045185315508894e-39
1.227530022652400454e+01 3.776955933873195441e-39
1.285338652499966194e+01 3.924191381331111349e-39
1.345869690454205170e+01 4.070444002585395380e-39
1.409251344118701610e+01 4.206665343925335892e-39
1.475617858836046636e+01 4.338954219331237913e-39
1.545109802025828039e+01 4.462141596260239235e-39
1.617874360913077680e+01 4.548474008674288235e-39
1.694065654277781974e+01 4.622483650142898889e-39
1.773845058885754611e+01 4.698140069665523372e-39
1.857381551292261435e+01 4.769772525578867990e-39
1.944852065742365355e+01 4.820615126253945947e-39
2.036441868926031873e+01 4.838382325233543356e-39
2.132344952381749081e+01 4.846757924666278842e-39
2.232764443379786101e+01 4.853114139631370502e-39
2.337913035155368391e+01 4.849234779442405185e-39
2.448013437403018955e+01 4.835719674964911944e-39
2.563298847986229845e+01 4.802729268004345538e-39
2.684013446861576213e+01 4.768805038740727330e-39
2.810412913263423818e+01 4.726770692625334441e-39
2.942764967244649910e+01 4.674039377642431103e-39
3.081349936720383909e+01 4.621294974088987020e-39
3.226461351215808548e+01 4.551484156505721759e-39
3.378406563575580179e+01 4.479870358774036086e-39
3.537507400951704284e+01 4.401784737711656008e-39
3.704100846448679363e+01 4.326202774527954723e-39
3.878539752869660617e+01 4.248328189767070352e-39
4.061193590075404103e+01 4.151687283959715953e-39
4.252449227538911458e+01 4.053742896849125702e-39
4.452711753753293067e+01 3.958131824341418803e-39
4.662405334228368048e+01 3.861461701099039633e-39
4.881974109893294411e+01 3.762180866703641111e-39
5.111883137808074196e+01 3.661812138311022861e-39
5.352619376176431842e+01 3.562096126308707334e-39
5.604692715746323017e+01 3.464737826742742180e-39
5.868637059782687260e+01 3.366771426218843112e-39
6.145011454899828607e+01 3.268104435443139222e-39
6.434401275148609045e+01 3.167217354427297570e-39
6.737419461866393533e+01 3.066917768509708077e-39
7.054707821915826571e+01 2.967888181633620735e-39
7.386938387062131994e+01 2.875721903963167125e-39
7.734814837368207918e+01 2.784876760583398658e-39
8.099073991622310587e+01 2.688601613943832958e-39
8.480487367955123545e+01 2.597511639471188681e-39
8.879862817951671161e+01 2.506130013950901249e-39
9.298046237719235307e+01 2.416164314975278323e-39
9.735923359535323129e+01 2.330594385385599418e-39
1.019442162787056958e+02 2.247094329612335483e-39
1.067451216376003202e+02 2.165462486851829376e-39
1.117721182168350111e+02 2.086206626383235299e-39
1.170358534331140987e+02 2.007374116138133177e-39
1.225474761267814188e+02 1.931325746428736461e-39
1.283186601755911624e+02 1.855690711450514948e-39
1.343616292205339562e+02 1.783160880058158839e-39
1.406891825560871041e+02 1.713868337189085720e-39
1.473147222397259100e+02 1.646487326703881284e-39
1.542522814781160321e+02 1.581749736275508199e-39
1.615165543501092316e+02 1.518773258237420487e-39
1.691229269294980782e+02 1.458174079187424135e-39
1.770875098734485107e+02 1.398867902149787900e-39
1.854271725456339936e+02 1.342411448233217294e-39
1.941595787463471368e+02 1.289155354406974484e-39
2.033032241252637391e+02 1.234633201335248497e-39
2.128774753561048669e+02 1.181037023488794101e-39
2.229026111561685184e+02 1.130705570913217564e-39
2.333998652376125165e+02 1.083322729457376541e-39
2.443914712814621737e+02 1.037326963665043939e-39
2.559007100295989403e+02 9.927789776663069404e-40
2.679519585944737514e+02 9.503657088742378469e-40
2.805707420909851635e+02 9.103911132388068668e-40
2.937837876998804632e+02 8.708751030891534935e-40
3.076190812771908440e+02 8.317011383104880037e-40
3.221059266295974908e+02 7.957536385640298766e-40
3.372750075812823525e+02 7.612468889101489982e-40
3.531584529637196965e+02 7.273735797614585204e-40
3.697899046660622844e+02 6.945721023467139293e-40
3.872045888902546267e+02 6.630934774447694287e-40
4.054393907617965169e+02 6.330044967147526472e-40
4.245329324541845040e+02 6.041315158940793729e-40
4.445256549925034619e+02 5.766545910191545089e-40
4.654599039094323416e+02 5.512173948174172169e-40
4.873800189350862411e+02 5.259698362921572215e-40
5.103324279106636254e+02 5.013468958461124192e-40
5.343657451248133157e+02 4.777761437392186214e-40
5.595308742809958176e+02 4.551593591027293183e-40
5.858811163139392875e+02 4.339880525466827497e-40
6.134722822835411762e+02 4.133788832761477927e-40
6.423628115853350664e+02 3.941662949825667498e-40
6.726138957278969883e+02 3.753642285834433304e-40
7.042896079393564150e+02 3.566276080036336534e-40
7.374570388775265428e+02 3.388920759553091846e-40
7.721864387310935172e+02 3.224021202674511347e-40
8.085513660128409583e+02 3.061023298561809538e-40
8.466288433600610688e+02 2.906264443396387796e-40
8.864995206721499699e+02 2.757615610853794143e-40
9.282478459309066920e+02 2.611356043133534762e-40
9.719622440653593003e+02 2.475088968753490981e-40
1.017735304239949414e+03 2.343905518875964119e-40
1.065663975962765335e+03 2.220924240070091131e-40
1.115849774429188528e+03 2.107079860268454615e-40
1.168398995535883842e+03 1.995044567331645391e-40
1.223422941020538246e+03 1.887021300797514820e-40
1.281038154204211423e+03 1.778318316892848377e-40
1.341366666835605656e+03 1.676188787107439921e-40
1.404536257560085460e+03 1.578234198998102323e-40
1.470680722560895447e+03 1.487244845720893384e-40
1.539940158945816393e+03 1.398414115488723167e-40
1.612461261479460518e+03 1.314736939357561398e-40
1.688397633289734131e+03 1.236018753032313561e-40
1.767910111206530246e+03 1.159464214481410321e-40
1.851167106421748940e+03 1.086849663040004825e-40
1.938344961192172377e+03 1.016435440223256214e-40
2.029628322340711748e+03 9.430211927867392968e-41
2.125210532347118715e+03 8.731684103751516355e-41
2.225294038856509815e+03 8.082378547751739520e-41
2.330090823473059572e+03 7.466096824927433357e-41
2.439822850747074426e+03 6.887628375846718788e-41
2.554722538306412844e+03 6.335812508060842124e-41
2.675033249128033731e+03 5.814560825769943392e-41
2.801009806992284666e+03 5.322403023514904420e-41
2.932919036211741513e+03 4.864784374468166217e-41
3.071040326777729661e+03 4.417339010865775744e-41
3.215666226121549244e+03 3.936978269078487420e-41
3.367103058743785823e+03 3.492173173308137471e-41
3.525671575024096910e+03 3.081945721861532530e-41
3.691707630585704010e+03 2.705958867663247035e-41
3.865562897653495838e+03 2.367019830670462849e-41
4.047605609912448926e+03 2.022872256012342966e-41
4.238221342443997855e+03 1.697415761807417954e-41
4.437813828392327196e+03 1.401675669935079263e-41
4.646805814090252170e+03 1.131304814805298195e-41
4.865639954455981751e+03 8.884575486199023914e-42
5.094779750557184343e+03 6.754257313308932474e-42
5.334710531328187244e+03 4.940339867298389996e-42
5.585940481519631248e+03 3.447811848845812833e-42
5.849001718057831567e+03 2.268959281819777148e-42
6.124451417093609962e+03 1.362575263647208094e-42
6.412872994127757011e+03 7.421471250035369998e-43
6.714877339712682442e+03 3.575253951870034981e-43
7.031104113347514613e+03 1.500977693034844854e-43
7.362223098307197688e+03 6.067229308549094136e-44
7.708935620275193287e+03 2.425683165206390526e-44
8.071976032784436029e+03 8.136005051390141716e-45
8.452113272612907167e+03 2.737894270652498478e-45
8.850152488428111610e+03 0.000000000000000000e+00
9.266936746130078973e+03 0.000000000000000000e+00
9.703348814504835900e+03 0.000000000000000000e+00
1.016031303497049339e+04 0.000000000000000000e+00
1.063879727937608550e+04 0.000000000000000000e+00
1.113981499999999323e+04 0.000000000000000000e+00
