1.776820000000000066e+00 0.000000000000000000e+00
1.860440196012497882e+00 0.000000000000000000e+00
1.947995701837564209e+00 0.000000000000000000e+00
2.039671719903074720e+00 0.000000000000000000e+00
2.135662168580736431e+00 0.000000000000000000e+00
2.236170092373353402e+00 0.000000000000000000e+00
2.341408091406201208e+00 2.106118596889796060e-43
2.451598771131010324e+00 3.793553127984286363e-43
2.566975213193781524e+00 6.832970069250179504e-43
2.687781468462456580e+00 1.230758563069816064e-42
2.814273073257308688e+00 2.216849518171388843e-42
2.946717589876027166e+00 3.104486607674476818e-42
3.085395172556832044e+00 4.332117328472339243e-42
3.230599160076792931e+00 6.045203556692551849e-42
3.382636696238830343e+00 8.435717957408841349e-42
3.541829379559909174e+00 1.177155189248625287e-41
3.708513943534662793e+00 1.465351136247342294e-41
3.883042968913401616e+00 1.819689808740039125e-41
4.065785629501130316e+00 2.259729595393403136e-41
4.257128473055166396e+00 2.806203880229164860e-41
4.457476238933114843e+00 3.484864853438948349e-41
4.667252714220786025e+00 4.066608139380971059e-41
4.886901630150932263e+00 4.737129987617935040e-41
5.116887600709017825e+00 5.518317616698170136e-41
5.357697105411354244e+00 6.428382741155827651e-41
5.609839518334492681e+00 7.488501939509139969e-41
5.873848185572470904e+00 8.396984498743368482e-41
6.150281553401077517e+00 9.402557841906022725e-41
6.439724349535433490e+00 1.052825935946353392e-40
6.742788819979600667e+00 1.178921323680171101e-40
7.060116024084448050e+00 1.320213762711505216e-40
7.392377190553149902e+00 1.442771417280091843e-40
7.740275137262647931e+00 1.575321326624311050e-40
8.104545757904334735e+00 1.720556283103879855e-40
8.485959578588602170e+00 1.879794378630060396e-40
8.885323387705852838e+00 2.054620272582645051e-40
9.303481942491588441e+00 2.210093083593247373e-40
9.741319755905371025e+00 2.377278214204636466e-40
1.019976296760336432e+01 2.559851351369030810e-40
1.067978130296204675e+01 2.759609958317024765e-40
1.118239012429695478e+01 2.978609867562078616e-40
1.170865257861530395e+01 3.181610262967864655e-40
1.225968184644549730e+01 3.401033070611534362e-40
1.283664349650045011e+01 3.640662492289212248e-40
1.344075795115534966e+01 3.903600052095185026e-40
1.407330306795510744e+01 4.192626482356737522e-40
1.473561684261190408e+01 4.472291543192738317e-40
1.542910023921047902e+01 4.776164085367614827e-40
1.615522015360769004e+01 5.400919724633533051e-40
1.691551251629480745e+01 6.044082742930761543e-40
1.771158554128576057e+01 6.741821278678628859e-40
1.854512312790367901e+01 7.476040940563869077e-40
1.941788842266128157e+01 8.255991940655845931e-40
2.033172754876957811e+01 9.077354785326557706e-40
2.128857351116353058e+01 9.934654826922927341e-40
2.229045028530495287e+01 1.082034652184915821e-39
2.333947709841152829e+01 1.170964309401417769e-39
2.443787291216777291e+01 1.260538955787944977e-39
2.558796111640003801e+01 1.326341461874443501e-39
2.679217444364396528e+01 1.377820723293337374e-39
2.805306011499983398e+01 1.430847519762723795e-39
2.937328522816079612e+01 1.483357297574626836e-39
3.075564239901087404e+01 1.535361763227692562e-39
3.220305566872618641e+01 1.586426854074794999e-39
3.371858668887468724e+01 1.638162679722507504e-39
3.530544119759706234e+01 1.690878579567670440e-39
3.696697580056796539e+01 1.743478232070234687e-39
3.870670507108089708e+01 1.796843781613852194e-39
4.052830898427509254e+01 1.851251162964739358e-39
4.243564070123018439e+01 1.907219907448361991e-39
4.443273471939343011e+01 1.965342915547891230e-39
4.652381540658008419e+01 2.025442346675757724e-39
4.871330593659858721e+01 2.089316416180904640e-39
5.100583764540146348e+01 2.158628923147733119e-39
5.340625982755277334e+01 2.236853804254291802e-39
5.591964999373414713e+01 2.323941504051381085e-39
5.855132461098648378e+01 2.418254203820900926e-39
6.130685034840617931e+01 2.519910647793866628e-39
6.419205585208275977e+01 2.628618407691590155e-39
6.721304407418536186e+01 2.744426238472482535e-39
7.037620518227736000e+01 2.867551747950450081e-39
7.368823007616518339e+01 2.997741629898958742e-39
7.715612454087344929e+01 3.136620807848257744e-39
8.078722406568327585e+01 3.284938309399063907e-39
8.458920936057977258e+01 3.434388884150973079e-39
8.857012260293063832e+01 3.581386694409288893e-39
9.273838444876086839e+01 3.723550141593793101e-39
9.710281184460723125e+01 3.860539317556988138e-39
1.016726366776294981e+02 3.991140156893200620e-39
1.064575253034277296e+02 4.114116750084096913e-39
1.114675989928718138e+02 4.228316653754672408e-39
1.167134553411944466e+02 4.332929742665839936e-39
1.222061906846319062e+02 4.427400042811935121e-39
1.279574235720316153e+02 4.511965315009884795e-39
1.339793193410726246e+02 4.596834344236742351e-39
1.402846158510857322e+02 4.684971072219338887e-39
1.468866504269041684e+02 4.775130274918197085e-39
1.537993880707380470e+02 4.868392977107045782e-39
1.610374510017481100e+02 4.964873640851073036e-39
1.686161495858024466e+02 5.064602512057864203e-39
1.765515147208399753e+02 5.167633285794179155e-39
1.848603317463462190e+02 5.274228634092332294e-39
1.935601759486654032e+02 5.384777954459419676e-39
2.026694497372544959e+02 5.499485932157699072e-39
2.122074215705151801e+02 5.618723116048568895e-39
2.221942667135421345e+02 5.742560597846611521e-39
2.326511099140011254e+02 5.869853559171966793e-39
2.436000700864068165e+02 6.001661328614302084e-39
2.550643070993197341e+02 6.138170663080393965e-39
2.670680707644276026e+02 6.279482915940971487e-39
2.796367521311394739e+02 6.425736995024109453e-39
2.927969371951887751e+02 6.577255855577941477e-39
3.065764631348565672e+02 6.734490268231419395e-39
3.210044771937679684e+02 6.897167559156274906e-39
3.361114983348132910e+02 7.057510549753551810e-39
3.519294817956091492e+02 7.212507116753023925e-39
3.684918866820498238e+02 7.360605360590651916e-39
3.858337467429275307e+02 7.502089285608330366e-39
4.039917444753257882e+02 7.636552265197422028e-39
4.230042887175436590e+02 7.763512545074286471e-39
4.429115958936718584e+02 7.882534564478606669e-39
4.637557750816801558e+02 7.993303585759257403e-39
4.855809170849544216e+02 8.095602665096741391e-39
5.084331876956927658e+02 8.189838412308603630e-39
5.323609253474378420e+02 8.285680970003769906e-39
5.574147433633017954e+02 8.386396293335618378e-39
5.836476370161733485e+02 8.491011947988654739e-39
6.111150956273570500e+02 8.600497768102863651e-39
6.398752199407684884e+02 8.715104490362411184e-39
6.699888450209606390e+02 8.834967618281561834e-39
7.015196689349414783e+02 8.960251976995969362e-39
7.345343874899792809e+02 9.091152757595524303e-39
7.691028353123989518e+02 9.227897798810340492e-39
8.052981335657908630e+02 9.369992078015338470e-39
8.431968446210862567e+02 9.505352014810882644e-39
8.828791340056803847e+02 9.629225069320387907e-39
9.244289399741516036e+02 9.739906040212666380e-39
9.679341510592720397e+02 9.837846561136530467e-39
1.013486791978873725e+03 9.922777291619469052e-39
1.061183218291809681e+03 9.994319434448755495e-39
1.111124320214759564e+03 1.005216681658748759e-38
1.163415736030999369e+03 1.009602423058359903e-38
1.218168075542562974e+03 1.012562707623336009e-38
1.275497154038435383e+03 1.014149462383118635e-38
1.335524237273696372e+03 1.015402584791714836e-38
1.398376297977801187e+03 1.016697186915123442e-38
1.464186284434580330e+03 1.017902344225630896e-38
1.533093401702075198e+03 1.019121331569077189e-38
1.605243406067060960e+03 1.020374030278349453e-38
1.680788913357107049e+03 1.021658627067795954e-38
1.759889721762322097e+03 1.022974114575427940e-38
1.842713149849660567e+03 1.024310391944397988e-38
1.929434390484747610e+03 1.025650451961108938e-38
2.020236881409876787e+03 1.026964750699869094e-38
2.115312693262045741e+03 1.027668777332280038e-38
2.214862935851782368e+03 1.027536184493786433e-38
2.319098183562156009e+03 1.026429945466221942e-38
2.428238920767778382e+03 1.024463373527610905e-38
2.542516008216015962e+03 1.021666256575229819e-38
2.662171171356872037e+03 1.018043900925096023e-38
2.787457511654528389e+03 1.013603916545894327e-38
2.918640041962077703e+03 1.008347908714018953e-38
3.055996247091912210e+03 1.002272810284335927e-38
3.199816670767514097e+03 9.953965267973266909e-39
3.350405530198202996e+03 9.878077779295822622e-39
3.508081359576831801e+03 9.795512323738681169e-39
3.673177683861566948e+03 9.705132840674918770e-39
3.846043724267030484e+03 9.608196634053573549e-39
4.027045136957030081e+03 9.505186866848937515e-39
4.216564786501453455e+03 9.396313966614728567e-39
4.415003555733364919e+03 9.281801187136826360e-39
4.622781193719372823e+03 9.161874242937536491e-39
4.840337203636927370e+03 9.036761438324537607e-39
5.068131772436639039e+03 8.906702960473817197e-39
5.306646744256135207e+03 8.771579874376292617e-39
5.556386639644401839e+03 8.631515712464394326e-39
5.817879722752588350e+03 8.485718483515439732e-39
6.091679118748640576e+03 8.335380309242006055e-39
6.378363983819384885e+03 8.181074744879127367e-39
6.678540730234908551e+03 8.023117543030412937e-39
6.992844309066580536e+03 7.861829054122740100e-39
7.321939553271980003e+03 7.697589595248366552e-39
7.666522583987674807e+03 7.530835011749755480e-39
8.027322283004619749e+03 7.361950725363123009e-39
8.405101834540697382e+03 7.192923271594913666e-39
8.800660339571762961e+03 7.024655968348362478e-39
9.214834506135850461e+03 6.856508028424427317e-39
9.648500419186022555e+03 6.689223216669986619e-39
1.010257539373551845e+04 6.523124737309782297e-39
1.057801991521501441e+04 6.358328278103926088e-39
1.107583967114661209e+04 6.194945932342770367e-39
1.159708767843169153e+04 6.033173561722444055e-39
1.214286651075267946e+04 5.873291144554746721e-39
1.271433063080014108e+04 5.715321493564458137e-39
1.331268883225848003e+04 5.557638253840576891e-39
1.393920679671567996e+04 5.399688570838792671e-39
1.459520977090558154e+04 5.241285145520262714e-39
1.528208536994580209e+04 5.083054060580064802e-39
1.600128651250080839e+04 4.925381913272011662e-39
1.675433449407882290e+04 4.768515067587873653e-39
1.754282220496333684e+04 4.612691384782441796e-39
1.836841749958603032e+04 4.458215085375883201e-39
1.923286672446799639e+04 4.305462089916818516e-39
2.013799841219227528e+04 4.154680757635322855e-39
2.108572714922071827e+04 4.007854573163849716e-39
2.207805762573712127e+04 3.865783775129168011e-39
2.311708887608288205e+04 3.728096212165465113e-39
2.420501871875483266e+04 3.594838238528384638e-39
2.534414840535699113e+04 3.465950847258128906e-39
2.653688748833994759e+04 3.341305780901616557e-39
2.778575891782440885e+04 3.220778645639013511e-39
2.909340437829000439e+04 3.104293790911621572e-39
3.046258987641781641e+04 2.991831483327561562e-39
3.189621159190637627e+04 2.883246730201015319e-39
3.339730200363705080e+04 2.777730401685681378e-39
3.496903630414735380e+04 2.674900080010364874e-39
3.661473911598033010e+04 2.574638708909421379e-39
3.833789152411662508e+04 2.477011809736779770e-39
4.014213843936549529e+04 2.382037696803967924e-39
4.203129630828894005e+04 2.289696771007017141e-39
4.400936118596843880e+04 2.199967291358015524e-39
4.608051718868986063e+04 2.112850259559921134e-39
4.824914534442623699e+04 2.028375875931604296e-39
5.051983285983938549e+04 1.946518362455209127e-39
5.289738282340260048e+04 1.867619542939572957e-39
5.538682436516880989e+04 1.791781898525555590e-39
5.799342329467499803e+04 1.718849762272680834e-39
6.072269323948452802e+04 1.648743575390033962e-39
6.358040730792840623e+04 1.581372346091987194e-39
6.657261030071518326e+04 1.516634106909764595e-39
6.970563149724010145e+04 1.454430812266525464e-39
7.298609804363992589e+04 1.394679258926430395e-39
7.642094897091253370e+04 1.337314950149191550e-39
8.001744987275351014e+04 1.282245535824989988e-39
8.378320827415592794e+04 1.229303152891770795e-39
8.772618972328459495e+04 1.178369302842146868e-39
9.185473464065979351e+04 1.129361014686383446e-39
9.617757596129324520e+04 1.082222328301942558e-39
1.007038576070931595e+05 1.036894476630773343e-39
1.054431538286123687e+05 9.933149503085930036e-40
1.104054894570522156e+05 9.514231584885963436e-40
1.156013611093605141e+05 9.111655647108566067e-40
1.210417593912777811e+05 8.724981170910656298e-40
1.267381921452968672e+05 8.353655129233595092e-40
1.327027087927115208e+05 7.997940831246874066e-40
1.389479258212433488e+05 7.657649851730667231e-40
1.454870534721603326e+05 7.332072171313786759e-40
1.523339236833368777e+05 7.020577437361327634e-40
1.595030193473625404e+05 6.722556717032607507e-40
1.670095049465856573e+05 6.437417046149387034e-40
1.748692586298983661e+05 6.164592250974460098e-40
1.830989057991063746e+05 5.903574007815386394e-40
1.917158542759330012e+05 5.653930118791318736e-40
2.007383311240419571e+05 5.415152716029356827e-40
2.101854212039678823e+05 5.186428953908171866e-40
2.200771075425081654e+05 4.967144057380652509e-40
2.304343136019672093e+05 4.756935348929804345e-40
2.412789475386641279e+05 4.555425843853849008e-40
2.526339485443215235e+05 4.362256899655704938e-40
2.645233353683596360e+05 4.177091625720645100e-40
2.769722571237325901e+05 3.999606418269059279e-40
2.900070464837749023e+05 3.829503097164133303e-40
3.036552753825822147e+05 3.666517726567692019e-40
3.179458133367477567e+05 3.510361488536474940e-40
3.329088885118199396e+05 3.360895264175493203e-40
3.485761516626524972e+05 3.217918547129634017e-40
3.649807430828937213e+05 3.081181080560047018e-40
3.821573627052407246e+05 2.950385145279023128e-40
4.001423435007244116e+05 2.825251504102503343e-40
4.189737283322946751e+05 2.705530449230629623e-40
4.386913504252660205e+05 2.590983494954295273e-40
4.593369176248405129e+05 2.481400785047958578e-40
4.809541006189342006e+05 2.376616364119363111e-40
5.035886253129210672e+05 2.276418532358942171e-40
5.272883695516906446e+05 2.180727947052911223e-40
5.521034643936119974e+05 2.089413710451492128e-40
5.780864001506231725e+05 2.002307835909004230e-40
6.052921374187506735e+05 1.919179934272569957e-40
6.337782233339133672e+05 1.839814798371402513e-40
6.636049132989263162e+05 1.764030528099402532e-40
6.948352984391853679e+05 1.691654547357415874e-40
7.275354390566294314e+05 1.622535464953326793e-40
7.617745043642878300e+05 1.556555404858363049e-40
7.976249187969624763e+05 1.493563177366706625e-40
8.351625152075467631e+05 1.433346366316087151e-40
8.744666952730263583e+05 1.375728856777482953e-40
9.156205974494602997e+05 1.320643672717730419e-40
9.587112728312119143e+05 1.267948222047997534e-40
1.003829869286416681e+06 1.217507354884452190e-40
1.051071824258180801e+06 1.169219413887076671e-40
1.100537066639334895e+06 1.122987700256941669e-40
1.152330228147760266e+06 1.078802514321513774e-40
1.206560864649398951e+06 1.036902896578345114e-40
1.263343687897106167e+06 9.971930399190432356e-41
1.322798808175529120e+06 9.595446632460328185e-41
1.385051988365270197e+06 9.238380291896068951e-41
1.450234909963745624e+06 8.899883734296919526e-41
1.518485451625444926e+06 8.577215671199609463e-41
1.589947980810756562e+06 8.269074522754808394e-41
1.664773659160319483e+06 7.974731565300540395e-41
1.743120762240782613e+06 7.693498589010344674e-41
1.825155014338365989e+06 7.425069751166038152e-41
1.911049939008375863e+06 7.170190646261415421e-41
2.000987226122181164e+06 6.928254122529605011e-41
2.095157116188051878e+06 6.698534709833823759e-41
2.193758802758792881e+06 6.480354540904554251e-41
2.297000853777372278e+06 6.274155206924937958e-41
2.405101652751797345e+06 6.080626547813776652e-41
2.518289860692436341e+06 5.898807265576704230e-41
2.636804899788904469e+06 5.727999804083176590e-41
2.760897459849609528e+06 5.567900017219962577e-41
2.890830028575215489e+06 5.417679001795599183e-41
3.026877446787687484e+06 5.274355235356279898e-41
3.169327489789338782e+06 5.137271862968703628e-41
3.318481476081693079e+06 5.006135770553689711e-41
3.474654904731636867e+06 4.880904822115684890e-41
3.638178122733148281e+06 4.763599292580003371e-41
3.809397023776205722e+06 4.658878675098531478e-41
3.988673779900962953e+06 4.566173850858963593e-41
4.176387607584818266e+06 4.484855168089166166e-41
4.372935569882860407e+06 4.414386604562757882e-41
4.578733416318418458e+06 4.351367292764754461e-41
4.794216462300295010e+06 4.280150277401463881e-41
5.019840509926893748e+06 4.199039095021970415e-41
5.256082812124956399e+06 4.112743746056644772e-41
5.503443082162330858e+06 4.048440653798576594e-41
5.762444550670135766e+06 4.007003298961257715e-41
6.033635072410201654e+06 3.974144769930682582e-41
6.317588285128890537e+06 3.948738615555631860e-41
6.614904822948568501e+06 3.943241521565952245e-41
6.926213586863300763e+06 3.962978417267079403e-41
7.252173075026385486e+06 4.008429400942041966e-41
7.593472775643365458e+06 4.078990511060967794e-41
7.950834625417040661e+06 4.176372057985680499e-41
8.325014536629389040e+06 4.305576600544555544e-41
8.716803996090583503e+06 4.469247354678359952e-41
9.127031739337291569e+06 4.672303993601321283e-41
9.556565503621615469e+06 4.921107181126998783e-41
1.000631386339869536e+07 5.223923997059435309e-41
1.047722815219551697e+07 5.591570004951079838e-41
1.097030447492615134e+07 6.038491676729137388e-41
1.148658581491000019e+07 6.583901395023117620e-41
1.202716424004993960e+07 7.255154843617872824e-41
1.259318321283698454e+07 8.092609477861493030e-41
1.318584000906776078e+07 9.160559501435901302e-41
1.380638825039084256e+07 1.057520106741898412e-40
1.445614055603931844e+07 1.259187667085825167e-40
1.513647131935818121e+07 1.600473067200048599e-40
1.584881961499998905e+07 1.033900163601123265e-40
