1.776820000000000066e+00 0.000000000000000000e+00
1.860384078463801050e+00 0.000000000000000000e+00
1.947878186536400325e+00 0.000000000000000000e+00
2.039487154027566529e+00 0.000000000000000000e+00
2.135404503317350766e+00 0.000000000000000000e+00
2.235832858168807391e+00 0.000000000000000000e+00
2.340984371767237615e+00 8.395043596944926388e-42
2.451081174890170633e+00 1.600709137165377704e-41
2.566355845154838722e+00 3.052122019636887584e-41
2.687051898334425815e+00 5.819576215607034928e-41
2.813424302780978437e+00 1.109636741629609879e-40
2.945740018041699493e+00 1.587618998343545113e-40
3.084278558806434312e+00 2.257893967559405439e-40
3.229332585377679532e+00 3.211152701776241321e-40
3.381208521910479714e+00 4.566868155886290375e-40
3.540227203728221639e+00 6.494952957242166002e-40
3.706724555081780004e+00 8.156365021507401518e-40
3.881052298783759458e+00 1.020252374537160863e-39
4.063578699216938261e+00 1.341038902507887465e-39
4.254689340286487820e+00 1.693015145130549971e-39
4.454787939959385490e+00 2.105730962875978106e-39
4.664297203111736678e+00 2.515042544935218984e-39
4.883659714485604653e+00 2.962222840720234818e-39
5.113338873641727567e+00 3.462383846117215065e-39
5.353819873883169933e+00 4.015474455180384674e-39
5.605610727217908540e+00 4.652088137068254511e-39
5.869243337525515969e+00 5.327665385100024436e-39
6.145274624195029567e+00 6.117558507221755600e-39
6.434287698607653816e+00 7.031634050788476957e-39
6.736893095949601395e+00 8.085742075678056476e-39
7.053730064957250967e+00 9.174626488976833919e-39
7.385467918319191583e+00 1.009180212876323345e-38
7.732807446587845135e+00 1.091704541579498496e-38
8.096482398587559359e+00 1.188352487295686108e-38
8.477261031446463591e+00 1.304050810086478250e-38
8.875947733526535544e+00 1.426599964618761230e-38
9.293384723680299331e+00 1.536323536639350328e-38
9.730453830423755335e+00 1.642685655869565267e-38
1.018807835478408919e+01 1.762942726598900728e-38
1.066722502075730539e+01 1.895560893035980609e-38
1.116890601749619094e+01 2.016625226088153891e-38
1.169418113754261057e+01 2.131403884820382527e-38
1.224416001562115142e+01 2.278017446057304202e-38
1.282000447272355892e+01 2.422380281331361463e-38
1.342293097043573624e+01 2.550294397890678426e-38
1.405421318069208070e+01 2.690645997844773635e-38
1.471518467638570016e+01 2.833283829107544091e-38
1.540724174851839656e+01 2.975490188066169901e-38
1.613184635584156723e+01 3.111493565911404080e-38
1.689052921321908940e+01 3.241117600051870677e-38
1.768489302523638074e+01 3.382908270343297847e-38
1.851661587188645086e+01 3.521004965645222713e-38
1.938745475348525105e+01 3.645931845880083042e-38
2.029924930230484748e+01 3.778876001065308010e-38
2.125392566876519851e+01 3.925116705674177151e-38
2.225350059039400108e+01 4.054121892285219064e-38
2.330008565215035432e+01 4.164152729794063966e-38
2.439589174711190012e+01 4.282798996847933447e-38
2.554323374694871873e+01 4.405037577440820116e-38
2.674453539205021002e+01 4.525227532452046352e-38
2.800233441163530301e+01 4.629574220986967220e-38
2.931928788466212410e+01 4.720402727752273570e-38
3.069817785286187117e+01 4.825228336359132859e-38
3.214191719775458012e+01 4.922644771382054096e-38
3.365355579406155329e+01 5.003575788479079732e-38
3.523628695251365883e+01 5.083785758954010498e-38
3.689345416566572311e+01 5.156350428661036895e-38
3.862855817096752276e+01 5.223435578627918049e-38
4.044526434601185372e+01 5.279483864086366832e-38
4.234741045158208550e+01 5.324662419178116588e-38
4.433901473885642730e+01 5.378949637596684059e-38
4.642428443789484049e+01 5.427973339403152561e-38
4.860762464534075633e+01 5.456801699277978588e-38
5.089364763011256088e+01 5.477828190654916752e-38
5.328718257674292857e+01 5.496715988560454582e-38
5.579328578694873642e+01 5.508067375575338137e-38
5.841725136098204274e+01 5.505998661205316072e-38
6.116462238132663742e+01 5.495593691027411312e-38
6.404120262236509120e+01 5.481047525217602927e-38
6.705306881075304659e+01 5.462285502954121904e-38
7.020658346240060155e+01 5.426305877360787229e-38
7.350840832317852858e+01 5.375480546493817846e-38
7.696551844174275914e+01 5.329359250366091377e-38
8.058521690420542427e+01 5.279971283155811921e-38
8.437515026177987920e+01 5.223186722750677899e-38
8.834332468398942240e+01 5.162541275240106884e-38
9.249812287156382240e+01 5.091797774437853332e-38
9.684832176475146071e+01 5.012121583957556029e-38
1.014031110844557872e+02 4.930039185546380382e-38
1.061721127453640889e+02 4.848692531142279448e-38
1.111654011820775736e+02 4.767066506261329429e-38
1.163935246311826717e+02 4.683409504575099965e-38
1.218675274142212572e+02 4.594639677985243790e-38
1.275989732686304166e+02 4.501940944641044433e-38
1.335999697759414460e+02 4.407106839773443575e-38
1.398831939388381329e+02 4.316786430539367394e-38
1.464619189611095464e+02 4.224154618782435073e-38
1.533500422870655768e+02 4.124513637389020522e-38
1.605621149596510691e+02 4.020800751868717234e-38
1.681133723592764113e+02 3.915331733381832012e-38
1.760197663882971426e+02 3.813308063296810531e-38
1.842979991691369150e+02 3.713783171870449508e-38
1.929655583272345893e+02 3.612947802181539238e-38
2.020407539333558589e+02 3.515141801988370079e-38
2.115427571833036779e+02 3.421676020453202009e-38
2.214916408967437462e+02 3.322868986075062357e-38
2.319084219206917510e+02 3.219624820765587833e-38
2.428151055272456915e+02 3.122752888123125413e-38
2.542347318993459169e+02 3.028148068044270541e-38
2.661914248027689496e+02 2.933014828879823519e-38
2.787104425471717377e+02 2.838504348425674055e-38
2.918182313438378515e+02 2.744933256753366914e-38
3.055424811728494774e+02 2.652364830571960585e-38
3.199121842776953031e+02 2.561328712726764872e-38
3.349576964108925381e+02 2.472278189551150185e-38
3.507108009599938896e+02 2.386141901759052632e-38
3.672047760894515704e+02 2.302142952241517432e-38
3.844744650401735271e+02 2.220659480901476880e-38
4.025563497352718514e+02 2.140860552231764342e-38
4.214886278475060521e+02 2.062317746876174818e-38
4.413112934912113019e+02 1.986808731413173611e-38
4.620662217091858679e+02 1.914190103330668693e-38
4.837972569330008241e+02 1.843359538842942090e-38
5.065503056036149019e+02 1.773515680209159325e-38
5.303734331479487309e+02 1.704459517482318216e-38
5.553169655162754452e+02 1.638586094589701551e-38
5.814335954949352754e+02 1.575363646415968408e-38
6.087784940189434337e+02 1.513467114096456873e-38
6.374094267196527426e+02 1.454543680718657643e-38
6.673868759536595689e+02 1.399265258806835420e-38
6.987741685707518400e+02 1.343884808415681208e-38
7.316376096908002182e+02 1.288865009825958611e-38
7.660466227721866517e+02 1.237193491261063990e-38
8.020738962676816755e+02 1.187905443045702771e-38
8.397955371775534559e+02 1.140318684833901021e-38
8.792912318243132859e+02 1.095671673068065507e-38
9.206444141887059232e+02 1.053043759538154572e-38
9.639424421625716377e+02 1.009922231759604855e-38
1.009276782090905385e+03 9.679097034224511818e-39
1.056743201992941749e+03 9.281969577747150872e-39
1.106441973870468701e+03 8.901781650577252870e-39
1.158478085530711951e+03 8.536087972022556445e-39
1.212961462371294374e+03 8.182940514147534146e-39
1.270007199595753036e+03 7.843945116119880726e-39
1.329735805350196642e+03 7.519491948381706678e-39
1.392273455294710402e+03 7.200966713635881220e-39
1.457752259147274572e+03 6.891029677811260827e-39
1.526310539763300540e+03 6.603012202859136087e-39
1.598093125340289362e+03 6.328978317860340520e-39
1.673251655364939324e+03 6.062619825488234074e-39
1.751944900948961504e+03 5.812107494854801259e-39
1.834339100230348095e+03 5.575273772763208536e-39
1.920608309548606940e+03 5.341276438705768920e-39
2.010934771135794335e+03 5.115696227499859891e-39
2.105509298100134401e+03 4.903033057278400499e-39
2.204531677515438332e+03 4.696014316489868887e-39
2.308211092467902290e+03 4.494640032367464687e-39
2.416766563951792705e+03 4.304096683544580258e-39
2.530427413547562537e+03 4.120540447155753508e-39
2.649433747859785399e+03 3.940675208116445313e-39
2.774036965738239815e+03 3.767660502269894207e-39
2.904500289353708467e+03 3.602780709679661661e-39
3.041099320250300934e+03 3.447617773319110725e-39
3.184122621549031464e+03 3.299670688797025742e-39
3.333872327532468262e+03 3.156848191298475377e-39
3.490664781898253750e+03 3.022150241140966569e-39
3.654831206029778514e+03 2.895492288750948005e-39
3.826718398695674296e+03 2.773787861518361414e-39
4.006689468656323243e+03 2.657754754783050638e-39
4.195124601724883178e+03 2.548133775810640437e-39
4.392421863903361555e+03 2.442048779068869375e-39
4.598998042290220837e+03 2.339234832100726780e-39
4.815289525536020847e+03 2.241647567853126246e-39
5.041753225707009733e+03 2.148272702766434219e-39
5.278867543504027708e+03 2.058010907688183735e-39
5.527133378875864764e+03 1.971361073953363290e-39
5.787075189161808339e+03 1.888584132986862749e-39
6.059242096998865236e+03 1.809084803683273443e-39
6.344209050333915911e+03 1.733047529900657625e-39
6.642578036991457338e+03 1.660783656460997228e-39
6.954979356362627186e+03 1.591727972026724778e-39
7.282072950901858349e+03 1.525492225605275026e-39
7.624549800244106336e+03 1.461535372196985679e-39
7.983133380887474232e+03 1.400773694659313765e-39
8.358581194525027968e+03 1.344116288739628033e-39
8.751686368254131594e+03 1.290014142169642058e-39
9.163279330043935261e+03 1.238327509399647262e-39
9.594229563000299095e+03 1.189169738149176880e-39
1.004544744213395643e+04 1.142063589007314411e-39
1.051788615751227371e+04 1.096650012735348138e-39
1.101254372785686246e+04 1.053065637872697624e-39
1.153046510884123745e+04 1.011462428652281887e-39
1.207274440054178376e+04 9.723546034082154539e-40
1.264052715870539942e+04 9.348665680266863646e-40
1.323501281471661787e+04 8.980044140376250186e-40
1.385745720937582882e+04 8.626278310166140335e-40
1.450917524584158491e+04 8.292588210257718115e-40
1.519154366734096584e+04 7.972798902642912266e-40
1.590600396551631638e+04 7.668326132935427231e-40
1.665406542555161650e+04 7.383378630867692252e-40
1.743730831451173435e+04 7.110664791781664553e-40
1.825738721962949057e+04 6.848857244122402679e-40
1.911603454359318130e+04 6.604203696865681319e-40
2.001506416421740505e+04 6.370259658274975722e-40
2.095637526622923178e+04 6.138640397005189441e-40
2.194195635326338379e+04 5.915758301807981639e-40
2.297388944854228612e+04 5.708357523886839058e-40
2.405435449311441698e+04 5.516038552406611686e-40
2.518563395094282532e+04 5.333862607904715531e-40
2.637011763057116696e+04 5.158640414865928086e-40
2.761030773355328347e+04 4.993177639034098340e-40
2.890882414031160079e+04 4.836777706113880810e-40
3.026840994458957721e+04 4.682404603308581586e-40
3.169193724819054114e+04 4.533400563140577043e-40
3.318241322824345843e+04 4.395194661058094278e-40
3.474298648981366568e+04 4.261539170068497859e-40
3.637695371727714519e+04 4.136739486433295505e-40
3.808776663850978366e+04 4.027999825292860937e-40
3.987903931660397939e+04 3.915015324263648004e-40
4.175455578451500332e+04 3.779383558785211952e-40
4.371827803876612597e+04 3.671865885732112222e-40
4.577435440909834142e+04 3.591206978906090414e-40
4.792712832174660434e+04 3.513278107357212769e-40
5.018114747485340195e+04 3.436456926782178586e-40
5.254117344540313206e+04 3.355797528159480686e-40
5.501219174797277810e+04 3.269227914468767458e-40
5.759942236654596491e+04 3.178969686143252947e-40
6.030833078164024482e+04 3.082340725326446877e-40
6.314463951604091562e+04 2.977819187455401693e-40
6.611434022353340697e+04 2.867060947682220575e-40
6.922370634616933239e+04 2.750395757781420171e-40
7.247930636680527823e+04 2.628363724624098097e-40
7.588801768491150870e+04 2.501531859357700111e-40
7.945704114496045804e+04 2.370583918216448560e-40
8.319391624808804772e+04 2.236185462685625123e-40
8.710653707916043641e+04 2.099147326288082439e-40
9.120316898289456731e+04 1.960258406202418923e-40
9.549246602425731544e+04 1.820065005593026711e-40
9.998348927002942946e+04 1.677812137832611923e-40
1.046857259301555168e+05 1.527799740866020262e-40
1.096091093993124377e+05 1.348831612607335580e-40
1.147640402410363022e+05 1.086215835682769343e-40
1.201614081587345863e+05 7.602314585145640051e-41
1.258126149999999907e+05 6.879309690183933919e-41
