1.776820000000000066e+00 0.000000000000000000e+00
1.860533746647149433e+00 0.000000000000000000e+00
1.948191613338930761e+00 0.000000000000000000e+00
2.039979424788124440e+00 2.741918643762512453e-53
2.136091760720920441e+00 8.430345530959073039e-51
2.236732368363818502e+00 2.592007094485998230e-48
2.342114594364587798e+00 7.969425159613368319e-46
2.452461837062906991e+00 2.450291803204744346e-43
2.568008020069450836e+00 4.687226788102401142e-42
2.688998088157350086e+00 9.754185804003883646e-42
2.815688526517270418e+00 2.029859979050629581e-41
2.948347904476856574e+00 4.224167570049890176e-41
3.087257444837179676e+00 7.949393269913684096e-41
3.232711620033105859e+00 1.333426013552687295e-40
3.385018776381383265e+00 2.096736829084164621e-40
3.544501787739784859e+00 3.216364620633153742e-40
3.711498739962978632e+00 4.633505904109503224e-40
3.886363647606113858e+00 6.566305125714286451e-40
4.069467204395427196e+00 8.856240024007393154e-40
4.261197569056812462e+00 1.148556189942340382e-39
4.461961188168185544e+00 1.486123832211834647e-39
4.672183657780034416e+00 1.909436873760324213e-39
4.892310625630661214e+00 2.381762477738656849e-39
5.122808735868726870e+00 2.868108244402516190e-39
5.364166618285809207e+00 3.402069391045987657e-39
5.616895924156000142e+00 3.996300148782275886e-39
5.881532410878460126e+00 4.648386767185204134e-39
6.158637077722189268e+00 5.402548357999428547e-39
6.448797355080715832e+00 6.158587841647343003e-39
6.752628349757740622e+00 6.874332893828181541e-39
7.070774148923654856e+00 7.639950194568726933e-39
7.403909185507105306e+00 8.463068411631793300e-39
7.752739667916152655e+00 9.340045326978422929e-39
8.118005077119809343e+00 1.018453812516583370e-38
8.500479734263626241e+00 1.098551338286731351e-38
8.900974442142517873e+00 1.179604762028770263e-38
9.320338204010500505e+00 1.262040282856002426e-38
9.759460023371090642e+00 1.347131191681263171e-38
1.021927078856366222e+01 1.428619415030040196e-38
1.070074524614092937e+01 1.504914711869573675e-38
1.120490406722079513e+01 1.576756822180099157e-38
1.173281601119313500e+01 1.646020862453308069e-38
1.228560019136819292e+01 1.712868042824467761e-38
1.286442844736956737e+01 1.771095591179986638e-38
1.347052782930103731e+01 1.825549070185090000e-38
1.410518319895326833e+01 1.878096419187459714e-38
1.476973995356477154e+01 1.929085552949708103e-38
1.546560687791107291e+01 1.977007553371873426e-38
1.619425913076834078e+01 2.013938793505824909e-38
1.695724137208228299e+01 2.040288284427164536e-38
1.775617103747160286e+01 2.062719904454774607e-38
1.859274176700770909e+01 2.082359941466519457e-38
1.946872699553911090e+01 2.102607138841313891e-38
2.038598371217167582e+01 2.111486574142096688e-38
2.134645639687448337e+01 2.114474728401596191e-38
2.235218114255630084e+01 2.116815574796350649e-38
2.340528997135109179e+01 2.113683974153941744e-38
2.450801535426255384e+01 2.108792134731366322e-38
2.566269494374892446e+01 2.098355694601171618e-38
2.687177652928043514e+01 2.081767048003683657e-38
2.813782322637467459e+01 2.064196495498140538e-38
2.946351891011022417e+01 2.046255799497231752e-38
3.085167390463665171e+01 2.025155642963486270e-38
3.230523094074230528e+01 2.001922387417584334e-38
3.382727139410896200e+01 1.969913491102484681e-38
3.542102181747812040e+01 1.938622402189342268e-38
3.708986078057597524e+01 1.905621739532960838e-38
3.883732603229712055e+01 1.870075934989966290e-38
4.066712200033015279e+01 1.833922072089466382e-38
4.258312764412318785e+01 1.796056777243155466e-38
4.458940467783700257e+01 1.756920740527542616e-38
4.669020618071723305e+01 1.717576104270238325e-38
4.888998561313903934e+01 1.677824946589361084e-38
5.119340625743679141e+01 1.634587396244538099e-38
5.360535110353242061e+01 1.593587761830677114e-38
5.613093320031914146e+01 1.550458324983544821e-38
5.877550649474376598e+01 1.507610962460871413e-38
6.154467718156567457e+01 1.466434272055672346e-38
6.444431558785227310e+01 1.425775061265339839e-38
6.748056861740529655e+01 1.383239875434928837e-38
7.065987278149789574e+01 1.342825783575448784e-38
7.398896784354704437e+01 1.299923953013303473e-38
7.747491110664559244e+01 1.259128602535316071e-38
8.112509237424282560e+01 1.220961242547147161e-38
8.494724961568765309e+01 1.180974859421978499e-38
8.894948536984384191e+01 1.142666095812164882e-38
9.314028392155161384e+01 1.105295818293621048e-38
9.752852928734685634e+01 1.068009853341094335e-38
1.021235240485663951e+02 1.030289620873118297e-38
1.069350090717627353e+02 9.952461981770842907e-39
1.119731841582341474e+02 9.594717136050882949e-39
1.172487296664437508e+02 9.264474389726614700e-39
1.227728291531653895e+02 8.939326790744691192e-39
1.285571930813527217e+02 8.613802820735773306e-39
1.346140836449894209e+02 8.303538373351524819e-39
1.409563407635467627e+02 7.997309214816576271e-39
1.475974093011525667e+02 7.694720750816618386e-39
1.545513675681758059e+02 7.404900515587436650e-39
1.618329571656435633e+02 7.121272382316231463e-39
1.694576142357596211e+02 6.839147594598824279e-39
1.774415021847711671e+02 6.575537829163070227e-39
1.858015459475527109e+02 6.317914958009600361e-39
1.945554678665439781e+02 6.057483633501973136e-39
2.037218252611013440e+02 5.811788679259317737e-39
2.133200497669055267e+02 5.578136560881194931e-39
2.233704885288194646e+02 5.349083185003716531e-39
2.338944473345237611e+02 5.137434710356143368e-39
2.449142357803636685e+02 4.933554080380543548e-39
2.564532145651575661e+02 4.733705280749582044e-39
2.685358450122228646e+02 4.539932267297591765e-39
2.811877409246008028e+02 4.355438074762441852e-39
2.944357228834073794e+02 4.169127610704196798e-39
3.083078751044155297e+02 3.996972519445510444e-39
3.228336049734016910e+02 3.836182167676382016e-39
3.380437053864593508e+02 3.672570650473583102e-39
3.539704200274390473e+02 3.525399295441287241e-39
3.706475117208925099e+02 3.379669623199661467e-39
3.881103340054227147e+02 3.234656178935434457e-39
4.063959060791674460e+02 3.096284494097107620e-39
4.255429912762892855e+02 2.964854922211984484e-39
4.455921792408401529e+02 2.834783557936437780e-39
4.665859719721909187e+02 2.713459402391861275e-39
4.885688739244392309e+02 2.603835113734515786e-39
5.115874863507926875e+02 2.491407309333998237e-39
5.356906060929286468e+02 2.386203071965030545e-39
5.609293290247519508e+02 2.284034372114047448e-39
5.873571583698366112e+02 2.185267576327594828e-39
6.150301181221817615e+02 2.092129818292380871e-39
6.440068718107075938e+02 2.002566223483022808e-39
6.743488468592688605e+02 1.913142894082944531e-39
7.061203648058103681e+02 1.831039688466758040e-39
7.393887776567160017e+02 1.752527376522748687e-39
7.742246106654062032e+02 1.673734451304431520e-39
8.107017118378555551e+02 1.600022449949258506e-39
8.488974084819749351e+02 1.530879094392522244e-39
8.888926711327113708e+02 1.463399269075802907e-39
9.307722852003779508e+02 1.399691111401951004e-39
9.746250307060861360e+02 1.339953788809444720e-39
1.020543870485297930e+03 1.282370059427796151e-39
1.068626147258470837e+03 1.226895605710301620e-39
1.118973789986555175e+03 1.172955958772848046e-39
1.171693529948810465e+03 1.121629114514581130e-39
1.226897127000981527e+03 1.074793188714389539e-39
1.284701606493487816e+03 1.029472570010833227e-39
1.345229507351864868e+03 9.846191906264358284e-40
1.408609141845354998e+03 9.410856885170526418e-40
1.474974867594334910e+03 8.999173163672526070e-40
1.544467372393191454e+03 8.599635877987520021e-40
1.617233972452461330e+03 8.223685830662425331e-40
1.693428924692444980e+03 7.873097320363743277e-40
1.773213753750344722e+03 7.536817743584936298e-40
1.856757594394133321e+03 7.208228689465109366e-40
1.944237550069035933e+03 6.889241084285083239e-40
2.035839068336703349e+03 6.585173475237192473e-40
2.131756334002953281e+03 6.299858784279974948e-40
2.232192680767498132e+03 6.025106372229890811e-40
2.337361022268264151e+03 5.762429463265802738e-40
2.447484303434103367e+03 5.504606620819643597e-40
2.562795973102700827e+03 5.261956252442858305e-40
2.683540478905569216e+03 5.029358842919791932e-40
2.809973785469244831e+03 4.810880281837784249e-40
2.942363917031197161e+03 4.598167314993839658e-40
3.080991525620735047e+03 4.391230244141232644e-40
3.226150486009422366e+03 4.192525858337873088e-40
3.378148518692175458e+03 4.000283699250567747e-40
3.537307842219735448e+03 3.820299917892004022e-40
3.703965856265365346e+03 3.647221797496329521e-40
3.878475856873805697e+03 3.489769413963636264e-40
4.061207785408731070e+03 3.330484583557493098e-40
4.252549012786369531e+03 3.177479632853196289e-40
4.452905160657837769e+03 3.027194317052130650e-40
4.662700961280913361e+03 2.883602921546448911e-40
4.882381157904143947e+03 2.748668359781671007e-40
5.112411447571977988e+03 2.620713863672219848e-40
5.353279468349561284e+03 2.496864423832518814e-40
5.605495833060004770e+03 2.376171741478891996e-40
5.869595211725505578e+03 2.258360821308455832e-40
6.146137465007046558e+03 2.143095671878144885e-40
6.435708831045334591e+03 2.026892314513946907e-40
6.738923168219020226e+03 1.914112661766939741e-40
7.056423256454682814e+03 1.803464654815801935e-40
7.388882159847203184e+03 1.696860051498508953e-40
7.737004653479142689e+03 1.592076602674852145e-40
8.101528717463770590e+03 1.488636534979874206e-40
8.483227101379059604e+03 1.388950999491849046e-40
8.882908962408919251e+03 1.291411801144113548e-40
9.301421580664447902e+03 1.196397405672864147e-40
9.739652155321458849e+03 1.099169525773987394e-40
1.019852968538187997e+04 9.987953937813271771e-41
1.067902693904601438e+04 8.958066336014801211e-41
1.118216251587054285e+04 7.946921971494511287e-41
1.170900300608387442e+04 6.932686272302064382e-41
1.226066525163603546e+04 5.922970718989388557e-41
1.283831871377681819e+04 4.935776795796590615e-41
1.344318795218050764e+04 3.984222280374413891e-41
1.407655522087338068e+04 3.086561078377460805e-41
1.473976318646630716e+04 2.269168448862656678e-41
1.543421777445540283e+04 1.544483325312173932e-41
1.616139114962436543e+04 9.460307758030718769e-42
1.692282483686623527e+04 5.118193455343433118e-42
1.772013298904120529e+04 2.484892236368067081e-42
1.855500580879695917e+04 1.334834203124981101e-42
1.942921313160623322e+04 6.330458195755710273e-43
2.034460817761696308e+04 2.136829495396640905e-43
2.130313148026804993e+04 3.713303474679482609e-44
2.230681499999998778e+04 5.325004007193297706e-45
