1.776820000000000066e+00 0.000000000000000000e+00
1.860742077096293245e+00 0.000000000000000000e+00
1.948627929377555024e+00 0.000000000000000000e+00
2.040664772344886302e+00 0.000000000000000000e+00
2.137048663989744579e+00 0.000000000000000000e+00
2.237984922439040236e+00 2.556187593059697228e-42
2.343688563326283170e+00 5.089999925305309225e-42
2.454384757820474494e+00 1.013544518796301878e-41
2.570309312288443060e+00 2.018217105416576886e-41
2.691709170612410329e+00 4.018768005803541643e-41
2.818842940232818339e+00 7.947632733228387114e-41
2.951981443037019481e+00 1.318668442490565299e-40
3.091408292267318281e+00 2.451793215558778769e-40
3.237420496677318571e+00 3.782481401624217123e-40
3.390329093223549695e+00 5.414569076057531276e-40
3.550459809640132747e+00 7.759131910207953446e-40
3.718153758307925827e+00 1.087645284626376509e-39
3.893768162896229956e+00 1.405007199494236649e-39
4.077677119324944144e+00 1.730164432976480894e-39
4.270272392668208461e+00 2.186105885093552880e-39
4.471964251697077231e+00 2.720354346797728025e-39
4.683182342838998480e+00 3.221446982187460689e-39
4.904376605415811774e+00 3.782589262830567260e-39
5.136018230109907989e+00 4.437221659007288989e-39
5.378600662700293356e+00 5.222329827818878212e-39
5.632640655206742508e+00 6.095934083259868147e-39
5.898679366681159664e+00 6.938362550419441464e-39
6.177283515991123686e+00 7.810178062807202580e-39
6.469046589051235863e+00 8.719852667726224331e-39
6.774590103073967029e+00 9.692693009075135785e-39
7.094564930533112879e+00 1.081872053971821831e-38
7.429652685660168565e+00 1.198061825640267778e-38
7.780567176427187981e+00 1.322821179653428733e-38
8.148055925109108699e+00 1.449768117234167442e-38
8.532901760664715951e+00 1.577046851890104360e-38
8.935924486328318039e+00 1.713998129916077743e-38
9.357982625964462287e+00 1.848096765800386474e-38
9.799975252905831269e+00 1.987418694677234425e-38
1.026284390517006528e+01 2.145406976382533030e-38
1.074757459113538616e+01 2.295027520897567663e-38
1.125519988994754605e+01 2.439247141481909355e-38
1.178680115113234628e+01 2.578303630235298181e-38
1.234351079809940011e+01 2.709322559879561008e-38
1.292651474044416204e+01 2.851706885458069249e-38
1.353705490018681168e+01 3.002284075192169544e-38
1.417643185732947408e+01 3.158063666582394789e-38
1.484600762036745536e+01 3.298124062131424096e-38
1.554720852765611205e+01 3.402261585279936541e-38
1.628152828581400868e+01 3.514105539173223282e-38
1.705053115163471844e+01 3.649546765727069534e-38
1.785585526428554815e+01 3.784685262003128831e-38
1.869921613489124823e+01 3.914250606297792952e-38
1.958241030093653379e+01 4.021867881222206632e-38
2.050731915327186172e+01 4.121583779538936424e-38
2.147591294387482819e+01 4.233592535681522566e-38
2.249025498290474445e+01 4.333627246720666117e-38
2.355250603399075260e+01 4.405477430189362755e-38
2.466492891711649094e+01 4.500321063950262284e-38
2.582989332890656087e+01 4.588487045093032630e-38
2.704988089058276657e+01 4.659648877574489746e-38
2.832749043434355940e+01 4.712737785689985929e-38
2.966544353942763124e+01 4.753298920838794626e-38
3.106659032965487199e+01 4.809963659194799913e-38
3.253391554479443215e+01 4.849012256541618590e-38
3.407054489869326375e+01 4.884462397347700752e-38
3.567975173770950192e+01 4.907935497128648959e-38
3.736496401363429243e+01 4.925317384747522171e-38
3.912977158595587213e+01 4.931500129479028554e-38
4.097793386902163348e+01 4.928115376579157289e-38
4.291338784038781995e+01 4.925298674244829420e-38
4.494025642741641491e+01 4.917420370413722241e-38
4.706285728998482654e+01 4.897554349696002806e-38
4.928571201801689483e+01 4.877172764327307891e-38
5.161355576342821649e+01 4.853688542770290848e-38
5.405134732700372524e+01 4.819698393598943629e-38
5.660427972169497224e+01 4.790427601953843019e-38
5.927779123483882984e+01 4.742256442325143069e-38
6.207757701286254814e+01 4.686817716250660774e-38
6.500960119315345764e+01 4.636845904353236286e-38
6.808010960893622610e+01 4.576719778241167433e-38
7.129564309422185886e+01 4.517962821349084468e-38
7.466305141717133154e+01 4.456121224262842736e-38
7.818950787155409898e+01 4.379147270200317301e-38
8.188252455738482638e+01 4.303809773080281244e-38
8.574996838328949877e+01 4.219853193427504093e-38
8.980007782468884159e+01 4.129036067455188857e-38
9.404148047349775652e+01 4.046081558985994738e-38
9.848321141672576573e+01 3.957231115655353664e-38
1.031347324831280758e+02 3.865017054421098279e-38
1.080059523989072261e+02 3.776132722962319060e-38
1.131072478954007039e+02 3.681089876627402445e-38
1.184494858137196331e+02 3.582686273701359465e-38
1.240440462534239003e+02 3.486341289086971908e-38
1.299028468145476154e+02 3.392018945893382102e-38
1.360383679846146379e+02 3.304277050086746822e-38
1.424636797247227094e+02 3.215635772985202953e-38
1.491924693113322746e+02 3.120967730282739234e-38
1.562390704930682261e+02 3.026037658174354039e-38
1.636184940246429278e+02 2.934082886926317788e-38
1.713464596429471385e+02 2.841000252657503678e-38
1.794394295534233663e+02 2.754550862897921059e-38
1.879146434980531239e+02 2.668500698278189949e-38
1.967901554796642074e+02 2.584208416779223465e-38
2.060848722207837227e+02 2.500761967163341223e-38
2.158185934389668148e+02 2.415362345654018318e-38
2.260120540243939615e+02 2.333792314618306581e-38
2.366869682095826306e+02 2.252512231697747032e-38
2.478660758253074619e+02 2.175382849754607069e-38
2.595731907412625219e+02 2.097974446832349608e-38
2.718332515946518129e+02 2.023434752911083312e-38
2.846723749147754461e+02 1.949078122815586249e-38
2.981179107567757001e+02 1.874562256206061538e-38
3.121985009630521404e+02 1.804320736014585450e-38
3.269441401764603938e+02 1.736064882166021287e-38
3.423862397352622793e+02 1.672086119223474451e-38
3.585576945859349394e+02 1.607917984344316286e-38
3.754929533563845325e+02 1.546798314116183969e-38
3.932280917388259240e+02 1.488121156563475330e-38
4.118008893386579530e+02 1.429531364588589614e-38
4.312509101530348516e+02 1.374550823417694616e-38
4.516195868505674298e+02 1.321319392380325922e-38
4.729503090316937346e+02 1.270774616610127308e-38
4.952885156577300449e+02 1.220987300559728546e-38
5.186817918454906930e+02 1.173440500363601022e-38
5.431799702336786595e+02 1.126520527145209980e-38
5.688352371369740013e+02 1.081270087045882221e-38
5.957022437139473823e+02 1.037128798708886506e-38
6.238382223856169730e+02 9.948110865683154706e-39
6.533031087526437659e+02 9.557044956890805211e-39
6.841596692708660612e+02 9.160586695801466440e-39
7.164736349571613800e+02 8.779011775225254826e-39
7.503138414104524827e+02 8.413995733535679223e-39
7.857523754461254839e+02 8.066942495334410156e-39
8.228647286562335239e+02 7.725973559809226965e-39
8.617299582225989525e+02 7.410114947684561632e-39
9.024308553253684977e+02 7.103208540545567177e-39
9.450541215057852469e+02 6.804027830197894155e-39
9.896905533588591197e+02 6.516499145456051373e-39
1.036435235949361186e+03 6.240263887825804065e-39
1.085387745363176691e+03 5.978621767086362955e-39
1.136652360825486312e+03 5.726344205461715310e-39
1.190338286837620899e+03 5.485085966550031966e-39
1.246559885805808335e+03 5.251593082997542075e-39
1.305436921657353423e+03 5.028657506537389004e-39
1.367094814963188810e+03 4.816164439662643894e-39
1.431664910110296660e+03 4.612367065053827659e-39
1.499284755093094418e+03 4.418242387396161129e-39
1.570098394519833164e+03 4.234895449210062441e-39
1.644256676458161564e+03 4.053453923192347046e-39
1.721917573773487675e+03 3.881567616655955063e-39
1.803246520644683642e+03 3.714227643998842349e-39
1.888416764973972249e+03 3.559112930254469627e-39
1.977609737441683819e+03 3.407718617775167174e-39
2.071015437992082298e+03 3.263322125683940803e-39
2.168832840573540125e+03 3.120296657885436906e-39
2.271270316995229678e+03 2.988380394636497090e-39
2.378546080803264886e+03 2.862362458025717151e-39
2.490888652121833729e+03 2.736004065032284573e-39
2.608537344449504417e+03 2.621639757032815145e-39
2.731742774447729971e+03 2.509310344654182570e-39
2.860767395807488811e+03 2.405447440252541852e-39
2.995886058331278036e+03 2.301257127604607641e-39
3.137386593421486396e+03 2.202634864398954474e-39
3.285570427222319267e+03 2.110057410350815310e-39
3.440753222721387829e+03 2.021328927112916298e-39
3.603265552178811049e+03 1.935761115576636535e-39
3.773453601316241929e+03 1.852839753275278505e-39
3.951679906765836677e+03 1.775572084320869485e-39
4.138324128350167484e+03 1.699796130633046716e-39
4.333783857838160657e+03 1.629999442878990789e-39
4.538475465899848132e+03 1.559338521422318885e-39
4.752834989064195724e+03 1.492179120336342855e-39
4.977319058569383742e+03 1.430374586061793748e-39
5.212405873084141604e+03 1.369830593200344617e-39
5.458596217372326464e+03 1.312236852200292524e-39
5.716414529070673780e+03 1.257050053917110495e-39
5.986410015852138713e+03 1.205608248172284404e-39
6.269157825354709530e+03 1.156521483047913264e-39
6.565260270367852172e+03 1.109268962149510800e-39
6.875348111886426523e+03 1.064276065612330730e-39
7.200081902765406994e+03 1.021303310825477732e-39
7.540153394837484484e+03 9.811867095576340863e-40
7.896287012491167843e+03 9.413480781672941686e-40
8.269241395848372122e+03 9.044622030480061009e-40
8.659811016828691209e+03 8.677947294318259239e-40
9.068827871543076981e+03 8.335997713919981429e-40
9.497163252622003711e+03 8.014540973255601296e-40
9.945729605253463887e+03 7.705208478941296512e-40
1.041548247088473363e+04 7.407811348771699321e-40
1.090742252272830046e+04 7.119648401799773442e-40
1.142259769740792763e+04 6.847602207365439571e-40
1.196210542728592191e+04 6.585168762256053279e-40
1.252709497822675075e+04 6.335627812778074523e-40
1.311876989777703602e+04 6.094294386541619815e-40
1.373839057897700877e+04 5.875059574390151323e-40
1.438727694526504274e+04 5.657501934269192626e-40
1.506681126219431098e+04 5.454256062671447771e-40
1.577844108195161789e+04 5.263923285451832360e-40
1.652368232695047845e+04 5.075791007451283753e-40
1.730412251906729580e+04 4.894838353086307518e-40
1.812142416139959823e+04 4.723587957088355746e-40
1.897732827975010514e+04 4.559657409590503409e-40
1.987365813138103113e+04 4.398335898992789206e-40
2.081232308893843583e+04 4.246791094360808650e-40
2.179532270782097112e+04 4.100703667868938876e-40
2.282475098565685403e+04 3.963139823385108437e-40
2.390280082296283217e+04 3.834367660750244346e-40
2.503176869448721118e+04 3.712580029852376971e-40
2.621405954118825684e+04 3.596425302322264279e-40
2.745219189326806008e+04 3.490005026430653450e-40
2.874880323517612851e+04 3.384761623905851708e-40
3.010665562401046918e+04 3.283554950358301762e-40
3.152864157328488727e+04 3.186465287659521645e-40
3.301779021459605428e+04 3.090055849548425973e-40
3.457727375031638076e+04 2.990793270756152856e-40
3.621041421105731570e+04 2.891343123249176441e-40
3.792069053229923884e+04 2.792326606463133575e-40
3.971174596526167443e+04 2.692182428880255815e-40
4.158739583780089015e+04 2.595045139960596118e-40
4.355163568186717748e+04 2.505041425906453643e-40
4.560864974483548576e+04 2.421573109951580560e-40
4.776281990283908090e+04 2.344079444254600148e-40
5.001873499509516841e+04 2.271956587880770018e-40
5.238120059910540294e+04 2.166451306194934474e-40
5.485524926755496563e+04 1.984161522951606612e-40
5.744615124871679291e+04 1.744858542651060621e-40
6.015942571319837589e+04 1.472133058333174749e-40
6.300085251094479463e+04 1.185225203240379097e-40
6.597648448354513675e+04 8.921575355158263088e-41
6.909266035806844593e+04 5.896801204276452723e-41
7.235601824989631132e+04 2.966878453837802260e-41
7.577350980331683240e+04 1.457704423713214605e-41
7.935241500000008091e+04 8.479546658544712343e-42
