1.776820000000000066e+00 0.000000000000000000e+00
1.860684711600011809e+00 0.000000000000000000e+00
1.948507781307064590e+00 0.000000000000000000e+00
2.040476040967410309e+00 0.000000000000000000e+00
2.136785140765063318e+00 0.000000000000000000e+00
2.237639965441424739e+00 0.000000000000000000e+00
2.343255070160194631e+00 0.000000000000000000e+00
2.453855136944815829e+00 0.000000000000000000e+00
2.569675452659454074e+00 0.000000000000000000e+00
2.690962409550368584e+00 0.000000000000000000e+00
2.817974029412489756e+00 0.000000000000000000e+00
2.950980512496314212e+00 0.000000000000000000e+00
3.090264812322834675e+00 0.000000000000000000e+00
3.236123237629347393e+00 7.254564427464317573e-44
3.388866082726702089e+00 1.128047510084483795e-43
3.548818287608984434e+00 2.519945309144373478e-43
3.716320129219937485e+00 6.656400947843909335e-43
3.891727945346696860e+00 1.334449762667196272e-42
4.075414892680814027e+00 2.118033093491327227e-42
4.267771740659264346e+00 3.462672721300972043e-42
4.469207702774204982e+00 5.397383703523716674e-42
4.680151307120007154e+00 8.255729008369946453e-42
4.901051308029518161e+00 1.368796372974843935e-41
5.132377640738940983e+00 1.870342044469411090e-41
5.374622421112258408e+00 2.466788462639969807e-41
5.628300992551986681e+00 3.253740962439307949e-41
5.893953022323392688e+00 4.332977925749831038e-41
6.172143649624509010e+00 5.810982253656989573e-41
6.463464687844251877e+00 7.182119668521456659e-41
6.768535883566337397e+00 8.814757367775565308e-41
7.088006234997333621e+00 1.078099113660656063e-40
7.422555372623617309e+00 1.316105687215836244e-40
7.772895005034440530e+00 1.600884116989101950e-40
8.139770432986841442e+00 1.849721613171905488e-40
8.523962134933432466e+00 2.123162684423983030e-40
8.926287427386023765e+00 2.444092249942425772e-40
9.347602203647285890e+00 2.801576233127446070e-40
9.788802754609406520e+00 3.165565213403176430e-40
1.025082767549318952e+01 3.480100730239277843e-40
1.073465986258397464e+01 3.823423279838909274e-40
1.124132860421218005e+01 4.190986703399145819e-40
1.177191177042666226e+01 4.574700786994261861e-40
1.232753810601924727e+01 4.965565565748319960e-40
1.290938963177844734e+01 5.285747151022911254e-40
1.351870415908075174e+01 5.607645408151270097e-40
1.415677792316894035e+01 5.924973215022621995e-40
1.482496834071938352e+01 6.238030332827622968e-40
1.552469689756461158e+01 6.547835350960948685e-40
1.625745217271451537e+01 6.774326262562605968e-40
1.702479300510929505e+01 6.992795866866665380e-40
1.782835180984099921e+01 7.205925881864523446e-40
1.866983805089853377e+01 7.409136480336694012e-40
1.955104187782390213e+01 7.585427627488147686e-40
2.047383793401612095e+01 7.689686681118100336e-40
2.144018934478459570e+01 7.790657505023490292e-40
2.245215189363591790e+01 7.872432403744919540e-40
2.351187839567857552e+01 7.950021155290337914e-40
2.462162327744944434e+01 8.019433541335878437e-40
2.578374737290505436e+01 8.022110024476067519e-40
2.700072294578032839e+01 8.013229393567069662e-40
2.827513894899938762e+01 7.981531046069541054e-40
2.960970653232696037e+01 7.942712352730301498e-40
3.100726480997723300e+01 7.903653530635495009e-40
3.247078690045006510e+01 7.819737112561033462e-40
3.400338625144323856e+01 7.727244537583235021e-40
3.560832326329648367e+01 7.638638630926989788e-40
3.728901222505758284e+01 7.537171882064777065e-40
3.904902857792604465e+01 7.429347394297513496e-40
4.089211652152662424e+01 7.291457628305166603e-40
4.282219697919364165e+01 7.149458238084298124e-40
4.484337593921152632e+01 7.011235796905675034e-40
4.695995318975625565e+01 6.870843265338197734e-40
4.917643146612016380e+01 6.723545166992123612e-40
5.149752602967973303e+01 6.557545987451076198e-40
5.392817469898399452e+01 6.394324520324069355e-40
5.647354835430380149e+01 6.227495972378858031e-40
5.913906193798870703e+01 6.065818313119895283e-40
6.193038597403324985e+01 5.899747982202738714e-40
6.485345863135906086e+01 5.726981542192066014e-40
6.791449835647597411e+01 5.557311340623552339e-40
7.112001710239583474e+01 5.388671891046299749e-40
7.447683418194263538e+01 5.222698951864994933e-40
7.799209077492928088e+01 5.058171503995488399e-40
8.167326512006346206e+01 4.885500963902768779e-40
8.552818842390145448e+01 4.719897756537835092e-40
8.956506152069346172e+01 4.556386686050568724e-40
9.379247231856284372e+01 4.394843981245505656e-40
9.821941406913316541e+01 4.239144694105221892e-40
1.028553044994693266e+02 4.080524549574868098e-40
1.077100058470336847e+02 3.925005602011942156e-40
1.127938458402784505e+02 3.775408838790492859e-40
1.181176396695076676e+02 3.631367903428232566e-40
1.236927129947502237e+02 3.491174524393033227e-40
1.295309260395874276e+02 3.353268322060882520e-40
1.356446988221947549e+02 3.217016605040923505e-40
1.420470375772706575e+02 3.086220131818638195e-40
1.487515624250626161e+02 2.961739485735406057e-40
1.557725363463541157e+02 2.836788129278256670e-40
1.631248955250493111e+02 2.714358220122436268e-40
1.708242811229096390e+02 2.597796890530527900e-40
1.788870725540350861e+02 2.484322419016478685e-40
1.873304223298786724e+02 2.375219536399690838e-40
1.961722925489236502e+02 2.269212583670948469e-40
2.054314931086476577e+02 2.167693878413463782e-40
2.151277217210655692e+02 2.068470931203336694e-40
2.252816058169812834e+02 1.974303328856736180e-40
2.359147464280890460e+02 1.882558280439591041e-40
2.470497641402835143e+02 1.795520358543557239e-40
2.587103472159333251e+02 1.709058450277198493e-40
2.709213019874931092e+02 1.624223945508421607e-40
2.837086056296634524e+02 1.543972662011291457e-40
2.970994614223565691e+02 1.466666773168323271e-40
3.111223566220419912e+02 1.392747963799944032e-40
3.258071230645759897e+02 1.322181636586810329e-40
3.411850006284485062e+02 1.256055311713675371e-40
3.572887036934494631e+02 1.192594506601928319e-40
3.741524907361397254e+02 1.132045511406594390e-40
3.918122372101847759e+02 1.072332031696637893e-40
4.103055118665862437e+02 1.011725822400792114e-40
4.296716566761820673e+02 9.547502631133154128e-41
4.499518705244321950e+02 9.005073578828417582e-41
4.711892968565406363e+02 8.490641891751609297e-41
4.934291154593741453e+02 8.007547070997724459e-41
5.167186385754179128e+02 7.542105745015757912e-41
5.411074115532534279e+02 7.098155247662859157e-41
5.666473182486660107e+02 6.674991913696881866e-41
5.933926914006138986e+02 6.273846636893165631e-41
6.214004282168742748e+02 5.887445966029208972e-41
6.507301114152463697e+02 5.491223358527473023e-41
6.814441359778259084e+02 5.119847753875258381e-41
7.136078418879914125e+02 4.769095924515982302e-41
7.472896531324857960e+02 4.438114608109265327e-41
7.825612232643109110e+02 4.125957215374968925e-41
8.194975878360813795e+02 3.834431938921966402e-41
8.581773240281422659e+02 3.556915797333322698e-41
8.986827178110188470e+02 3.295615034629514263e-41
9.410999389978217096e+02 3.051638444092491631e-41
9.855192245590164930e+02 2.807253165495220511e-41
1.032035070589513680e+03 2.553992960651051683e-41
1.080746433336492373e+03 2.319390679923895967e-41
1.131756939715589397e+03 2.100124296728108762e-41
1.185175107763314600e+03 1.899036150834786884e-41
1.241114577494679907e+03 1.712061066805659813e-41
1.299694352657139007e+03 1.539546638273271276e-41
1.361039053895167626e+03 1.381354146323324123e-41
1.425279183864028937e+03 1.235989670142794104e-41
1.492551404856732688e+03 1.101697473846079504e-41
1.562998829534811421e+03 9.700335596527972288e-42
1.636771325381375163e+03 8.310905493995543903e-42
1.714025833524169457e+03 7.087951855366594813e-42
1.794926702606841218e+03 6.021615147069174793e-42
1.879646038418730541e+03 5.087897580652240277e-42
1.968364070026937043e+03 4.281752480808237319e-42
2.061269533189572030e+03 3.584247105064272563e-42
2.158560071865879308e+03 2.900558487661545257e-42
2.260442658677334748e+03 2.300408069888183268e-42
2.367134035214258347e+03 1.789800175727965751e-42
2.478861173124580546e+03 1.359392588846901815e-42
2.595861756965688528e+03 9.984304169647822609e-43
2.718384689846582660e+03 7.090891273064102847e-43
2.846690622935960619e+03 4.829568569759307675e-43
2.981052509962772092e+03 3.124510716209675915e-43
3.121756187888798650e+03 1.913940141557409164e-43
3.269100984988585424e+03 1.080896987185954128e-43
3.423400357630375765e+03 5.685337022748845815e-44
3.584982557112622544e+03 2.789164154422401619e-44
3.754191327974791875e+03 1.374213149006043794e-44
3.931386639267930605e+03 7.190598031129653829e-45
4.116945450340713251e+03 3.099422090373967659e-45
4.311262512770113972e+03 1.073234918053366215e-45
4.514751210142613672e+03 2.384500723316876600e-46
4.727844437472567733e+03 3.814865051147869106e-47
4.950995522128505399e+03 0.000000000000000000e+00
5.184679188226506994e+03 0.000000000000000000e+00
5.429392566542377608e+03 0.000000000000000000e+00
5.685656252090896487e+03 0.000000000000000000e+00
5.954015411622201100e+03 0.000000000000000000e+00
6.235040943391157271e+03 0.000000000000000000e+00
6.529330691667155406e+03 0.000000000000000000e+00
6.837510718567898039e+03 0.000000000000000000e+00
7.160236635922880851e+03 0.000000000000000000e+00
7.498194999999998799e+03 0.000000000000000000e+00
