1.776820000000000066e+00 0.000000000000000000e+00
1.860432920192829132e+00 0.000000000000000000e+00
1.947980465402920913e+00 0.000000000000000000e+00
2.039647789718790794e+00 0.000000000000000000e+00
2.135628760139676618e+00 0.000000000000000000e+00
2.236126366584374914e+00 0.000000000000000000e+00
2.341353151194127236e+00 4.935865010506489098e-43
2.451531657837469513e+00 8.895612707651405889e-43
2.566894902767714814e+00 1.603202787679363034e-42
2.687686867428455528e+00 2.889355981305346427e-42
2.814163014449318823e+00 5.207312543904232326e-42
2.946590827923256217e+00 7.295334377739149791e-42
3.085250379107996821e+00 1.018207713644758549e-41
3.230434918748057438e+00 1.421110611986954623e-41
3.382451497270028806e+00 1.983443395583261642e-41
3.541621614162766107e+00 2.768294702085685551e-41
3.708281897915870928e+00 3.446767102879021135e-41
3.882784817954452183e+00 4.280489502223505423e-41
4.065499430075856679e+00 5.315921856880170140e-41
4.256812156964864258e+00 6.601879672120142645e-41
4.457127605438072848e+00 8.198999535811790088e-41
4.666869422145870416e+00 9.568704362395831918e-41
4.886481189541687975e+00 1.114639523115579381e-40
5.116427364013447665e+00 1.298449004565199443e-40
5.357194258161229961e+00 1.512583430952226203e-40
5.609291069298607546e+00 1.762024137564700388e-40
5.873250956352790375e+00 1.975862367143099673e-40
6.149632167441130726e+00 2.212369652477656651e-40
6.439019220508694907e+00 2.410970733176492510e-40
6.742024139523837611e+00 2.658033265822762107e-40
7.059287748846185373e+00 2.935339554497421855e-40
7.391481028504504280e+00 3.218955452094154113e-40
7.739306533250712050e+00 3.527583168791404386e-40
8.103499878391204447e+00 3.861504974303923336e-40
8.484831295537864193e+00 4.219538327381436474e-40
8.884107261568990666e+00 4.600428742613838216e-40
9.302172204245289677e+00 4.977691619241135629e-40
9.739910288088060142e+00 5.370698992233878104e-40
1.019824728429658300e+01 5.780765317357745602e-40
1.067815252865933395e+01 6.208893922953530540e-40
1.118064097159989601e+01 6.657748146419013434e-40
1.170677532469309945e+01 7.148072976718525720e-40
1.225766830819111419e+01 7.769828307975705258e-40
1.283448500431281047e+01 8.552249877339269201e-40
1.343844532127326197e+01 9.543233926341459415e-40
1.407082657326463782e+01 1.082088702084864109e-39
1.473296618184486206e+01 1.230709202811171714e-39
1.542626450444717534e+01 1.378782815617392969e-39
1.615218779599264920e+01 1.517193453923720452e-39
1.691227130986908023e+01 1.637082291948730685e-39
1.770812254483466575e+01 1.731359314149657662e-39
1.854142464471315321e+01 1.803315587649845705e-39
1.941393995807058559e+01 1.868783644333733633e-39
2.032751376540196020e+01 1.929550687429908969e-39
2.128407818171042365e+01 1.988218624801785488e-39
2.228565624273252510e+01 2.047982847526246941e-39
2.333436618345156788e+01 2.115208126952329564e-39
2.443242591794756891e+01 2.198298401964795869e-39
2.558215773005828098e+01 2.293779444739771272e-39
2.678599318477160551e+01 2.399655872608600685e-39
2.804647827073640087e+01 2.515104828407759511e-39
2.936627878476766185e+01 2.641097006118509505e-39
3.074818596973357998e+01 2.785765405668711945e-39
3.219512241774834393e+01 2.951674695759947704e-39
3.371014825115496905e+01 3.142144812104059902e-39
3.529646759437051884e+01 3.361086496237477240e-39
3.695743535028100979e+01 3.596886687687192155e-39
3.869656429551726262e+01 3.829667615963952156e-39
4.051753250961761665e+01 4.055273996934194294e-39
4.242419115378923777e+01 4.270243060784071914e-39
4.442057261571959259e+01 4.471421096095455059e-39
4.651089903766325051e+01 4.660179316855378680e-39
4.869959124584013921e+01 4.846353905865176710e-39
5.099127810003011518e+01 5.029231864135801115e-39
5.339080628313710974e+01 5.208294453997959995e-39
5.590325055142696442e+01 5.382844252866491302e-39
5.853392446711689701e+01 5.553784697991558075e-39
6.128839163601533357e+01 5.728485241065644768e-39
6.417247747397810542e+01 5.907466575890481555e-39
6.719228152706611468e+01 6.091531703450920691e-39
7.035419037146041887e+01 6.281341472738908201e-39
7.366489112041642784e+01 6.482114999858300953e-39
7.713138556682342539e+01 6.706516520452244883e-39
8.076100499127898047e+01 6.955608816877060420e-39
8.456142566699654139e+01 7.231006901472262483e-39
8.854068509433662371e+01 7.534483162960751570e-39
9.270719899929670760e+01 7.841219862712392028e-39
9.706977913190941365e+01 8.110482529856813509e-39
1.016376519021910383e+02 8.337635712543538059e-39
1.064204778930537145e+02 8.543182464012332127e-39
1.114283722914478290e+02 8.858371119237310893e-39
1.166719262809468489e+02 9.223645336857180197e-39
1.221622294410150857e+02 9.479965492903796315e-39
1.279108932003320973e+02 9.693324059038050249e-39
1.339300753937747857e+02 9.910811259472698337e-39
1.402325059749925060e+02 1.018299706934266856e-38
1.468315139389547994e+02 1.050559359426317779e-38
1.537410555114101101e+02 1.086151243683575705e-38
1.609757436648735052e+02 1.120644433104183175e-38
1.685508790235662104e+02 1.150870315077522520e-38
1.764824822226683239e+02 1.174150050855009831e-38
1.847873277903208304e+02 1.194233745993380904e-38
1.934829796240339874e+02 1.219220978505061711e-38
2.025878281365311011e+02 1.246418418567952360e-38
2.121211291495872047e+02 1.274264773234336676e-38
2.221030446181192985e+02 1.302019721268951445e-38
2.325546852706553693e+02 1.328161508620689198e-38
2.434981552563625371e+02 1.351012741871378444e-38
2.549565988930569063e+02 1.372477467086898702e-38
2.669542496150660327e+02 1.394255298943407216e-38
2.795164812244587438e+02 1.420119511909703788e-38
2.926698615540368564e+02 1.447949121255686387e-38
3.064422086555800888e+02 1.471930414607377881e-38
3.208626496321749073e+02 1.491377622167568549e-38
3.359616822390539141e+02 1.507084563145989363e-38
3.517712393832230191e+02 1.526355100279884224e-38
3.683247566582885497e+02 1.547375963135174145e-38
3.856572430573119163e+02 1.564621530172086014e-38
4.038053550132429450e+02 1.579468646726246588e-38
4.228074739235204902e+02 1.593408378214526509e-38
4.427037873227949945e+02 1.610431154399553558e-38
4.635363738754479641e+02 1.631174026427531518e-38
4.853492923676537885e+02 1.655281090580105014e-38
5.081886748872014437e+02 1.675563889948899620e-38
5.321028243881318076e+02 1.688271916971430636e-38
5.571423168465371418e+02 1.699778864467445575e-38
5.833601082235687727e+02 1.709717432537338885e-38
6.108116464618693726e+02 1.715761733628187806e-38
6.395549887522909103e+02 1.726520447036246762e-38
6.696509243189047993e+02 1.744843780685128787e-38
7.011631029819831156e+02 1.751726605163238680e-38
7.341581697708468255e+02 1.747997967138595154e-38
7.687059058712752631e+02 1.743743888739407356e-38
8.048793762055641992e+02 1.746561316480165688e-38
8.427550839573509620e+02 1.759070168169546477e-38
8.824131323680097694e+02 1.766766126787964483e-38
9.239373941468013527e+02 1.768570761147592170e-38
9.674156888530557126e+02 1.769719227888846344e-38
1.012939968625548772e+03 1.765538365616967473e-38
1.060606512651851290e+03 1.754712096554014863e-38
1.110516130788946612e+03 1.751329717275512274e-38
1.162774376765750958e+03 1.753127861462054054e-38
1.217491771418434610e+03 1.748656637585060835e-38
1.274784036430667356e+03 1.739349218788743810e-38
1.334772339073123931e+03 1.726796432344547645e-38
1.397583548459846725e+03 1.713442489518420940e-38
1.463350503863423910e+03 1.699171013756035826e-38
1.532212295656441029e+03 1.683545896043000534e-38
1.604314559473368490e+03 1.669047515480438365e-38
1.679809784215008222e+03 1.656127269197660601e-38
1.758857634546896634e+03 1.635390250450952310e-38
1.841625288573707394e+03 1.609602996483897825e-38
1.928287791403824713e+03 1.589216090082763891e-38
2.019028425351807300e+03 1.569507216062654504e-38
2.114039097561706967e+03 1.547344148343644473e-38
2.213520745871016061e+03 1.525423304586205162e-38
2.317683763773608916e+03 1.504038816291076153e-38
2.426748445380422254e+03 1.483334462381829585e-38
2.540945451318933010e+03 1.460696525204890289e-38
2.660516296556752422e+03 1.434822339891831935e-38
2.785713861181036464e+03 1.409984779645317264e-38
2.916802925213964954e+03 1.385579795445706480e-38
3.054060728595356977e+03 1.357978106863227209e-38
3.197777557516742945e+03 1.329190978310772207e-38
3.348257358346918863e+03 1.300739705443212697e-38
3.505818380447364234e+03 1.272642925217506519e-38
3.670793849237054928e+03 1.244005521110863317e-38
3.843532670930071163e+03 1.213214970461756955e-38
4.024400170436496410e+03 1.182102503011728578e-38
4.213778863987174191e+03 1.151965914186698220e-38
4.412069268116341846e+03 1.122478428137033949e-38
4.619690746713074077e+03 1.093203300777567576e-38
4.837082397932933418e+03 1.063284753660853968e-38
5.064703982845589053e+03 1.033650115039995798e-38
5.303036897782370033e+03 1.004839849525048647e-38
5.552585192440188621e+03 9.755042037029671086e-39
5.813876635895004256e+03 9.459798321933659938e-39
6.087463832779349104e+03 9.181053740228277505e-39
6.373925391984515045e+03 8.904754708175709348e-39
6.673867150359053994e+03 8.621647343475022201e-39
6.987923453991675160e+03 8.347604166485916532e-39
7.316758499788213157e+03 8.084436793555640791e-39
7.661067740180033979e+03 7.827631322973526729e-39
8.021579353934679602e+03 7.571112254887349462e-39
8.399055786179354982e+03 7.312522509680817885e-39
8.794295360894257101e+03 7.069418267611281588e-39
9.208133969286001957e+03 6.838384040432544065e-39
9.641446837611880255e+03 6.602571185512924347e-39
1.009515037819373174e+04 6.368425700768040826e-39
1.057020412753610799e+04 6.141473064031384326e-39
1.106761277564767079e+04 5.921289946952335671e-39
1.158842829085763151e+04 5.707623495808664087e-39
1.213375214462101030e+04 5.500163411070438602e-39
1.270473764101781126e+04 5.300892091130693665e-39
1.330259235587314288e+04 5.110200284422072452e-39
1.392858069065627205e+04 4.916272425051042225e-39
1.458402654656020241e+04 4.721016307209290527e-39
1.527031612441706784e+04 4.537467144012244078e-39
1.598890085637087032e+04 4.365311839693771060e-39
1.674130047550775271e+04 4.202620586435688197e-39
1.752910622993577272e+04 4.039454027785039925e-39
1.835398424811163932e+04 3.876853897945575362e-39
1.921767906253167166e+04 3.724094741256797952e-39
2.012201729923930543e+04 3.577016202963377318e-39
2.106891154095203819e+04 3.432217418629366568e-39
2.206036437197791383e+04 3.294924975779361273e-39
2.309847261347616222e+04 3.164937529980955674e-39
2.418543175801912730e+04 3.038691731877894200e-39
2.532354061283411284e+04 2.915217868808872571e-39
2.651520616154516028e+04 2.794132535573750687e-39
2.776294865469679280e+04 2.678253054725691091e-39
2.906940693982571611e+04 2.567925727945128456e-39
3.043734404235299007e+04 2.462259599813558900e-39
3.186965300909972939e+04 2.360756888665054068e-39
3.336936302678476932e+04 2.262980728645795733e-39
3.493964582844396500e+04 2.168569192410533931e-39
3.658382240132101288e+04 2.077461173945021736e-39
3.830537001041494659e+04 1.989989935043953790e-39
4.010792955253941909e+04 1.906061004420742401e-39
4.199531325644644676e+04 1.825640991247459230e-39
4.397151274529963121e+04 1.749939438726998799e-39
4.604070747854818183e+04 1.678612870435150707e-39
4.820727359105549112e+04 1.609941606074879997e-39
5.047579314817596605e+04 1.543959556727132871e-39
5.285106383635382372e+04 1.480745471765504449e-39
5.533810910973838327e+04 1.419442458497384984e-39
5.794218881427493034e+04 1.359684154882433224e-39
6.066881031173994415e+04 1.301118850480668403e-39
6.352374012724708882e+04 1.245423053263514264e-39
6.651301614485692699e+04 1.193959004776528224e-39
6.964296037708318909e+04 1.143968554684379293e-39
7.292019233530147176e+04 1.094863374575941834e-39
7.635164302933761792e+04 1.047336267622193174e-39
7.994456962584337452e+04 1.001727315107752763e-39
8.370657079646037892e+04 9.583073082589585408e-40
8.764560278823210683e+04 9.171772490439002771e-40
9.176999625025123532e+04 8.783989557980858013e-40
9.608847385212901281e+04 8.422250540576313582e-40
1.006101687315477466e+05 8.072709557446135039e-40
1.053446438099113293e+05 7.723077871147145667e-40
1.103019120169441740e+05 7.395454522676798998e-40
1.154924574670118163e+05 7.090148958505509101e-40
1.209272576319488435e+05 6.787239886637104571e-40
1.266178065572861378e+05 6.492090335971117287e-40
1.325761391709810705e+05 6.211897737847455308e-40
1.388148567360560992e+05 5.948374444084592633e-40
1.453471535009793006e+05 5.698502853716169621e-40
1.521868446041480347e+05 5.451020623642975317e-40
1.593483952914912079e+05 5.212678848700312996e-40
1.668469515089824563e+05 4.991050582058708575e-40
1.746983719347641163e+05 4.778432631002645316e-40
1.829192615186266194e+05 4.573390269375298522e-40
1.915270065997761558e+05 4.380040231129445548e-40
2.005398116771607602e+05 4.195898618135631335e-40
2.099767379101204278e+05 4.017993822229817169e-40
2.198577434307862713e+05 3.847160439728755517e-40
2.302037255534851574e+05 3.684443722763425616e-40
2.410365649704184616e+05 3.532791719745639936e-40
2.523791720270844235e+05 3.389430380911372014e-40
2.642555351753115538e+05 3.251109721869926496e-40
2.766907717063763994e+05 3.117931268280881051e-40
2.897111808715014486e+05 2.990012901107096708e-40
3.033442995020768722e+05 2.867894328413074291e-40
3.176189602472377592e+05 2.751894097656957903e-40
3.325653525519628893e+05 2.642238580376510869e-40
3.482150865046577528e+05 2.536861803100331293e-40
3.646012596892532310e+05 2.435493360570400704e-40
3.817585271832044818e+05 2.339592430700880608e-40
3.997231748494291096e+05 2.248117907303327944e-40
4.185331960771896411e+05 2.159767109240720758e-40
4.382283721342194476e+05 2.074415511229705909e-40
4.588503563000289141e+05 1.992437609065309563e-40
4.804427619583203923e+05 1.915595439844770528e-40
5.030512548348319833e+05 1.843681734376250389e-40
5.267236495756652439e+05 1.776202968344561635e-40
5.515100108703634469e+05 1.711878008282101693e-40
5.774627593336011050e+05 1.650063612474376183e-40
6.046367823694129474e+05 1.589674743909397593e-40
6.330895502524301410e+05 1.531292986151374967e-40
6.628812376716231229e+05 1.475902116120080798e-40
6.940748509936034679e+05 1.423792059168967227e-40
7.267363615146342199e+05 1.374540942170541733e-40
7.609348449831622420e+05 1.326166928953924122e-40
7.967426276879493380e+05 1.279639689342063191e-40
8.342354394207627047e+05 1.236444478540008672e-40
8.734925736371255480e+05 1.194709669261758191e-40
9.145970551538519794e+05 1.154439920276427785e-40
9.576358157380277989e+05 1.118168578096528856e-40
1.002699877958792145e+06 1.084945123106633955e-40
1.049884547690744745e+06 1.053269583386893154e-40
1.099289615676106419e+06 1.023094849700281065e-40
1.151019568571915850e+06 9.944473309127577532e-41
1.205183809928602539e+06 9.675225387561127183e-41
1.261896891567288432e+06 9.416658611604842893e-41
1.321278755845152540e+06 9.160042368981257848e-41
1.383454989321228350e+06 8.924190466281663350e-41
1.448557088359108893e+06 8.715446835101353788e-41
1.516722737228283659e+06 8.515851842241665485e-41
1.588096099292261759e+06 8.326387046363841401e-41
1.662828121899319813e+06 8.153944765580821291e-41
1.741076855620664312e+06 7.998058473270328387e-41
1.823007788511217339e+06 7.858715304928469630e-41
1.908794196099883644e+06 7.737855482242726234e-41
1.998617507849545684e+06 7.623086306870669058e-41
2.092667690861789510e+06 7.498208275905664909e-41
2.191143651637860574e+06 7.383109993316830349e-41
2.294253656745536253e+06 7.286368965568626089e-41
2.402215773281578440e+06 7.212300538829933321e-41
2.515258330061301589e+06 7.159004336089750812e-41
2.633620400510623120e+06 7.133651767215981451e-41
2.757552308281866834e+06 7.140431608455281672e-41
2.887316156662638765e+06 7.183744417770835607e-41
3.023186382897428237e+06 7.267512025466069095e-41
3.165450338594262954e+06 7.393625496248031616e-41
3.314408897443918977e+06 7.569001779997761692e-41
3.470377091536950786e+06 7.795693603348216443e-41
3.633684777624287177e+06 8.080311331747823559e-41
3.804677334730464034e+06 8.431341108551203588e-41
3.983716394594875164e+06 8.859582370006610116e-41
4.171180606485852506e+06 9.379192276346614218e-41
4.367466438005071133e+06 1.000874448059406892e-40
4.572989013575908728e+06 1.077336524722011014e-40
4.788182992389073595e+06 1.170789607355890583e-40
5.013503487662251107e+06 1.286254017211683518e-40
5.249427029157942161e+06 1.431471595466804552e-40
5.496452570995079353e+06 1.619405846971663630e-40
5.755102546885874122e+06 1.874042357577698955e-40
6.025923975029588677e+06 2.237260374560549647e-40
6.309489615000000224e+06 1.397649746373249458e-40
