1.776820000000000066e+00 0.000000000000000000e+00
1.860403393900708746e+00 0.000000000000000000e+00
1.947918634435269691e+00 0.000000000000000000e+00
2.039550679610657724e+00 0.000000000000000000e+00
2.135493188043901203e+00 0.000000000000000000e+00
2.235948928247497580e+00 0.000000000000000000e+00
2.341130207168028665e+00 5.284160024587579345e-42
2.451259318883662885e+00 9.673901314769625994e-42
2.566569014408834448e+00 1.771035816713473502e-41
2.687302993599010037e+00 3.242298801718398312e-41
2.813716420195142565e+00 5.935792726729096280e-41
2.946076461096337695e+00 8.369141090204666012e-41
3.084662851000447681e+00 1.174294288932217363e-40
3.229768483605919283e+00 1.647681575075235175e-40
3.381700030624372744e+00 2.311904901292650616e-40
3.540778589912153329e+00 3.243897129695615211e-40
3.707340364090643270e+00 4.049530823114017923e-40
3.881737371089542865e+00 5.038722953911961913e-40
4.064338188114835049e+00 6.285654521227182027e-40
4.255528730613733934e+00 7.685409742377319958e-40
4.455713067882940415e+00 9.454617414402983920e-40
4.665314277043909996e+00 1.145001906252532785e-39
4.884775337189992683e+00 1.384938836430836459e-39
5.114560065595130212e+00 1.625444375840299558e-39
5.355154097962771864e+00 1.847014930659589946e-39
5.607065914786657501e+00 2.114924415361331826e-39
5.870827915992661516e+00 2.465625742379561275e-39
6.146997546132849877e+00 2.933989585984384729e-39
6.436158472509810657e+00 3.416231050966384278e-39
6.738921818721116175e+00 3.875311554070317818e-39
7.055927456230962846e+00 4.332831683689846380e-39
7.387845356698639954e+00 4.759117691400229468e-39
7.735377007921873549e+00 5.175819119323820604e-39
8.099256896387570848e+00 5.616745856850347729e-39
8.480254059563240077e+00 6.087063841761264271e-39
8.879173711209752184e+00 6.623942528208835092e-39
9.296858943150446919e+00 7.221473790498557865e-39
9.734192507093148095e+00 7.881919567642903329e-39
1.019209868027090060e+01 8.462085060436736297e-39
1.067154521884429386e+01 8.968050238011839968e-39
1.117354540319379907e+01 9.587192122942990854e-39
1.169916017942470710e+01 1.030035966133117708e-38
1.224950040161060194e+01 1.111235581409271763e-38
1.282572917951421587e+01 1.191480002651881872e-38
1.342906433674744804e+01 1.268265704071481772e-38
1.406078098456564085e+01 1.360707416120951718e-38
1.472221421673578057e+01 1.454737167779520255e-38
1.541476193117395788e+01 1.529880449288893046e-38
1.613988778431550486e+01 1.602561876796335685e-38
1.689912428446165293e+01 1.681788801586772523e-38
1.769407603064032841e+01 1.771856250324641998e-38
1.852642310382618973e+01 1.870158129952302838e-38
1.939792461768707454e+01 1.979378495388438008e-38
2.031042243636109390e+01 2.085737364802195806e-38
2.126584506712175937e+01 2.181906938110227644e-38
2.226621173615783889e+01 2.270281286490786870e-38
2.331363665608212088e+01 2.358850484658589249e-38
2.441033349418801635e+01 2.468375085129497940e-38
2.555862005089740663e+01 2.586626716729898441e-38
2.676092315828741519e+01 2.706877075346326489e-38
2.801978380904872523e+01 2.827622736979918243e-38
2.933786252671535522e+01 2.944410055975803321e-38
3.071794498851525290e+01 3.059362762958437758e-38
3.216294791272557063e+01 3.173155927224444671e-38
3.367592522297496060e+01 3.286327654114713247e-38
3.526007450252085107e+01 3.399112524013190627e-38
3.691874375214239024e+01 3.510045307163337308e-38
3.865543846593143229e+01 3.625802126390562635e-38
4.047382903993586467e+01 3.738847222564562013e-38
4.237775852931287801e+01 3.845585557962216785e-38
4.437125077038664500e+01 3.949796529819445734e-38
4.645851888477547220e+01 4.052999368495181789e-38
4.864397418356190173e+01 4.165512423565007180e-38
5.093223549032373398e+01 4.278111005559597613e-38
5.332813890272982604e+01 4.386819979475422588e-38
5.583674801333111759e+01 4.498324218281995116e-38
5.846336461114790239e+01 4.606504007296303325e-38
6.121353988667065238e+01 4.706543878753750953e-38
6.409308616395497893e+01 4.795960795671751307e-38
6.710808918460644179e+01 4.874971959749088533e-38
7.026492096961608524e+01 4.952823097830123057e-38
7.357025328622981419e+01 5.023939931236596740e-38
7.703107174831255577e+01 5.083442657429793786e-38
8.065469058000793723e+01 5.137083814299847398e-38
8.444876807389509565e+01 5.188498535981286135e-38
8.842132277631283443e+01 5.240278882482124614e-38
9.258075043405773386e+01 5.284592556123141595e-38
9.693584173827147765e+01 5.317744672960121069e-38
1.014958009030190027e+02 5.348416474505474492e-38
1.062702651178212108e+02 5.379073140890966181e-38
1.112693249152546713e+02 5.395948577366831258e-38
1.165035454966627810e+02 5.400085397848909250e-38
1.219839890610511901e+02 5.398246191469793882e-38
1.277222381843555894e+02 5.397032953126329684e-38
1.337304202984937831e+02 5.397005461384794309e-38
1.400212333219381833e+02 5.378676545802936762e-38
1.466079724959740815e+02 5.341871801634052602e-38
1.535045584833647183e+02 5.305283138232614263e-38
1.607255667888032633e+02 5.266897119645605798e-38
1.682862585633349397e+02 5.224867940305253655e-38
1.762026128578473845e+02 5.178996053408374826e-38
1.844913603938000222e+02 5.130442607642690110e-38
1.931700189225608426e+02 5.081343439547583238e-38
2.022569302480814883e+02 5.022485375564041036e-38
2.117712989911583179e+02 4.950658565683359513e-38
2.217332331771999918e+02 4.880081445681211867e-38
2.321637867332875089e+02 4.809640097780136461e-38
2.430850039843364243e+02 4.740275407088108028e-38
2.545199662424030294e+02 4.663216101946873616e-38
2.664928405876007105e+02 4.575184994266801643e-38
2.790289309437155225e+02 4.490811936931255525e-38
2.921547315564745873e+02 4.409097321455699215e-38
3.058979829874807592e+02 4.322358761059724133e-38
3.202877307421630917e+02 4.234525754043406175e-38
3.353543866556414628e+02 4.147250022965040676e-38
3.511297931662439851e+02 4.053637423729623460e-38
3.676472906125181908e+02 3.953697795158492096e-38
3.849417876959560658e+02 3.855082672635212802e-38
4.030498352583622363e+02 3.759231978142412939e-38
4.220097035297769139e+02 3.665583150950424554e-38
4.418614630102252931e+02 3.565800757757344764e-38
4.626470691562207094e+02 3.460897897840675132e-38
4.844104510510060209e+02 3.356128537433983326e-38
5.071976042459367022e+02 3.254538797435045270e-38
5.310566879692082694e+02 3.157723362536733596e-38
5.560381269073881185e+02 3.064560451577107004e-38
5.821947177748434115e+02 2.971483804419027334e-38
6.095817408963117714e+02 2.873942762220321622e-38
6.382570770384171510e+02 2.777734246497500191e-38
6.682813297370677219e+02 2.686408062374667394e-38
6.997179533792507300e+02 2.598596141167688197e-38
7.326333873099217726e+02 2.513955161460391223e-38
7.670971962474261545e+02 2.432446827375304070e-38
8.031822173041888391e+02 2.351145768599524586e-38
8.409647139234195947e+02 2.268518695344117828e-38
8.805245370571400372e+02 2.187792232057259939e-38
9.219452939262022255e+02 2.109863514280778586e-38
9.653145247189318070e+02 2.036440383347241168e-38
1.010723887601866977e+03 1.964341449645250533e-38
1.058269352433579570e+03 1.891683869370063951e-38
1.108051403590985956e+03 1.821762042334431424e-38
1.160175252336823860e+03 1.754353311583304845e-38
1.214751059177090156e+03 1.687264973416585120e-38
1.271894166678414649e+03 1.622409208212310453e-38
1.331725343237376364e+03 1.561015885047866787e-38
1.394371038316993236e+03 1.501828860844227659e-38
1.459963649689777867e+03 1.444090041712865619e-38
1.528641803252173304e+03 1.387207761488357385e-38
1.600550646001758423e+03 1.332264209717741863e-38
1.675842152796367600e+03 1.279892099966068215e-38
1.754675447543495693e+03 1.228904916073960858e-38
1.837217139498746519e+03 1.179307639682000154e-38
1.923641675384123573e+03 1.131800631593713508e-38
2.014131708070300192e+03 1.086249654739846960e-38
2.108878482602073291e+03 1.042477565576574201e-38
2.208082240382861528e+03 1.000126442044872155e-38
2.311952642372415085e+03 9.590729665164344974e-39
2.420709212192205541e+03 9.194387363614792916e-39
2.534581800074902276e+03 8.816283176109754046e-39
2.653811068638533470e+03 8.458101196762060665e-39
2.778649001511909773e+03 8.108586143662791737e-39
2.909359435886341998e+03 7.768473375650527151e-39
3.046218620119092066e+03 7.447033450608727192e-39
3.189515797567052232e+03 7.142035232449990208e-39
3.339553817884576347e+03 6.850862015502859415e-39
3.496649777077324870e+03 6.570278272060279698e-39
3.661135687664938359e+03 6.298871706975645207e-39
3.833359180368778652e+03 6.035843102934241953e-39
4.013684238807824386e+03 5.782281910629280212e-39
4.202491968755335620e+03 5.539012635480871072e-39
4.400181403582182611e+03 5.305742569262311604e-39
4.607170347588997174e+03 5.082169739905886347e-39
4.823896259009507958e+03 4.868055040072661731e-39
5.050817174551291828e+03 4.660453279758578893e-39
5.288412677427768358e+03 4.457260131623076771e-39
5.537184910927476267e+03 4.262714936637671800e-39
5.797659639662580048e+03 4.078296616532225861e-39
6.070387360739647193e+03 3.905401702821272927e-39
6.355944467200961299e+03 3.740997912825255980e-39
6.654934466195278219e+03 3.582420859516842504e-39
6.967989254452619207e+03 3.430744084843288954e-39
7.295770453758577787e+03 3.285631407866774197e-39
7.638970809250785351e+03 3.145497881468316985e-39
7.998315653492530146e+03 3.011058554900079478e-39
8.374564439417983522e+03 2.883092851165208626e-39
8.768512345388620815e+03 2.762135262295903550e-39
9.180991955753113871e+03 2.647489705423730735e-39
9.612875020462515749e+03 2.536624449113479411e-39
1.006507429745940499e+04 2.430067262671835790e-39
1.053854548173494186e+04 2.328438395125493896e-39
1.103428922513064572e+04 2.230595638640891633e-39
1.155335325115379601e+04 2.136232393427206106e-39
1.209683456927562838e+04 2.045587123896711243e-39
1.266588179339255657e+04 1.959487636789789605e-39
1.326169756935014266e+04 1.878591417092177719e-39
1.388554111665998789e+04 1.801036456719980796e-39
1.453873088978179658e+04 1.725924572974956026e-39
1.522264736459466076e+04 1.651791075167684346e-39
1.593873595594691687e+04 1.580575702549466871e-39
1.668851007245017536e+04 1.514292156990141905e-39
1.747355431497421523e+04 1.451659332711518271e-39
1.829552782560211563e+04 1.391907680138295964e-39
1.915616779412380129e+04 1.334042143434476828e-39
2.005729312947816288e+04 1.278597456199013120e-39
2.100080830390391930e+04 1.226170887315262784e-39
2.198870737792290674e+04 1.175768364401364766e-39
2.302307821466290989e+04 1.127671798550528117e-39
2.410610689242600347e+04 1.083580449937349417e-39
2.524008232482898165e+04 1.041452230856506190e-39
2.642740109827954439e+04 9.991034830143309427e-40
2.767057253701253285e+04 9.589993619530071437e-40
2.897222400639000261e+04 9.216413044559356845e-40
3.033510646567433287e+04 8.860167301435914685e-40
3.176210028200937450e+04 8.517507123282750618e-40
3.325622131789653940e+04 8.185851716854303016e-40
3.482062730503250350e+04 7.873157759915370074e-40
3.645862451797821996e+04 7.579761630064553960e-40
3.817367476176445052e+04 7.290762809404975309e-40
3.996940268820052734e+04 7.011780625344155017e-40
4.184960345635025442e+04 6.751593031282868085e-40
4.381825075336437294e+04 6.500206222652988996e-40
4.587950519262019225e+04 6.257206138700515350e-40
4.803772310691901657e+04 6.035736991175463772e-40
5.029746575532383577e+04 5.827256038559051155e-40
5.266350896309653763e+04 5.619972590772948252e-40
5.514085321510634094e+04 5.418196992162949357e-40
5.773473422404322628e+04 5.226661438957754385e-40
6.045063399577080418e+04 5.049611342813083521e-40
6.329429241520335927e+04 4.882958801265605398e-40
6.627171937719537527e+04 4.722429680445384530e-40
6.938920748807951168e+04 4.571248559685482382e-40
7.265334536469854356e+04 4.429219323751227417e-40
7.607103155903556035e+04 4.290645925449158239e-40
7.964948913787411584e+04 4.157223135451526701e-40
8.339628094830017653e+04 4.032166355206421728e-40
8.731932560130725324e+04 3.916117365372455737e-40
9.142691420728781668e+04 3.810933537529181070e-40
9.572772789877811738e+04 3.712313487077746479e-40
1.002308561774914997e+05 3.618367309912798220e-40
1.049458161244127841e+05 3.529179269089145190e-40
1.098825725135562243e+05 3.444247313012880531e-40
1.150515588718952058e+05 3.364415641569187279e-40
1.204636995299699192e+05 3.295112575418219477e-40
1.261304327097800415e+05 3.224147553572518264e-40
1.320637346987536293e+05 3.138801553336981380e-40
1.382761451608852658e+05 3.079721513160464699e-40
1.447807936385329813e+05 3.046745438747964608e-40
1.515914273008886958e+05 3.011322650351038635e-40
1.587224399977631110e+05 2.970329918157530196e-40
1.661889026800915308e+05 2.931288978287584549e-40
1.740065952514475503e+05 2.896153790734053425e-40
1.821920399178867228e+05 2.863530886405330426e-40
1.907625361066006008e+05 2.832153315149990991e-40
1.997361970271757746e+05 2.802967655193696542e-40
2.091319879527350131e+05 2.778140579643140609e-40
2.189697663018593739e+05 2.755249813912898000e-40
2.292703236060064810e+05 2.733852639497616798e-40
2.400554294511140615e+05 2.713367720843097525e-40
2.513478774862642749e+05 2.693016624009572589e-40
2.631715335966422572e+05 2.671661754329324005e-40
2.755513863425939926e+05 2.647626444757049512e-40
2.885135997713935794e+05 2.618416310362303316e-40
3.020855687133252504e+05 2.580220021722957579e-40
3.162959766789525165e+05 2.527250239964573763e-40
3.311748564799265005e+05 2.450920798612416753e-40
3.467536537014635396e+05 2.340295992734213373e-40
3.630652931606320199e+05 2.188019596598033629e-40
3.801442484908971819e+05 1.946526884464438023e-40
3.980266149999999325e+05 1.531768344051232390e-40
