1.776820000000000066e+00 0.000000000000000000e+00
1.860452468130066261e+00 0.000000000000000000e+00
1.948021401251255336e+00 0.000000000000000000e+00
2.039712083344451532e+00 0.000000000000000000e+00
2.135718519452113551e+00 0.000000000000000000e+00
2.236243846166621196e+00 0.000000000000000000e+00
2.341500761439742284e+00 3.739136599255444588e-44
2.451711974622639456e+00 6.733188381821778865e-44
2.567110677688639431e+00 1.212467760448421470e-43
2.687941038635808244e+00 2.183331264124051241e-43
2.814458718113305391e+00 3.931597659255242549e-43
2.946931410364630022e+00 5.503393924680243124e-43
3.085639409632316976e+00 7.679093075332963745e-43
3.230876203222523557e+00 1.071493438946162324e-42
3.382949092484349940e+00 1.495097246589119151e-42
3.542179843017793761e+00 2.086170656961227973e-42
3.708905365486108163e+00 2.596225635869704363e-42
3.883478428473044364e+00 3.223977222050331804e-42
4.066268404893319754e+00 4.003542359651761034e-42
4.257662053535576696e+00 4.971643406319202684e-42
4.458064337391514975e+00 6.173889757448747100e-42
4.667899280502624038e+00 7.203266393303346301e-42
4.887610865137530958e+00 8.391034953458170165e-42
5.117663971198235018e+00 9.774816498373138203e-42
5.358545359842906031e+00 1.138687941134229725e-41
5.610764703406450948e+00 1.326475658445936941e-41
5.874855663798015826e+00 1.487223325583677791e-41
6.151377021657185473e+00 1.665370507514111600e-41
6.440913858657987490e+00 1.864813757533528520e-41
6.744078795462344900e+00 2.088214702696857206e-41
7.061513287942258188e+00 2.338521197807852645e-41
7.393888984413410803e+00 2.555367852917271669e-41
7.741909146751859261e+00 2.790101547338271618e-41
8.106310138400756315e+00 3.047163265710062318e-41
8.487862982415476765e+00 3.328833327974940936e-41
8.887374992843787069e+00 3.637821534632650906e-41
9.305691482892841648e+00 3.911787863810447495e-41
9.743697553497215225e+00 4.206143537701415382e-41
1.020231996607241598e+01 4.526764785193054376e-41
1.068252910341625928e+01 4.876582853213014687e-41
1.118534102290723986e+01 5.258935584360521627e-41
1.171181960634406138e+01 5.610722487159985331e-41
1.226307881097518049e+01 5.989778587528249809e-41
1.284028502648117964e+01 6.402134761623026911e-41
1.344465954289711007e+01 6.852631606286257009e-41
1.407748113469646611e+01 7.345625288640971692e-41
1.474008876650448485e+01 7.817460779378013107e-41
1.543388442616558187e+01 8.328000200139394192e-41
1.616033609115945779e+01 8.884028256843039803e-41
1.692098083464222569e+01 9.491269748389479586e-41
1.771742807768466932e+01 1.015405613079724505e-40
1.855136299458886739e+01 1.080836915415797707e-40
1.942455007848833048e+01 1.151361987484644275e-40
2.033883687477610991e+01 1.227610512881659502e-40
2.129615789026014738e+01 1.310263613231928736e-40
2.229853868631716907e+01 1.399710658345905699e-40
2.334810016470578731e+01 1.489486164024504209e-40
2.444706305510681332e+01 1.585408355097386862e-40
2.559775261388595879e+01 1.658766489024984016e-40
2.680260354402076928e+01 1.762446985154865796e-40
2.806416514660185157e+01 1.872035804845749374e-40
2.938510671480802117e+01 1.985553879540899687e-40
3.076822318176854765e+01 2.104916260609337703e-40
3.221644103426234551e+01 2.230385520915215618e-40
3.373282450476700944e+01 2.362313189338697817e-40
3.532058205495894754e+01 2.500871571309351931e-40
3.698307316438294379e+01 2.644142870655298872e-40
3.872381543865506615e+01 2.793901575624651087e-40
4.054649205223881836e+01 2.950372434653355749e-40
4.245495954154265661e+01 3.113895696522929953e-40
4.445325596482769015e+01 3.284601984160928039e-40
4.654560944619111496e+01 3.460669890200086732e-40
4.873644712170303706e+01 3.643699188281316039e-40
5.103040450662580696e+01 3.833069775241666503e-40
5.343233530353532501e+01 4.020890188978044096e-40
5.594732167209712514e+01 4.203876609213410065e-40
5.858068498222657894e+01 4.378830824161282993e-40
6.133799707338579310e+01 4.545754331622870969e-40
6.422509204383976567e+01 4.790647523402791068e-40
6.724807859481681760e+01 4.951742764642279064e-40
7.041335295569142261e+01 5.105215436286112020e-40
7.372761241753784134e+01 5.249184942824899995e-40
7.719786950368929013e+01 5.384702369102848230e-40
8.083146680728576428e+01 5.512923677281845180e-40
8.463609252720500820e+01 5.643571950663736631e-40
8.861979673524791679e+01 5.779766979721365400e-40
9.279100840899852187e+01 5.920419548569732494e-40
9.715855326639672285e+01 6.068359381914213579e-40
1.017316724397600041e+02 6.224962135428832728e-40
1.065200420287654026e+02 6.391768273269737586e-40
1.115337935737637878e+02 6.570656065747955371e-40
1.167835354927444200e+02 6.764320394489650741e-40
1.222803755273080810e+02 6.976147543556509514e-40
1.280359442451411383e+02 7.208482159739695303e-40
1.340624196487187021e+02 7.450283142023726761e-40
1.403725529423055605e+02 7.696089641734839389e-40
1.469796955117742812e+02 7.941059205491382905e-40
1.538978271743262383e+02 8.184124492444054869e-40
1.611415857578874693e+02 8.422108910150281567e-40
1.687262980727673209e+02 8.651491142430874684e-40
1.766680123411089482e+02 8.868674024831838319e-40
1.849835321527499161e+02 9.070458110836930319e-40
1.936904520193384940e+02 9.253992056087792192e-40
2.028071946019329346e+02 9.418918887777109340e-40
2.123530496908526288e+02 9.592833556517405789e-40
2.223482150202571574e+02 9.782552805179543309e-40
2.328138390038113528e+02 9.985514064375141429e-40
2.437720654818592436e+02 1.020326661110677368e-39
2.552460805747847985e+02 1.043699722592274910e-39
2.672601617416981412e+02 1.068885864329559086e-39
2.798397291482440892e+02 1.096226273465182080e-39
2.930113994522235998e+02 1.126239545013678132e-39
3.068030421208305256e+02 1.159633278137196383e-39
3.212438383986626604e+02 1.197092884993885599e-39
3.363643430512759096e+02 1.236807688777115953e-39
3.521965490149224252e+02 1.277595790918183220e-39
3.687739550892633815e+02 1.318756922166502406e-39
3.861316368162820254e+02 1.359887823288368288e-39
4.043063206953738700e+02 1.400551212236278554e-39
4.233364618916347126e+02 1.440387184055833230e-39
4.432623256017725453e+02 1.479148734539466974e-39
4.641260722498005862e+02 1.516748374913385054e-39
4.859718466927741360e+02 1.553270557744735642e-39
5.088458716253181251e+02 1.588986643815037249e-39
5.327965453805782090e+02 1.624564987503537712e-39
5.578745443345243302e+02 1.659907879788282947e-39
5.841329301302898784e+02 1.694618249856414550e-39
6.116272619494069431e+02 1.728527863936810531e-39
6.404157140674963102e+02 1.761421506823247096e-39
6.705591989431412685e+02 1.793114454429379724e-39
7.021214961003855706e+02 1.823472036508036676e-39
7.351693870775525284e+02 1.852432794107605091e-39
7.697727967279188306e+02 1.880006441052314820e-39
8.060049411712169558e+02 1.906331057220150329e-39
8.439424827090078907e+02 1.932714097969041330e-39
8.836656920317135473e+02 1.959511980882888186e-39
9.252586180605038635e+02 1.986568686233678245e-39
9.688092657834100692e+02 2.013914948173711151e-39
1.014409782461939017e+03 2.041519240079841757e-39
1.062156652602175654e+03 2.069346065935953587e-39
1.112150902102906912e+03 2.097369115345438102e-39
1.164498312012716497e+03 2.125580833717090451e-39
1.219309642348326861e+03 2.153989902032130314e-39
1.276700866447773478e+03 2.182668429527348396e-39
1.336793416354247711e+03 2.212653765898480694e-39
1.399714439749824578e+03 2.244350488617527342e-39
1.465597068982707242e+03 2.277733237397176808e-39
1.534580702757211384e+03 2.312967599669594879e-39
1.606811301082509999e+03 2.350158754350204973e-39
1.682441694104207727e+03 2.389407052986864193e-39
1.761631905472195513e+03 2.430823396464631541e-39
1.844549490928972773e+03 2.474529676347226318e-39
1.931369892834876055e+03 2.520659895488105747e-39
2.022276811380301069e+03 2.569133901686696967e-39
2.117462593270382513e+03 2.616216139728366905e-39
2.217128638704524747e+03 2.660345990842498665e-39
2.321485827511895877e+03 2.701166008261633798e-39
2.430754965344534412e+03 2.738545871100791355e-39
2.545167250872152181e+03 2.772300044515796946e-39
2.664964764967138308e+03 2.802248222252783187e-39
2.790400982914855831e+03 2.828236346902086030e-39
2.921741310732942111e+03 2.850129127182403705e-39
3.059263646734433678e+03 2.867813852933952706e-39
3.203258969522891221e+03 2.881438213837124938e-39
3.354031953663643890e+03 2.894798904361493856e-39
3.511901614333829002e+03 2.909309231738931554e-39
3.677201982315223631e+03 2.924834672084102277e-39
3.850282810758060350e+03 2.941501910356131457e-39
4.031510315211221041e+03 2.959351577600484528e-39
4.221267948484673070e+03 2.978403257920694375e-39
4.419957211983572051e+03 2.998681261625382809e-39
4.627998505230762930e+03 3.020192696005280247e-39
4.845832015375124683e+03 3.042931567840741291e-39
5.073918648567859236e+03 3.066841976256615861e-39
5.312741005177363149e+03 3.090120529343096204e-39
5.562804400906138653e+03 3.112031842538792838e-39
5.824637935970226863e+03 3.132360761012182598e-39
6.098795614603518516e+03 3.151217103129090490e-39
6.385857517255511993e+03 3.168604628954748903e-39
6.686431027962851658e+03 3.184494505535510197e-39
7.001152119491531266e+03 3.198861036486697944e-39
7.330686698968980636e+03 3.211650851304852287e-39
7.675732016853190544e+03 3.222786635182699429e-39
8.037018142220083973e+03 3.232223778536018084e-39
8.415309507490623218e+03 3.239364509528446238e-39
8.811406525866064840e+03 3.243951340310430318e-39
9.226147284893737378e+03 3.245752278745794108e-39
9.660409319746549954e+03 3.244927222761907465e-39
1.011511146996835851e+04 3.241519014755326336e-39
1.059121582361373476e+04 3.235531121131363718e-39
1.108972975289584974e+04 3.226974446751185181e-39
1.161170804564924401e+04 3.215834990889853625e-39
1.215825513711794520e+04 3.202075714735903450e-39
1.273052744679042371e+04 3.185777880187828428e-39
1.332973582522639663e+04 3.168109202352035908e-39
1.395714811605240902e+04 3.149563257928381486e-39
1.461409183854671755e+04 3.129918418160376189e-39
1.530195699649020571e+04 3.109380353330820262e-39
1.602219901922553072e+04 3.088023943142792751e-39
1.677634184114839445e+04 3.065868122011487193e-39
1.756598112614569982e+04 3.042932739286307772e-39
1.839278764380407665e+04 3.019212662330335000e-39
1.925851080453141549e+04 2.994677865655173001e-39
2.016498236107201592e+04 2.969318811736514368e-39
2.111412028424698292e+04 2.942330341861444464e-39
2.210793282111999724e+04 2.913399102843888653e-39
2.314852274417574881e+04 2.882351339072410344e-39
2.423809180050133727e+04 2.849434732134339009e-39
2.537894537038404815e+04 2.814777721368046091e-39
2.657349734518362311e+04 2.778451398874124874e-39
2.782427523479844967e+04 2.740530093094380246e-39
2.913392551553399244e+04 2.701084168406164375e-39
3.050521922968711806e+04 2.660179400566317991e-39
3.194105784869610579e+04 2.617891495428959892e-39
3.344447941226007970e+04 2.574104434708853149e-39
3.501866495641898655e+04 2.528824588316025027e-39
3.666694524419447407e+04 2.481958552145151915e-39
3.839280781303200638e+04 2.433765709803600073e-39
4.019990435395749228e+04 2.384409088274780713e-39
4.209205843805942277e+04 2.333997439581099611e-39
4.407327360664710432e+04 2.282640425603699041e-39
4.614774184220023744e+04 2.230458060777651083e-39
4.831985243803572666e+04 2.177581315357824207e-39
5.059420128545618354e+04 2.124141744389911458e-39
5.297560059803256445e+04 2.070954526210196377e-39
5.546908909359552490e+04 2.018395978867865358e-39
5.807994265547788382e+04 1.966345498151622576e-39
6.081368549556885409e+04 1.914929539366507290e-39
6.367610184279586974e+04 1.864208305643986604e-39
6.667324818176920235e+04 1.814198574254258298e-39
6.981146606748057820e+04 1.764916310568038672e-39
7.309739554317417787e+04 1.716393600683307310e-39
7.653798918977624271e+04 1.668681423106831585e-39
8.014052683661338233e+04 1.621779870695027849e-39
8.391263096454413608e+04 1.575358752348899109e-39
8.786228283409315918e+04 1.529288614925411807e-39
9.199783937271682953e+04 1.483532216285885884e-39
9.632805085692655121e+04 1.438197780988967717e-39
1.008620794266879675e+05 1.393355483328072695e-39
1.056095184712647169e+05 1.349046351457475070e-39
1.105804129275289888e+05 1.305309567410012325e-39
1.157852805336856836e+05 1.262197238210805151e-39
1.212351340833778377e+05 1.219777813369897299e-39
1.269415047272655938e+05 1.178085470011549702e-39
1.329164663713744085e+05 1.137322806292558022e-39
1.391726612238441303e+05 1.097580385856736733e-39
1.457233265441238182e+05 1.058806418075203057e-39
1.525823226512190304e+05 1.021023255887555202e-39
1.597641622502441751e+05 9.842358394994374030e-40
1.672840411393381655e+05 9.484337486764920922e-40
1.751578703619125881e+05 9.136061989987734786e-40
1.834023098722583381e+05 8.797513997624544896e-40
1.920348037857512827e+05 8.468795100509236835e-40
2.010736172882304236e+05 8.149768174246899629e-40
2.105378752826561104e+05 7.840596317743022603e-40
2.204476028548064351e+05 7.541238308927176891e-40
2.308237676436452020e+05 7.251273133456450963e-40
2.416883242059978365e+05 6.970614671518534188e-40
2.530642604694160400e+05 6.699111005500144502e-40
2.649756463715151185e+05 6.436541374265678475e-40
2.774476847886923933e+05 6.182688170716281790e-40
2.905067648619983229e+05 5.937384817541365170e-40
3.041805178329740884e+05 5.700535230801971082e-40
3.184978755076141097e+05 5.471917317626399266e-40
3.334891314721370582e+05 5.251327662366342929e-40
3.491860051901093684e+05 5.038546564813343546e-40
3.656217091165215243e+05 4.833267374652832680e-40
3.828310189708382823e+05 4.635320290793416636e-40
4.008503473177052219e+05 4.444516595725179141e-40
4.197178206109893508e+05 4.260642114632792806e-40
4.394733598641889985e+05 4.083487842920978989e-40
4.601587651178748347e+05 3.912872604252609086e-40
4.818178038829113357e+05 3.748654499413699328e-40
5.044963037465638481e+05 3.590639613594133308e-40
5.282422493374631740e+05 3.439050908039874955e-40
5.531058838545616018e+05 3.293876378993046950e-40
5.791398153749280609e+05 3.154817123187968383e-40
6.063991281653047772e+05 3.021630473811477676e-40
6.349414992329332745e+05 2.894077852154528690e-40
6.648273203622857109e+05 2.771920190690431514e-40
6.961198258958765073e+05 2.654928696779958049e-40
7.288852265295621473e+05 2.542895296120857500e-40
7.631928494053801987e+05 2.435638926926875357e-40
7.991152847983791726e+05 2.332951968103893558e-40
8.367285397077964153e+05 2.234383825345181390e-40
8.761121986775443656e+05 2.139628756983776392e-40
9.173495921863204567e+05 2.048550416214126808e-40
9.605279729635796975e+05 1.961025053913970692e-40
1.005738700604486279e+06 1.876931604507892376e-40
1.053077434874404920e+06 1.796150381199300438e-40
1.102644338112002239e+06 1.718565322931499769e-40
1.154544287159149302e+06 1.644139025969754346e-40
1.208887095266096061e+06 1.573021039229185446e-40
1.265787744441416347e+06 1.505084681411698966e-40
1.325366628738319036e+06 1.440182696894321369e-40
1.387749808992150705e+06 1.378175022436330290e-40
1.453069279547996819e+06 1.318970742352657470e-40
1.521463247542829718e+06 1.262581471487116299e-40
1.593076425333033316e+06 1.208875867635019785e-40
1.668060336686140392e+06 1.157716430476925110e-40
1.746573637384542264e+06 1.108973381175184443e-40
1.828782450919606723e+06 1.062510515536958501e-40
1.914860719986457378e+06 1.018157831825433511e-40
2.004990574523089919e+06 9.758072615178014576e-41
2.099362717072638683e+06 9.353625711448538513e-41
2.198176826284051407e+06 8.967324598961640642e-41
2.301641979405051097e+06 8.597638202682909152e-41
2.409977094661189243e+06 8.240922750082370506e-41
2.523411394457142334e+06 7.896503744979974632e-41
2.642184890380189288e+06 7.564078500775596231e-41
2.766548891032173298e+06 7.243347842834002550e-41
2.896766533764427062e+06 6.934559186843996843e-41
3.033113341440663207e+06 6.639487688293371818e-41
3.175877805406017695e+06 6.357726500033641507e-41
3.325361995895542204e+06 6.088650168628866185e-41
3.481882201173889451e+06 5.831665570192001469e-41
3.645769596758319531e+06 5.586231501153715639e-41
3.817370946141175926e+06 5.351500299706117058e-41
3.997049334494413808e+06 5.126912376745478127e-41
4.185184936908500735e+06 4.912013408585070910e-41
4.382175822791393846e+06 4.706374637282860266e-41
4.588438798129322939e+06 4.509979253359572478e-41
4.804410287391779013e+06 4.323985957122897229e-41
5.030547256946402602e+06 4.147955375843321336e-41
5.267328181937888265e+06 3.981292336554142218e-41
5.515254058676403947e+06 3.823441599509864226e-41
5.774849464677834883e+06 3.673770285756389720e-41
6.046663668598664925e+06 3.530851477551750665e-41
6.331271792413848452e+06 3.394192907058510769e-41
6.629276028296971694e+06 3.263494025929712805e-41
6.941306912777079269e+06 3.138471636057184628e-41
7.268024660868529230e+06 3.018884073455417718e-41
7.610120562996268272e+06 2.904555600374641024e-41
7.968318447672690265e+06 2.795238025927887247e-41
8.343376213020456955e+06 2.690690031723914050e-41
8.736087430382130668e+06 2.590683183984555357e-41
9.147283023409517482e+06 2.495262435952824144e-41
9.577833026185249910e+06 2.404821177585446846e-41
1.002864842409699596e+07 2.319093117249825823e-41
1.050068308135879599e+07 2.237806606418217377e-41
1.099493575925846212e+07 2.160708426363565830e-41
1.151245222940078750e+07 2.087428364391924198e-41
1.205432748641854525e+07 2.017102304748499562e-41
1.262170806483239867e+07 1.949509792204522055e-41
1.321579446496244520e+07 1.884533590664574168e-41
1.383784369302409701e+07 1.822063249828198999e-41
1.448917192078247853e+07 1.762399960199739448e-41
1.517115727039353549e+07 1.706631323485538648e-41
1.588524273032328486e+07 1.654596588347203668e-41
1.663293920851587504e+07 1.606058911857471610e-41
1.741582872926956043e+07 1.560882389179678574e-41
1.823556778058556095e+07 1.518801560718949962e-41
1.909389081907202303e+07 1.478982133842945794e-41
1.999261393981862068e+07 1.441217414159706773e-41
2.093363871900764108e+07 1.405403400735102717e-41
2.191895623739086837e+07 1.371498098785488247e-41
2.295065129314662516e+07 1.339868578544651450e-41
2.403090681302950904e+07 1.311453434223937838e-41
2.516200847114756703e+07 1.286116379833894716e-41
2.634634952513826266e+07 1.263699449997991618e-41
2.758643587997705489e+07 1.244066158027414598e-41
2.888489139013246819e+07 1.226598311830394004e-41
3.024446341128577664e+07 1.208535906906017991e-41
3.166802861336329207e+07 1.189525314366235653e-41
3.315859906717913598e+07 1.169332509111049482e-41
3.471932861756891012e+07 1.145929891013332725e-41
3.635351955649691820e+07 1.122230771259201927e-41
3.806462961025843024e+07 1.106249319900856102e-41
3.985627925555890054e+07 1.097941124118580768e-41
4.173225937995161861e+07 1.097140276769753033e-41
4.369653930284169316e+07 1.104127705828216190e-41
4.575327517402673513e+07 1.119846823240104643e-41
4.790681876754663140e+07 1.145380967038699240e-41
5.016172668944621086e+07 1.181481250177371919e-41
5.252277001893614233e+07 1.229611450443525957e-41
5.499494440334838629e+07 1.291231029875265738e-41
5.758348062824899703e+07 1.368621174597986872e-41
6.029385568506985158e+07 1.464771991763857568e-41
6.313180435967971385e+07 1.583594499036443747e-41
6.610333136641342938e+07 1.730229050569828579e-41
6.921472405323182046e+07 1.911559854134811816e-41
7.247256570489792526e+07 2.136924224658836139e-41
7.588374947231322527e+07 2.419335212814803935e-41
7.945549295749084651e+07 2.777750208714842030e-41
8.319535348502087593e+07 3.241644257637830514e-41
8.711124409234505892e+07 3.862924358472216965e-41
9.121145027266924083e+07 4.756541134346336517e-41
9.550464750594326854e+07 6.335471628307230517e-41
9.999991961499999464e+07 4.973449809987222237e-41
