1.776820000000000066e+00 0.000000000000000000e+00
1.860665200546006481e+00 0.000000000000000000e+00
1.948466917595991665e+00 0.000000000000000000e+00
2.040411852627730838e+00 0.000000000000000000e+00
2.136695517253309529e+00 0.000000000000000000e+00
2.237522648954807902e+00 0.000000000000000000e+00
2.343107646437865732e+00 0.000000000000000000e+00
2.453675025528861742e+00 0.000000000000000000e+00
2.569459896585128078e+00 0.000000000000000000e+00
2.690708464433362757e+00 0.000000000000000000e+00
2.817678551899314598e+00 0.000000000000000000e+00
2.950640148041962174e+00 0.000000000000000000e+00
3.089875982257964004e+00 0.000000000000000000e+00
3.235682125477145732e+00 0.000000000000000000e+00
3.388368619727412767e+00 0.000000000000000000e+00
3.548260137407785120e+00 4.147214827070290543e-56
3.715696671671444573e+00 1.057388048755035817e-54
3.891034259386812799e+00 1.157047247496169637e-43
4.074645738213969359e+00 2.014945902878329194e-43
4.266921539406258290e+00 4.090202873359500717e-43
4.468270518022882776e+00 7.905307181347131660e-43
4.679120822317879735e+00 1.350754419143698847e-42
4.899920804154101361e+00 2.074123085508966106e-42
5.131139972378147895e+00 3.029633297493805727e-42
5.373269991183470928e+00 4.536571204817347951e-42
5.626825725584600590e+00 6.755071759372363859e-42
5.892346336225559256e+00 8.956357715516889063e-42
6.170396425850483091e+00 1.187130561379419709e-41
6.461567239874299595e+00 1.566440825295700176e-41
6.766477923606340816e+00 2.056288866307999810e-41
7.085776838800280863e+00 2.663854888094819664e-41
7.420142942329876590e+00 3.209937496668947857e-41
7.770287229922137939e+00 3.827271500143840019e-41
8.136954248017890023e+00 4.567356472479553704e-41
8.520923676974529570e+00 5.471278738243803111e-41
8.923011988977513909e+00 6.489508098536147121e-41
9.344074184185942045e+00 7.368627307961723065e-41
9.785005608803986732e+00 8.329315826824403093e-41
1.024674385894410555e+01 9.418471706593156080e-41
1.073027077433042820e+01 1.065058407625435881e-40
1.123661452608169498e+01 1.194931255982056864e-40
1.176685180301322831e+01 1.304058220159789513e-40
1.232211010110689031e+01 1.422696241475471962e-40
1.290357012101733503e+01 1.549754187028615751e-40
1.351246827871263534e+01 1.684288923163506719e-40
1.415009933458785696e+01 1.816573569205892557e-40
1.481781914664221667e+01 1.925562561245508556e-40
1.551704755357407706e+01 2.036896451817041867e-40
1.624927139392444175e+01 2.148627302795353524e-40
1.701604766768885213e+01 2.259656782364843942e-40
1.781900684712051941e+01 2.365193687163167952e-40
1.865985634376479041e+01 2.445046557773043455e-40
1.954038413909725591e+01 2.522102727372560150e-40
2.046246258648562844e+01 2.595170900726009083e-40
2.142805239255998373e+01 2.665976492852810380e-40
2.243920678645724109e+01 2.728284665713621722e-40
2.349807588580542017e+01 2.761040542147863776e-40
2.460691126873145151e+01 2.795101553211619107e-40
2.576807076161456322e+01 2.825671475023288683e-40
2.698402345276575076e+01 2.851777302287121376e-40
2.825735494269454406e+01 2.870064967291685134e-40
2.959077284212718695e+01 2.868130234540262829e-40
3.098711252946719341e+01 2.863405363845103636e-40
3.244934317994098194e+01 2.857036304902666533e-40
3.398057407924892459e+01 2.844895048950828969e-40
3.558406123514712505e+01 2.828296112382402860e-40
3.726321430101889831e+01 2.801116932794101513e-40
3.902160382615804224e+01 2.766901460698218151e-40
4.086296884818111153e+01 2.730553578087012951e-40
4.279122484371298896e+01 2.693972165617478007e-40
4.481047205425224433e+01 2.649273004973169626e-40
4.692500420492028468e+01 2.595007353500580690e-40
4.913931763463389046e+01 2.540626009899330356e-40
5.145812085711553152e+01 2.487250408064832008e-40
5.388634457307183823e+01 2.433654212057427706e-40
5.642915215483048996e+01 2.377176615508394810e-40
5.909195062572954527e+01 2.314305731947427692e-40
6.188040215760615581e+01 2.252185238784339558e-40
6.480043611083270605e+01 2.190443832976087546e-40
6.785826164250245540e+01 2.129198098868866750e-40
7.106038090957451914e+01 2.069839970787633095e-40
7.441360289505355752e+01 2.006617017526134322e-40
7.792505788660399446e+01 1.943735586794449423e-40
8.160221263838609218e+01 1.879368018791428210e-40
8.545288624835407632e+01 1.817004778298081862e-40
8.948526678477774965e+01 1.754864049493170521e-40
9.370792869734208352e+01 1.691461905727520776e-40
9.812985104984797147e+01 1.630426389996860377e-40
1.027604366132839004e+02 1.570464264731995968e-40
1.076095318598682695e+02 1.511776632716430749e-40
1.126874479005771832e+02 1.453232104598069099e-40
1.180049824106804266e+02 1.394486225637879696e-40
1.235734425899058522e+02 1.336882520953368204e-40
1.294046692060578323e+02 1.282864940136978909e-40
1.355110617732123046e+02 1.230518140333431608e-40
1.419056049180313437e+02 1.179635297696966749e-40
1.486018959902584413e+02 1.128235828915425451e-40
1.556141739761096403e+02 1.078493300227354564e-40
1.629573497760375176e+02 1.030493761511374689e-40
1.706470379112553246e+02 9.844482010971591203e-41
1.786995897264369262e+02 9.394137899187156058e-41
1.871321281592001355e+02 8.944162841322192762e-41
1.959625841503016090e+02 8.516723737739469657e-41
2.052097347719717106e+02 8.100708761206067875e-41
2.148932431554593450e+02 7.702882308487215300e-41
2.250337003026950811e+02 7.317467554525853301e-41
2.356526688709738835e+02 6.951327111798958843e-41
2.467727290237685622e+02 6.602480810916222832e-41
2.584175264451634462e+02 6.268633150918556929e-41
2.706118226200139247e+02 5.949165849792672447e-41
2.833815474867394073e+02 5.632522868691708364e-41
2.967538545747187868e+02 5.316365946075152907e-41
3.107571787435248325e+02 5.014219952953538039e-41
3.254212966467798651e+02 4.723880494867690699e-41
3.407773900492015855e+02 4.446438914003564036e-41
3.568581121314719553e+02 4.185888391368745194e-41
3.736976569239286050e+02 3.939400723775570147e-41
3.913318320167118145e+02 3.704805442646287364e-41
4.097981347009891238e+02 3.482045825017832415e-41
4.291358317031521779e+02 3.268583067921010492e-41
4.493860426815452342e+02 3.060836757245930300e-41
4.705918276632597212e+02 2.846489542036410989e-41
4.927982786069332519e+02 2.643684012278906269e-41
5.160526152862393019e+02 2.454787023172990310e-41
5.404042856979671114e+02 2.279345544908522934e-41
5.659050712081858592e+02 2.112684218986057911e-41
5.926091966600903334e+02 1.953779279641476248e-41
6.205734456776453953e+02 1.805160018249918032e-41
6.498572814102288930e+02 1.666350615548342562e-41
6.805229729750039951e+02 1.537942624222518511e-41
7.126357278659062331e+02 1.406201268090233656e-41
7.462638306107913877e+02 1.270355785529690902e-41
7.814787879715775034e+02 1.147086059015537540e-41
8.183554809961536876e+02 1.033751409295806071e-41
8.569723242453545708e+02 9.290457390624379109e-42
8.974114325336053071e+02 8.336198428033565785e-42
9.397587955377690605e+02 7.466519861084190058e-42
9.841044606455111534e+02 6.677000551665379106e-42
1.030542724431961915e+03 5.952101392393889070e-42
1.079172333171860373e+03 5.291066810402660177e-42
1.130096692813520804e+03 4.630291718308777620e-42
1.183424088861139126e+03 3.938687060931993876e-42
1.239267916632965125e+03 3.342179976914717839e-42
1.297746922384995969e+03 2.825262316360245101e-42
1.358985455812879081e+03 2.382088836054213174e-42
1.423113734468982557e+03 2.003745176345302341e-42
1.490268120656851579e+03 1.680599981084518828e-42
1.560591411391867950e+03 1.404475216354688164e-42
1.634233142044678971e+03 1.137173940685557920e-42
1.711349904313037541e+03 8.982260163035414429e-43
1.792105679198235066e+03 6.964664472848386648e-43
1.876672185694116024e+03 5.279452637672511328e-43
1.965229245930176376e+03 3.883784365116250628e-43
2.057965167545135046e+03 2.769962534404200838e-43
2.155077144104110630e+03 1.899175155011798690e-43
2.256771674410794276e+03 1.239740172378852654e-43
2.363265001606301666e+03 7.638206936185958568e-44
2.474783572988341348e+03 4.384132004815514869e-44
2.591564521528526711e+03 2.228319179215112665e-44
2.713856170111653682e+03 1.029284208214309225e-44
2.841918559569241097e+03 5.301663632502415678e-45
2.976024001630059502e+03 2.440639141477594637e-45
3.116457657963507700e+03 9.591415457390440106e-46
3.263518146547095057e+03 2.561454482410617100e-46
3.417518176647369273e+03 6.360719689977131800e-47
3.578785213764591845e+03 1.144910343428637421e-47
3.747662175955005750e+03 0.000000000000000000e+00
3.924508163011450961e+03 0.000000000000000000e+00
4.109699220052754754e+03 0.000000000000000000e+00
4.303629137145703680e+03 0.000000000000000000e+00
4.506710286659787016e+03 0.000000000000000000e+00
4.719374500135402741e+03 0.000000000000000000e+00
4.942073986529948343e+03 0.000000000000000000e+00
5.175282293794504767e+03 0.000000000000000000e+00
5.419495315825655780e+03 0.000000000000000000e+00
5.675232346933787085e+03 0.000000000000000000e+00
5.943037186069912423e+03 0.000000000000000000e+00
6.223479293159206463e+03 0.000000000000000000e+00
6.517154999999998836e+03 0.000000000000000000e+00
