1.776820000000000066e+00 0.000000000000000000e+00
1.860741408169555688e+00 0.000000000000000000e+00
1.948626528335352326e+00 0.000000000000000000e+00
2.040662571521750124e+00 1.312842869661251670e-54
2.137045590961542008e+00 4.348759364053256188e-52
2.237980899724406392e+00 1.440515726860834679e-49
2.343683508070463439e+00 4.771672529149297490e-47
2.454378581460586073e+00 1.580604661294244374e-44
2.570301920199101087e+00 3.357867463606693519e-42
2.691700461730613281e+00 7.023521653916192786e-42
2.818832806660924284e+00 1.469082891379051945e-41
2.951969769622578177e+00 3.072823930911108818e-41
3.091394956158459717e+00 6.191590599017503134e-41
3.237405366852327937e+00 1.259812436364606776e-40
3.390312029993177045e+00 1.849575406168620571e-40
3.550440664121120360e+00 2.620911464359833937e-40
3.718132371866134545e+00 3.789294478678331671e-40
3.893744366557670755e+00 5.358289681923727925e-40
4.077650733152933249e+00 7.422660640884019050e-40
4.270243225104742635e+00 9.647560434218650261e-40
4.471932098866459704e+00 1.236417452274776215e-39
4.683146987811603879e+00 1.556734391321868731e-39
4.904337817429777147e+00 1.940327337831487703e-39
5.135975763748431788e+00 2.387106422181215056e-39
5.378554257022075902e+00 2.817584773818352344e-39
5.632590032826969129e+00 3.309617677894800873e-39
5.898624232800315781e+00 3.874955912003428636e-39
6.177223557368739293e+00 4.533046328656365088e-39
6.468981472921544906e+00 5.238145479003995138e-39
6.774519476000270046e+00 5.859955286252964238e-39
7.094488417197477581e+00 6.533036919989539493e-39
7.429569887584919208e+00 7.258648518117804846e-39
7.780477670624423858e+00 8.022846042407680351e-39
8.147959262654334012e+00 8.809403509980036648e-39
8.532797465190395059e+00 9.512235141335584946e-39
8.935812052432993369e+00 1.022631363703908134e-38
9.357861517532812812e+00 1.092731891305358990e-38
9.799844901334800795e+00 1.159593792921425830e-38
1.026270370749595351e+01 1.229931231362100702e-38
1.074742390805648995e+01 1.293811053746754672e-38
1.125503804373666839e+01 1.352638791002573190e-38
1.178662742343315095e+01 1.414445727819215972e-38
1.234332442760037374e+01 1.471116255583146183e-38
1.292631492042345265e+01 1.521924317533906487e-38
1.353684077592095214e+01 1.563947203862307580e-38
1.417620252335870568e+01 1.606101292639124800e-38
1.484576211760970565e+01 1.646407249512930202e-38
1.554694584036162119e+01 1.683522350585350711e-38
1.628124733835182525e+01 1.715237507829926443e-38
1.705023080510215294e+01 1.733864252063168720e-38
1.785553431293081061e+01 1.750698452680850031e-38
1.869887330233939693e+01 1.768226982471811146e-38
1.958204423620801293e+01 1.781940229415918176e-38
2.050692842658244430e+01 1.794135717804255059e-38
2.147549604220535358e+01 1.800545285340044969e-38
2.248981030532799608e+01 1.799429629535284607e-38
2.355203188674272496e+01 1.795300431971786723e-38
2.466442350839810516e+01 1.789533878821292330e-38
2.582935476340146508e+01 1.779968082295402093e-38
2.704930716367591970e+01 1.764780438237775936e-38
2.832687942602468922e+01 1.749265584229075682e-38
2.966479300786257411e+01 1.727647366328619132e-38
3.106589790440708754e+01 1.706536484532264721e-38
3.253317871967789188e+01 1.684305990338438837e-38
3.406976102423727326e+01 1.656891766455749085e-38
3.567891801321434997e+01 1.629006878114483709e-38
3.736407747879614760e+01 1.599794758575222439e-38
3.912882911203810465e+01 1.568793509420715690e-38
4.097693214954787777e+01 1.537891207490610210e-38
4.291232338133185209e+01 1.504370472331029407e-38
4.493912553686178768e+01 1.470655748216809018e-38
4.706165606722608175e+01 1.437908303408455219e-38
4.928443634207265944e+01 1.403510087390003532e-38
5.161220128093511050e+01 1.367023061160674153e-38
5.404990943945797000e+01 1.330468451559053145e-38
5.660275357200729474e+01 1.295429474102166491e-38
5.927617169316597057e+01 1.259519676024102717e-38
6.207585866167762134e+01 1.225296082425396797e-38
6.500777831151398800e+01 1.189935498169222541e-38
6.807817615590822413e+01 1.153293905579054316e-38
7.129359269141482969e+01 1.117407785251456881e-38
7.466087733033734253e+01 1.083071150225744055e-38
7.818720299120136019e+01 1.049511667511337058e-38
8.188008137835394962e+01 1.016359031860651443e-38
8.574737898323755303e+01 9.802551846317354746e-39
8.979733384142342345e+01 9.462759666803518290e-39
9.403857308110103475e+01 9.149098419840163198e-39
9.848013130040384056e+01 8.832771240741384340e-39
1.031314698127194731e+02 8.527935573213174638e-39
1.080024968009789887e+02 8.221885604599657667e-39
1.131035884238592502e+02 7.919881714210466586e-39
1.184456109188560191e+02 7.616662721180897278e-39
1.240399437493136645e+02 7.334147968993614812e-39
1.298985038447170552e+02 7.052615972393281097e-39
1.360337709858833932e+02 6.801490214512439888e-39
1.424588143891263883e+02 6.545355141053943889e-39
1.491873205460251484e+02 6.291725888699360687e-39
1.562336223780989712e+02 6.050104332576614263e-39
1.636127297684932671e+02 5.807105426437405561e-39
1.713403615357161698e+02 5.578209225258844004e-39
1.794329789175320684e+02 5.358587484471497255e-39
1.879078206363427626e+02 5.148443651242578497e-39
1.967829396207498576e+02 4.938147059520167008e-39
2.060772414615204866e+02 4.744375794406710547e-39
2.158105246838775031e+02 4.550799323768827131e-39
2.260035229218989627e+02 4.366407527945971295e-39
2.366779490848678051e+02 4.186673296065322474e-39
2.478565416096506056e+02 4.016317468211993265e-39
2.595631128976359037e+02 3.854998738755860616e-39
2.718226000394074617e+02 3.698954066498517762e-39
2.846611179352084378e+02 3.546296042040092181e-39
2.981060149243478463e+02 3.400656367202271623e-39
3.121859310420558700e+02 3.259968167679996566e-39
3.269308590278806719e+02 3.123936633385658059e-39
3.423722082155877615e+02 2.990811196165041308e-39
3.585428714406598374e+02 2.865263901431424336e-39
3.754772951079172572e+02 2.747681474062270501e-39
3.932115525685223361e+02 2.633184493219252622e-39
4.117834209626686288e+02 2.518604148862092759e-39
4.312324616916474724e+02 2.410150376345466651e-39
4.516001046907060186e+02 2.306538920286695678e-39
4.729297366822206072e+02 2.205599157838662136e-39
4.952667935971745123e+02 2.111089380957213896e-39
5.186588573618190594e+02 2.021244924463673832e-39
5.431557572556837385e+02 1.935365846027414394e-39
5.688096760568557784e+02 1.852246409661685522e-39
5.956752612006290519e+02 1.771944280218810418e-39
6.238097411883177301e+02 1.694814291689679689e-39
6.532730474941955663e+02 1.624620440432086192e-39
6.841279422302577586e+02 1.553598370485396963e-39
7.164401518407438516e+02 1.485585450171937277e-39
7.502785071112183459e+02 1.420408178306699923e-39
7.857150897904574549e+02 1.358751103431022911e-39
8.228253861374618054e+02 1.299782645369304428e-39
8.616884477206916699e+02 1.242859140061454351e-39
9.023870598120445266e+02 1.188478810492135879e-39
9.450079177342944377e+02 1.136872810149123664e-39
9.896418115376295646e+02 1.086891233757458596e-39
1.036383819398700552e+03 1.038010989635214435e-39
1.085333510154139958e+03 9.918412633154581323e-40
1.136595155399996429e+03 9.485698857465152261e-40
1.190277951608876720e+03 9.074440401787298618e-40
1.246496252737967779e+03 8.671849970062741083e-40
1.305369813823414233e+03 8.279849461148981943e-40
1.367024046079969139e+03 7.912665196365097654e-40
1.431590284049304728e+03 7.563065943291182736e-40
1.499206065366079883e+03 7.219847766705496748e-40
1.570015423737699393e+03 6.905672745097796442e-40
1.644169195761870014e+03 6.593389904450354644e-40
1.721825342235537846e+03 6.302512651707039888e-40
1.803149284639627240e+03 6.018710636037739639e-40
1.888314257516387215e+03 5.748572593705099814e-40
1.977501677489947497e+03 5.492579371845430766e-40
2.070901529716180448e+03 5.241110475686787861e-40
2.168712772585052790e+03 5.003940289279157612e-40
2.271143761537585760e+03 4.775885397845302405e-40
2.378412692900206821e+03 4.559404446135127081e-40
2.490748068681958102e+03 4.346631791875006834e-40
2.608389183324629357e+03 4.151014499483408150e-40
2.731586633442728726e+03 3.957684138224374800e-40
2.860602851639082473e+03 3.772449939240036143e-40
2.995712665533229938e+03 3.594899930075811969e-40
3.137203883193388720e+03 3.428004675710460922e-40
3.285377906219124725e+03 3.270162868071375779e-40
3.440550371780665046e+03 3.116046624265963571e-40
3.603051824982518156e+03 2.967964388946781342e-40
3.773228422983678229e+03 2.826995745581413898e-40
3.951442672374265385e+03 2.691641598448288162e-40
4.138074201379410624e+03 2.558143863784057395e-40
4.333520568535263919e+03 2.427857916650481658e-40
4.538198109559798468e+03 2.301517251332129068e-40
4.752542824222327909e+03 2.182024510661951037e-40
4.977011305101008475e+03 2.063017844373540287e-40
5.212081710206683965e+03 1.951303618598052616e-40
5.458254781544991602e+03 1.841796983054704608e-40
5.716054911786360208e+03 1.738285964755817732e-40
5.986031261316205018e+03 1.636376457983374976e-40
6.268758928044764616e+03 1.539010506987011451e-40
6.564840172468499986e+03 1.440922273094133415e-40
6.874905700592691574e+03 1.340045848926509261e-40
7.199616007447998527e+03 1.244471151777199492e-40
7.539662784063026265e+03 1.149771353617335924e-40
7.895770390889912960e+03 1.059436254531963851e-40
8.268697400821682095e+03 9.711084578601684747e-41
8.659238215088127617e+03 8.791542021286426038e-41
9.068224755472538163e+03 7.867079939901401569e-41
9.496528236453877980e+03 6.950791044415031774e-41
9.945061021049481496e+03 6.046350757930071444e-41
1.041477856431140572e+04 5.147798840222441546e-41
1.090668144861656947e+04 4.281880230191145322e-41
1.142181751508624802e+04 3.450839339153734651e-41
1.196128409567502968e+04 2.681522998883803472e-41
1.252623035068405625e+04 1.983864247453222241e-41
1.311785971667817103e+04 1.370093313383276824e-41
1.373743247002082717e+04 8.642068347967095424e-42
1.438626841148833773e+04 4.815252459897247547e-42
1.506574967768149872e+04 2.399380144510435572e-42
1.577732368522364413e+04 1.085914742018270580e-42
1.652250621401715762e+04 5.347486832343632504e-43
1.730288463612548730e+04 2.037076415548610148e-43
1.812012129715984338e+04 4.713551971809080074e-44
1.897595705737234675e+04 8.820494941454753177e-45
1.987221500000000378e+04 0.000000000000000000e+00
