1.776820000000000066e+00 0.000000000000000000e+00
1.860642456165047864e+00 0.000000000000000000e+00
1.948419282585688084e+00 0.000000000000000000e+00
2.040337028843425049e+00 0.000000000000000000e+00
2.136591045098393149e+00 0.000000000000000000e+00
2.237385897261467971e+00 0.000000000000000000e+00
2.342935801752353608e+00 0.000000000000000000e+00
2.453465080767621487e+00 0.000000000000000000e+00
2.569208639026263175e+00 0.000000000000000000e+00
2.690412463005980026e+00 0.000000000000000000e+00
2.817334143731218266e+00 0.000000000000000000e+00
2.950243424224010091e+00 0.000000000000000000e+00
3.089422772781116322e+00 0.000000000000000000e+00
3.235167983295826222e+00 0.000000000000000000e+00
3.387788803900265933e+00 0.000000000000000000e+00
3.547609595264258786e+00 0.000000000000000000e+00
3.714970019949788149e+00 0.000000000000000000e+00
3.890225764286134869e+00 0.000000000000000000e+00
4.073749294299875423e+00 1.622798603262010046e-45
4.265930647306284129e+00 2.780154953270198949e-45
4.467178260844494986e+00 1.032072551252676077e-44
4.677919840718141486e+00 3.130387609079397743e-44
4.898603269986275599e+00 7.098419624053715879e-44
5.129697560836437020e+00 1.330641805615678604e-43
5.371693851362863370e+00 2.364767433517444802e-43
5.625106449368244554e+00 4.023402680637658580e-43
5.890473925407403222e+00 6.449132650112592043e-43
6.168360257395909763e+00 9.337762255235767173e-43
6.459356029216237083e+00 1.343763808929941357e-42
6.764079685868805036e+00 2.388890314872187756e-42
7.083178847835480241e+00 3.221097004293527473e-42
7.417331687448882604e+00 4.281337414259320935e-42
7.767248370192662676e+00 5.651485096450642030e-42
8.133672563995926197e+00 7.410124430587707119e-42
8.517383019729429350e+00 9.443310389848444527e-42
8.919195226262557341e+00 1.134100417528116483e-41
9.339963143598525974e+00 1.350458632242853528e-41
9.780581017771178054e+00 1.592010148135025360e-41
1.024198528136052389e+01 1.874636238683894937e-41
1.072515654366616644e+01 2.171399370310292037e-41
1.123112167476821277e+01 2.423755288880685005e-41
1.176095598790492325e+01 2.697912832835326510e-41
1.231578552480524102e+01 2.995523819656684625e-41
1.289678944883306855e+01 3.321633359493896346e-41
1.350520255102949463e+01 3.643724136191548593e-41
1.414231787437894283e+01 3.905853831982202700e-41
1.480948946187644211e+01 4.180569529216435263e-41
1.550813523423653884e+01 4.475840102652125062e-41
1.623974000335971013e+01 4.789635254401209634e-41
1.700585862796062386e+01 5.080584844886774353e-41
1.780811931806498905e+01 5.308349105423037008e-41
1.864822709539777179e+01 5.548752114689441766e-41
1.952796741701720507e+01 5.795665169500487977e-41
2.044920996989561601e+01 6.046097691201780837e-41
2.141391264451173981e+01 6.272900535185426627e-41
2.242412569589947324e+01 6.435868786217921342e-41
2.348199610099625545e+01 6.593857421710975754e-41
2.458977212155183878e+01 6.747319772982967407e-41
2.574980808229479834e+01 6.896882088737229550e-41
2.696456937451154445e+01 7.018540171864108990e-41
2.823663769567202664e+01 7.086293809395388571e-41
2.956871653623765539e+01 7.145223982161221437e-41
3.096363692531224743e+01 7.198119737228748032e-41
3.242436344734735343e+01 7.244253585024275362e-41
3.395400054268895929e+01 7.259875817653733419e-41
3.555579910535572452e+01 7.228557572216994861e-41
3.723316339207126902e+01 7.192782202701449236e-41
3.898965825723373513e+01 7.154360469208730075e-41
4.082901672919891922e+01 7.109687421522012187e-41
4.275514794397884089e+01 7.042292622611244536e-41
4.477214545321687211e+01 6.937848192048964005e-41
4.688429592409598712e+01 6.831997480898844982e-41
4.909608824967012453e+01 6.722263161954543747e-41
5.141222308898041859e+01 6.612434526857900793e-41
5.383762285723141616e+01 6.488308459498939876e-41
5.637744218725957523e+01 6.342851069064860250e-41
5.903707888452722585e+01 6.197959102847201447e-41
6.182218539892416231e+01 6.049292007138121802e-41
6.473868083775801097e+01 5.899755903822409066e-41
6.779276354546391303e+01 5.746454186219366971e-41
7.099092427676879424e+01 5.578235448342569655e-41
7.433995999130692667e+01 5.410635358727276990e-41
7.784698829900425210e+01 5.246605376823507581e-41
8.151946258693116931e+01 5.081738397239926448e-41
8.536518785977322921e+01 4.915349500716769138e-41
8.939233732758479789e+01 4.740949984660247065e-41
9.360946977607855501e+01 4.570948297735039565e-41
9.802554775636843942e+01 4.406069774559956973e-41
1.026499566328235886e+02 4.244087120085099011e-41
1.074925245295147818e+02 4.080188380194518807e-41
1.125635432176461137e+02 3.914578743041884648e-41
1.178737899883622049e+02 3.755063188873978589e-41
1.234345505574167419e+02 3.599131835119809692e-41
1.292576430503824838e+02 3.450339892859791213e-41
1.353554431193755363e+02 3.301343803540390358e-41
1.417409102446748932e+02 3.149752537695867452e-41
1.484276152771363400e+02 3.003335606490424724e-41
1.554297692799337938e+02 2.862897556148259143e-41
1.627622537309252664e+02 2.728873837346546078e-41
1.704406521498337952e+02 2.597389795493958699e-41
1.784812832174554558e+02 2.465772770698583986e-41
1.869012354572864751e+02 2.338866124418085485e-41
1.957184035532734470e+02 2.217214011495129924e-41
2.049515263808742702e+02 2.100795413129223662e-41
2.146202268322538771e+02 1.984407503072587590e-41
2.247450535202577839e+02 1.867847298185306500e-41
2.353475244497911376e+02 1.757623703946977677e-41
2.464501727494191243e+02 1.652339961166803922e-41
2.580765945603828300e+02 1.552794086671310258e-41
2.702514991848033219e+02 1.457686664316795529e-41
2.830007615996548793e+02 1.367871711976826312e-41
2.963514774481156451e+02 1.282844968904247292e-41
3.103320206251635227e+02 1.201894260877938791e-41
3.249721035798034450e+02 1.125636794164835613e-41
3.403028404620882270e+02 1.048404635241255859e-41
3.563568132491320171e+02 9.692907190085487318e-42
3.731681409906540807e+02 8.953789329061174106e-42
3.907725523212229177e+02 8.268969018784281460e-42
4.092074613933011733e+02 7.625299564354633061e-42
4.285120473924740168e+02 7.026697973049958710e-42
4.487273378038551641e+02 6.467171267259330675e-42
4.698962956066280299e+02 5.946208237698145840e-42
4.920639105820361578e+02 5.468161744632671154e-42
5.152772949288830659e+02 5.021930073385479110e-42
5.395857833897408682e+02 4.554182250047235427e-42
5.650410381006678335e+02 4.074025663203050929e-42
5.916971583872731344e+02 3.640289934300172675e-42
6.196107957404666422e+02 3.248375566947362795e-42
6.488412742162522591e+02 2.895549932122869208e-42
6.794507165154525410e+02 2.578124808230222627e-42
7.115041760113091414e+02 2.295321596094488867e-42
7.450697750055550159e+02 2.040673095038351640e-42
7.802188495068014618e+02 1.812069974933864824e-42
8.170261008389167046e+02 1.607703634068287716e-42
8.555697544016127267e+02 1.394730046409412977e-42
8.959317259206576409e+02 1.178856879321779181e-42
9.381977955410250161e+02 9.949644552738134623e-43
9.824577901329823817e+02 8.391718938806137370e-43
1.028805774198577637e+03 7.066469624246189173e-43
1.077340249784236221e+03 5.938856009463427730e-43
1.128164365824341530e+03 4.967956401269484415e-43
1.181386137360726480e+03 4.051923326577724997e-43
1.237118675103950864e+03 3.207640140793161330e-43
1.295480425824261602e+03 2.482644635271914878e-43
1.356595424083134731e+03 1.872769807251051498e-43
1.420593555840383488e+03 1.371934583375785336e-43
1.487610834497073029e+03 9.696022278432872125e-44
1.557789689960924306e+03 6.544983654948445841e-44
1.631279271348524162e+03 4.197943094856911086e-44
1.708235763967676348e+03 2.510928759176443438e-44
1.788822721253583950e+03 1.378884395096744595e-44
1.873211412364288890e+03 6.698869049842510331e-45
1.961581186174113100e+03 3.810343076218621280e-45
2.054119852438710041e+03 1.999504212498526081e-45
2.151024080941766442e+03 9.335206331549623415e-46
2.252499819471669525e+03 3.255739414305001374e-46
2.358762731516469103e+03 8.403564547733985942e-47
2.470038654607322769e+03 1.633725209163903878e-47
2.586564080284540978e+03 0.000000000000000000e+00
2.708586656706315352e+03 0.000000000000000000e+00
2.836365714968267639e+03 0.000000000000000000e+00
2.970172820252410474e+03 0.000000000000000000e+00
3.110292348976885478e+03 0.000000000000000000e+00
3.257022093173035501e+03 0.000000000000000000e+00
3.410673893374286763e+03 0.000000000000000000e+00
3.571574301361948528e+03 0.000000000000000000e+00
3.740065274176374260e+03 0.000000000000000000e+00
3.916504900868478217e+03 0.000000000000000000e+00
4.101268163536188695e+03 0.000000000000000000e+00
4.294747734263174607e+03 0.000000000000000000e+00
4.497354809653597840e+03 0.000000000000000000e+00
4.709519984736528386e+03 0.000000000000000000e+00
4.931694168097252259e+03 0.000000000000000000e+00
5.164349540180383883e+03 0.000000000000000000e+00
5.407980556801511739e+03 0.000000000000000000e+00
5.663104999999997744e+03 0.000000000000000000e+00
