1.776820000000000066e+00 0.000000000000000000e+00
1.860546414382062697e+00 0.000000000000000000e+00
1.948218142563653332e+00 1.245823943208369342e-52
2.040021093628441751e+00 4.869581361914837503e-50
2.136149936974016228e+00 1.903384725392317784e-47
2.236808515110970674e+00 7.439804664095673710e-45
2.342210275913701789e+00 2.908013955428451080e-42
2.452578725239506152e+00 7.102439416732356545e-42
2.568147900875774159e+00 1.463742633748423910e-41
2.689162868820276220e+00 3.016629037067561687e-41
2.815880242946919854e+00 6.216974581095113686e-41
2.948568729158937973e+00 1.281274795035875149e-40
3.087509695183382252e+00 1.923556431061969546e-40
3.232997767215192386e+00 3.029510643134512720e-40
3.385341454676016770e+00 4.321829038186996217e-40
3.544863804412613284e+00 5.949012833170820236e-40
3.711903085722046303e+00 8.223035148927957391e-40
3.886813507656300182e+00 1.104919551298656126e-39
4.069965970127361388e+00 1.492551656706377201e-39
4.261748850405485456e+00 1.908385251697619605e-39
4.462568826678450229e+00 2.389748536355940304e-39
4.672851740418140665e+00 2.970234034516255390e-39
4.893043499383140649e+00 3.551078370504047799e-39
5.123611023172164103e+00 4.237482326815083759e-39
5.365043233333360639e+00 5.067254933705340122e-39
5.617852090129068721e+00 5.984154869674619067e-39
5.882573678154464858e+00 6.955811967016462519e-39
6.159769343112184714e+00 7.828091629234234950e-39
6.450026882153469643e+00 8.761173777493139876e-39
6.753961790309967128e+00 9.812971775611025316e-39
7.072218565659247780e+00 1.099500417873531194e-38
7.405472075991699654e+00 1.227992488893497064e-38
7.754428989876771539e+00 1.341692302279335824e-38
8.119829275163239046e+00 1.456197422645947587e-38
8.502447768091011326e+00 1.573302994816445904e-38
8.903095816341837221e+00 1.691776485241279326e-38
9.322622999513034969e+00 1.811149827944793329e-38
9.761918930662490723e+00 1.915433415046717818e-38
1.022191514274517132e+01 2.029133721329809363e-38
1.070358706394133819e+01 2.152502514650747535e-38
1.120795608606515259e+01 2.270627615843435111e-38
1.173609173043985088e+01 2.387340721604242625e-38
1.228911391583212875e+01 2.485056695122747760e-38
1.286819533325501475e+01 2.580504617349595029e-38
1.347456393267501440e+01 2.686757756967148102e-38
1.410950552689656945e+01 2.782245753879011485e-38
1.477436651814551105e+01 2.869147988692395884e-38
1.547055675313314183e+01 2.944435605340548016e-38
1.619955251265524154e+01 3.014786348603592602e-38
1.696289964206539835e+01 3.073179006026404057e-38
1.776221682926101408e+01 3.132316463149962886e-38
1.859919903713280220e+01 3.189222695910553058e-38
1.947562109775653383e+01 3.233402362675044992e-38
2.039334147594836111e+01 3.265745764396823712e-38
2.135430621016463348e+01 3.285388475296370731e-38
2.236055303910267966e+01 3.305029832124806505e-38
2.341421572275324436e+01 3.328078921879850914e-38
2.451752856706739436e+01 3.333552825211767827e-38
2.567283116183239144e+01 3.331280827998327125e-38
2.688257334180352487e+01 3.329656813015486664e-38
2.814932038161173722e+01 3.321267514198504920e-38
2.947575843546314900e+01 3.310340534753645165e-38
3.086470023316533329e+01 3.292400055606187196e-38
3.231909104455880311e+01 3.267134020639405093e-38
3.384201492500157826e+01 3.238601547019166270e-38
3.543670125515017588e+01 3.207786865760761100e-38
3.710653158890490033e+01 3.173570195306164824e-38
3.885504682404057775e+01 3.133507376279220803e-38
4.068595471072806902e+01 3.093175219228811355e-38
4.260313771386865511e+01 3.047309021458094860e-38
4.461066124591322790e+01 2.995166332797700438e-38
4.671278228762434992e+01 2.944670983804133096e-38
4.891395841506142972e+01 2.884658086761738375e-38
5.121885725193089911e+01 2.827794338026161165e-38
5.363236636734544760e+01 2.770301702105299061e-38
5.615960363998024718e+01 2.713066228754810589e-38
5.880592811060381564e+01 2.658717520517793691e-38
6.157695134599640596e+01 2.594920363617958829e-38
6.447854933835297686e+01 2.528998273464757080e-38
6.751687496540422728e+01 2.462530880404693868e-38
7.069837103767679309e+01 2.399798556287107738e-38
7.402978396055999610e+01 2.338054496975988237e-38
7.751817804014964963e+01 2.271192840593003373e-38
8.117095046320436325e+01 2.202872410364538695e-38
8.499584698298021124e+01 2.138505114615693725e-38
8.900097834420498089e+01 2.074519282009195581e-38
9.319483748202191009e+01 2.008078180076104807e-38
9.758631753137348142e+01 1.944636592864220434e-38
1.021847306850138040e+02 1.882771099100952870e-38
1.069998279401397809e+02 1.822554647124158963e-38
1.120418197755117120e+02 1.762844681204562091e-38
1.173213978029117044e+02 1.702139998164221959e-38
1.228497574388509861e+02 1.645184325966799239e-38
1.286386216446012156e+02 1.592293438136369684e-38
1.347002657848929914e+02 1.537237234835823800e-38
1.410475436579920654e+02 1.483943826485508450e-38
1.476939147523522706e+02 1.432830542135842560e-38
1.546534727876425563e+02 1.380152847340490548e-38
1.619409756006698728e+02 1.330740536461601576e-38
1.695718764395714970e+02 1.281182361159434675e-38
1.775623567326363457e+02 1.232858428542074858e-38
1.859293604012422350e+02 1.187291493917975072e-38
1.946906297896700266e+02 1.141700209570360061e-38
2.038647432879842540e+02 1.097220282963870539e-38
2.134711547277603358e+02 1.055521276418005945e-38
2.235302346341964892e+02 1.013977216682438649e-38
2.340633134220885836e+02 9.742482911336171715e-39
2.450927266272620670e+02 9.352936583838230563e-39
2.566418622693776115e+02 8.971560558312469654e-39
2.687352104465425100e+02 8.611204500113912218e-39
2.813984152668946308e+02 8.269387611895821505e-39
2.946583292272798644e+02 7.940822451528157996e-39
3.085430701543346572e+02 7.623128362719945067e-39
3.230820808287167551e+02 7.325026188730471239e-39
3.383061914189199229e+02 7.037623257128179592e-39
3.542476848570610173e+02 6.758326358278324585e-39
3.709403652952757398e+02 6.486746126589394708e-39
3.884196297878781934e+02 6.217020625331799079e-39
4.067225433512933250e+02 5.961977067312452005e-39
4.258879175609244498e+02 5.722551617791323107e-39
4.459563928516233773e+02 5.484505280769241249e-39
4.669705246962811884e+02 5.258627475111278340e-39
4.889748738452833550e+02 5.041329946605416266e-39
5.120161008181827356e+02 4.825407072387417049e-39
5.361430648479617957e+02 4.620522502733775033e-39
5.614069274876942472e+02 4.429225457165329842e-39
5.878612610993124008e+02 4.243650812412675630e-39
6.155621624545216264e+02 4.066016301882579565e-39
6.445683716887635910e+02 3.891683314195227464e-39
6.749413968604662841e+02 3.726627901197330350e-39
7.067456443797127577e+02 3.571478960347451426e-39
7.400485555829036457e+02 3.417830099449001983e-39
7.749207497430218154e+02 3.271607443174832056e-39
8.114361738187550372e+02 3.135848053567245689e-39
8.496722592600177677e+02 3.004454582338712876e-39
8.897100862023910395e+02 2.877306313700949838e-39
9.316345553986416235e+02 2.755524664184579874e-39
9.755345682519161983e+02 2.641546458951566249e-39
1.021503215332366949e+03 2.526928374209405448e-39
1.069637973776962781e+03 2.418412410416967764e-39
1.120040913991075740e+03 2.312908457689482630e-39
1.172818916090152015e+03 2.213498989440889588e-39
1.228083896540442765e+03 2.121660356960801945e-39
1.285953045479381672e+03 2.030225555982678952e-39
1.346549075218850021e+03 1.941170969402983506e-39
1.410000480458298398e+03 1.854067055916893235e-39
1.476441810759487453e+03 1.775744386741486843e-39
1.546013955860652231e+03 1.698965058707542526e-39
1.618864444435094811e+03 1.629192835662579531e-39
1.695147756927727869e+03 1.558325976541091206e-39
1.775025653132945536e+03 1.492258400408916738e-39
1.858667515208451277e+03 1.427210350910237206e-39
1.946250706852411668e+03 1.364720607813563771e-39
2.037960949405574411e+03 1.304948620872745103e-39
2.133992715675873569e+03 1.249744653120356245e-39
2.234549642320655494e+03 1.198452170824549915e-39
2.339844961660953686e+03 1.146831869292137426e-39
2.450101953843507999e+03 1.098329904209190144e-39
2.565554420309330908e+03 1.051273950198417771e-39
2.686447179572819095e+03 1.007637850437827612e-39
2.813036586362723028e+03 9.655410746496541133e-40
2.945591075225808709e+03 9.248406187851028346e-40
3.084391729745941120e+03 8.863625886553622597e-40
3.229732878585621620e+03 8.500120728093376811e-40
3.381922719613880872e+03 8.137669153264523006e-40
3.541283973444040384e+03 7.784719351463734601e-40
3.708154567767119261e+03 7.455576767593107739e-40
3.882888353932070004e+03 7.144325447575151308e-40
4.065855857292343899e+03 6.843013406784602083e-40
4.257445062909904664e+03 6.552991830188254502e-40
4.458062238282796898e+03 6.283090014816677613e-40
4.668132794840856150e+03 6.019147962213032341e-40
4.888102190036396678e+03 5.767801660723098943e-40
5.118436871942760263e+03 5.529363788423245918e-40
5.359625268363730356e+03 5.301209956879048315e-40
5.612178822551320991e+03 5.085827256850056701e-40
5.876633077728079115e+03 4.874455931575340290e-40
6.153548812713725965e+03 4.681277705933880755e-40
6.443513231064216598e+03 4.501057624178823452e-40
6.747141206244812565e+03 4.321511244249802392e-40
7.065076585477567278e+03 4.150474883836915631e-40
7.397993555028057017e+03 3.983207990502568334e-40
7.746598069826465689e+03 3.824652713268430346e-40
8.111629350454549240e+03 3.670480768572300607e-40
8.493861450672837236e+03 3.522264924378492022e-40
8.894104898812131069e+03 3.375047878325624619e-40
9.313208416509747622e+03 3.236700326786140924e-40
9.752060718435213857e+03 3.103065230966776428e-40
1.021159239682173757e+04 2.972210472226423130e-40
1.069277789479960666e+04 2.852005238876006249e-40
1.119663757271595568e+04 2.732432147635228565e-40
1.172423987182279234e+04 2.616913649865785989e-40
1.227670357992094432e+04 2.503819770966929523e-40
1.285520020376477260e+04 2.392983117321111065e-40
1.346095645325814075e+04 2.286767914475763346e-40
1.409525684270916281e+04 2.183426747580011787e-40
1.475944641466034409e+04 2.078415476005123526e-40
1.545493359206923924e+04 1.970613182708740053e-40
1.618319316488858931e+04 1.861134415231771700e-40
1.694576941737809102e+04 1.748417016788212111e-40
1.774427940278027745e+04 1.634131685655318746e-40
1.858041637230353444e+04 1.514489319489114515e-40
1.945595336568424318e+04 1.388692212203319657e-40
2.037274697094161093e+04 1.256670140219903521e-40
2.133274126129737851e+04 1.114931635025664981e-40
2.233797191760963688e+04 9.663053455438103380e-41
2.339057054506127315e+04 8.148709714165376086e-41
2.449276919325789277e+04 6.613063801622711319e-41
2.564690508931881777e+04 5.124720605104197172e-41
2.685542559399891252e+04 3.686845499009114366e-41
2.812089339135027694e+04 2.363886295824100331e-41
2.944599192292800944e+04 1.411818119811941058e-41
3.083353107806471235e+04 8.161305235768989533e-42
3.228645315227830361e+04 4.883477218488963888e-42
3.380783908644989424e+04 2.488429336444570504e-42
3.540091500000001543e+04 9.313779386665762025e-43
