1.776820000000000066e+00 0.000000000000000000e+00
1.860409487069257573e+00 0.000000000000000000e+00
1.947931394050774534e+00 0.000000000000000000e+00
2.039570719404388388e+00 0.000000000000000000e+00
2.135521164737336441e+00 0.000000000000000000e+00
2.235985544238882738e+00 0.000000000000000000e+00
2.341176213376556792e+00 3.033852638746306307e-42
2.451315517760170870e+00 5.519110351244097877e-42
2.566636263122381578e+00 1.004023026042476657e-41
2.687382207409228840e+00 1.826494077249710893e-41
2.813808576020785157e+00 3.322713252282657085e-41
2.946182601291017722e+00 4.673579687939518641e-41
3.084784087347167247e+00 6.543565522765989882e-41
3.229906001542615090e+00 9.161773647691363404e-41
3.381855093713383109e+00 1.282758924506355065e-40
3.540952544567188109e+00 1.796019426111878914e-40
3.707534644575603000e+00 2.239919424722099421e-40
3.881953504804313226e+00 2.784860216788270761e-40
4.064577801183967942e+00 3.385699085851119106e-40
4.255793553794844364e+00 4.248880093944177688e-40
4.456004942812507252e+00 5.302399948240261086e-40
4.665635162839168792e+00 6.417406231819116383e-40
4.885127317426587901e+00 7.720306783850905937e-40
5.114945355681282280e+00 9.236734512232464310e-40
5.355575052931807356e+00 1.098657435197747634e-39
5.607525037530968426e+00 1.298820226449846332e-39
5.871327865963353432e+00 1.505529031342266866e-39
6.147541148530700994e+00 1.733590565188062306e-39
6.436748727994482167e+00 1.983585181857859561e-39
6.739561913667061255e+00 2.254779627342206453e-39
7.056620773559978410e+00 2.545855044094703846e-39
7.388595487320597677e+00 2.832641549634432373e-39
7.736187762816911118e+00 3.129090389198179654e-39
8.100132319364750089e+00 3.434953966987337288e-39
8.481198440732594435e+00 3.768273481307986696e-39
8.880191601206600893e+00 4.137077015154470927e-39
9.297955168152935101e+00 4.522741986436239876e-39
9.735372184676192475e+00 4.947792967922637606e-39
1.019336723614196138e+01 5.418794901524737794e-39
1.067290840450886158e+01 5.941278347116665197e-39
1.117500931460108227e+01 6.521529415119036718e-39
1.170073127664658230e+01 7.117278221409090748e-39
1.225118552960979734e+01 7.707118463588336441e-39
1.282753559006070887e+01 8.281535164258883893e-39
1.343099971154506100e+01 8.830678784377301110e-39
1.406285345965426181e+01 9.345442666302417636e-39
1.472443240823804089e+01 9.822062407301194231e-39
1.541713496245881920e+01 1.031715503189706536e-38
1.614242531465513508e+01 1.083356766374850948e-38
1.690183653926191099e+01 1.137288657831359837e-38
1.769697383332959006e+01 1.193617200757301626e-38
1.852951790949155253e+01 1.251597230461829796e-38
1.940122854855179213e+01 1.315687616978455906e-38
2.031394831920210464e+01 1.386458083213879887e-38
2.126960647273116223e+01 1.464524855813777210e-38
2.227022302095807760e+01 1.550529876979277509e-38
2.331791300600994887e+01 1.640864894538726403e-38
2.441489097096865635e+01 1.734713247147028909e-38
2.556347564083679558e+01 1.832147987281264304e-38
2.676609482371688387e+01 1.933231931662478058e-38
2.802529054256381968e+01 2.037867357599425157e-38
2.934372440835766227e+01 2.142963814340935380e-38
3.072418324605436268e+01 2.249183009208080235e-38
3.216958498520609311e+01 2.356301741873050655e-38
3.368298482770237712e+01 2.464092734619616286e-38
3.526758170566931483e+01 2.572141732439256255e-38
3.692672504317680193e+01 2.677498770527757912e-38
3.866392183604644117e+01 2.781194196639410078e-38
4.048284406472518526e+01 2.882920120305222675e-38
4.238733645589319110e+01 2.982377029307335510e-38
4.438142460921211807e+01 3.079090992775669817e-38
4.646932350639188058e+01 3.172109546474431949e-38
4.865544642056138969e+01 3.265876928242458673e-38
5.094441424477571445e+01 3.360500200060926192e-38
5.334106525937739463e+01 3.456016044114199649e-38
5.585046535885799557e+01 3.552265393905464399e-38
5.847791875983632082e+01 3.646304313015433194e-38
6.122897921278732269e+01 3.738566395649537885e-38
6.410946174122075547e+01 3.829010249774846253e-38
6.712545493312251210e+01 3.917561667585329873e-38
7.028333381063978891e+01 4.003976151703082190e-38
7.358977330521365445e+01 4.086276973284792135e-38
7.705176236664125611e+01 4.166420464806031958e-38
8.067661873589072741e+01 4.244428913139648481e-38
8.447200441289521677e+01 4.320269958916983718e-38
8.844594185202016945e+01 4.393732636575195947e-38
9.260683091943707268e+01 4.460400561632662011e-38
9.696346664824763195e+01 4.520580770150746591e-38
1.015250578288872134e+02 4.574227349980401445e-38
1.063012464741036354e+02 4.621807147514759544e-38
1.113021281996542768e+02 4.667678401951910984e-38
1.165382735638025338e+02 4.709580746982757877e-38
1.220207504107173264e+02 4.741930313019149521e-38
1.277611472650062154e+02 4.768708986384869753e-38
1.337715978268311687e+02 4.792819547877989748e-38
1.400648066193818408e+02 4.818026154148137249e-38
1.466540758429208893e+02 4.835635173008348840e-38
1.535533334921626931e+02 4.837509483124176424e-38
1.607771627964167180e+02 4.834043254458652066e-38
1.683408330447270487e+02 4.830826567097631814e-38
1.762603318611633370e+02 4.826299891014250324e-38
1.845523989984825448e+02 4.819704409374956909e-38
1.932345617215969753e+02 4.810116883562273717e-38
2.023251718556348635e+02 4.798575774515111934e-38
2.118434445769074728e+02 4.784625105699998859e-38
2.218094990287756900e+02 4.760614958007943403e-38
2.322444008482646893e+02 4.725922739504509458e-38
2.431702066933211199e+02 4.689747940436479123e-38
2.546100108648298601e+02 4.652481630352387448e-38
2.665879941219349121e+02 4.612942778678330277e-38
2.791294747938512160e+02 4.563484882362274337e-38
2.922609622962034450e+02 4.505916478181974693e-38
3.060102131650069168e+02 4.446596408337543424e-38
3.204062897267389189e+02 4.379456393572061360e-38
3.354796215285095968e+02 4.302875247290972386e-38
3.512620696581773814e+02 4.231139833847008494e-38
3.677869940903725592e+02 4.160437595763038527e-38
3.850893242007711592e+02 4.082800507807607799e-38
4.032056325976762992e+02 3.999554031166639693e-38
4.221742124269642886e+02 3.912732921965474534e-38
4.420351583137946250e+02 3.830342902672862563e-38
4.628304511121802420e+02 3.750942351807851401e-38
4.846040466415531682e+02 3.668240805550179126e-38
5.074019685978876737e+02 3.583753008503778483e-38
5.312724058357779313e+02 3.498715098927352426e-38
5.562658142270969392e+02 3.413756798848486582e-38
5.824350233115321771e+02 3.326748244746631863e-38
6.098353479644408708e+02 3.236057322624099787e-38
6.385247053180557941e+02 3.148900482300359162e-38
6.685637371831774090e+02 3.068292755801032536e-38
7.000159382301302458e+02 2.982756579184296165e-38
7.329477901999201777e+02 2.892797899872653025e-38
7.674289024292722843e+02 2.804375675515158203e-38
8.035321589865966416e+02 2.719543124594754715e-38
8.413338727298813637e+02 2.638716441141398972e-38
8.809139466121447413e+02 2.556060703873321494e-38
9.223560425754179732e+02 2.472154354885091730e-38
9.657477583902500555e+02 2.392531393350595802e-38
1.011180812814517481e+03 2.313637054096043798e-38
1.058751239462933654e+03 2.233486891566587258e-38
1.108559589797040644e+03 2.156974663176102732e-38
1.160711145664737842e+03 2.084685039654810644e-38
1.215316141838623707e+03 2.015664163723807809e-38
1.272489999023527162e+03 1.947554521883015619e-38
1.332353567825732853e+03 1.879053087193389723e-38
1.395033384199619377e+03 1.812423446874372196e-38
1.460661936911620160e+03 1.747881051258723319e-38
1.529377947586887558e+03 1.685575981072072117e-38
1.601326663930592758e+03 1.625438885616029773e-38
1.676660166743643231e+03 1.567229447271570841e-38
1.755537691381791547e+03 1.509744383114428613e-38
1.838125964337607684e+03 1.452828959494612031e-38
1.924599555656742950e+03 1.396697105108319427e-38
2.015141247933431487e+03 1.342189977002193333e-38
2.109942422665176764e+03 1.289910307710868663e-38
2.209203464783258369e+03 1.240038672464579655e-38
2.313134186214160763e+03 1.191981500774228484e-38
2.421954269367213783e+03 1.144570974613589378e-38
2.535893731485833086e+03 1.098832904985730941e-38
2.655193410843923630e+03 1.055406549364102050e-38
2.780105475815118098e+03 1.012955056455036145e-38
2.910893957890860747e+03 9.714939237108093871e-39
3.047835309774053258e+03 9.318676572480999052e-39
3.191218989727895405e+03 8.941383890054018240e-39
3.341348073415061663e+03 8.582027676861081013e-39
3.498539894520526559e+03 8.230438664928826390e-39
3.663126715512133615e+03 7.886599871104049700e-39
3.835456429956677766e+03 7.558113886306873947e-39
4.015893297876083579e+03 7.240647805384564929e-39
4.204818715697997504e+03 6.931197429466443583e-39
4.402632022428229902e+03 6.639005886757060821e-39
4.609751343749161606e+03 6.364190283432801730e-39
4.826614475828278046e+03 6.101804224472125841e-39
5.053679810704934425e+03 5.848437522704698449e-39
5.291427305211458588e+03 5.601899796042735877e-39
5.540359495476590382e+03 5.366283637975436971e-39
5.801002559155624112e+03 5.142251786943909456e-39
6.073907427632600957e+03 4.929568820694503477e-39
6.359650950545425985e+03 4.725239281939358827e-39
6.658837115095351692e+03 4.526846222863043564e-39
6.972098322718272357e+03 4.335920436974277787e-39
7.300096725816197250e+03 4.152085110010088358e-39
7.643525627374560827e+03 3.973290873546540110e-39
8.003110946423743371e+03 3.802267438992088674e-39
8.379612752442319106e+03 3.641186848982660580e-39
8.773826871945504536e+03 3.486791571319766469e-39
9.186586570654657407e+03 3.338609247649427711e-39
9.618764314803393063e+03 3.198149422764393851e-39
1.007127361530343296e+04 3.063993016076771476e-39
1.054507095866818963e+04 2.934709605297598550e-39
1.104115782877546189e+04 2.809654240300641069e-39
1.156058282374291048e+04 2.689505877699938576e-39
1.210444387239068965e+04 2.577050157557126059e-39
1.267389055497629852e+04 2.469760400776171907e-39
1.327012653310707901e+04 2.365197714208454826e-39
1.389441209396668819e+04 2.264671846869251822e-39
1.454806681423299051e+04 2.168332113712305082e-39
1.523247234931872299e+04 2.075360492292768090e-39
1.594907535383027061e+04 1.986292260455969198e-39
1.669939053941778911e+04 1.901679292709478677e-39
1.748500387648012111e+04 1.820968906865488047e-39
1.830757594649225575e+04 1.743778035821690892e-39
1.916884545204080496e+04 1.669626111596523702e-39
2.007063289198743587e+04 1.598503367246776943e-39
2.101484440952810473e+04 1.530526042247583672e-39
2.200347582128208887e+04 1.467006914597600596e-39
2.303861683592723784e+04 1.407568549762522523e-39
2.412245547129843180e+04 1.349610386610791966e-39
2.525728267928621426e+04 1.293814237650095978e-39
2.644549718831064456e+04 1.241070210894294761e-39
2.768961057360706764e+04 1.189960625122553605e-39
2.899225256604035894e+04 1.140681535136005399e-39
3.035617661066935398e+04 1.095577900214453187e-39
3.178426568681074423e+04 1.053072822080852990e-39
3.327953840190486517e+04 1.011253555639983339e-39
3.484515537206329464e+04 9.699862610686504535e-40
3.648442590278636635e+04 9.298556580391694620e-40
3.820081498397087853e+04 8.926570054260095887e-40
3.999795061399403494e+04 8.573324740346687161e-40
4.187963146835470980e+04 8.226702220496798448e-40
4.384983492908192420e+04 7.901786950461130359e-40
4.591272549188152334e+04 7.597015076505150409e-40
4.807266356879309751e+04 7.289004252188908445e-40
5.033421470496244729e+04 6.989942323538042285e-40
5.270215922901199519e+04 6.715825575869627953e-40
5.518150235740726202e+04 6.458349283695203160e-40
5.777748477417808317e+04 6.215064740483182540e-40
6.049559370835566369e+04 5.984379843846058383e-40
6.334157453254251595e+04 5.763141267942512372e-40
6.632144290712992370e+04 5.548688603542215601e-40
6.944149749583324592e+04 5.344875429091568134e-40
7.270833327942295000e+04 5.152613748205392274e-40
7.612885549579131475e+04 4.970824434044729589e-40
7.971029423582286108e+04 4.796938917494999879e-40
8.346021972591869417e+04 4.628223937325394245e-40
8.738655832947848830e+04 4.469128645689771501e-40
9.149760930116304371e+04 4.320612197588220248e-40
9.580206232935251319e+04 4.174308609825641929e-40
1.003090159038775892e+05 4.033650932707288890e-40
1.050279965478523227e+05 3.904941788080709953e-40
1.099689789542563376e+05 3.783085623736105332e-40
1.151424070698315336e+05 3.666337215096971476e-40
1.205592161708583590e+05 3.556124253068406405e-40
1.262308559774757159e+05 3.452273092028324643e-40
1.321693148553984065e+05 3.354408687670027340e-40
1.383871451561930880e+05 3.262234371690757158e-40
1.448974897496719495e+05 3.177082169191351250e-40
1.517141098044879618e+05 3.097237614721893143e-40
1.588514138756519824e+05 3.022084391927882166e-40
1.663244883604575007e+05 2.952420241623643050e-40
1.741491293871835805e+05 2.885761059639925054e-40
1.823418762039869325e+05 2.822013381285673712e-40
1.909200461385539675e+05 2.766053013001206607e-40
1.999017712024100765e+05 2.711786529166307073e-40
2.093060364172573318e+05 2.651789260304035028e-40
2.191527199443551654e+05 2.602358599584410003e-40
2.294626351017607667e+05 2.565859951152467844e-40
2.402575743582507130e+05 2.534436449142879539e-40
2.515603553969098430e+05 2.506120040941124748e-40
2.633948693457549671e+05 2.481793632595156309e-40
2.757861312773438985e+05 2.461669490015079630e-40
2.887603330841044663e+05 2.445633929394917491e-40
3.023448988411583123e+05 2.433591630870682743e-40
3.165685427736551501e+05 2.426023075226378325e-40
3.314613299511477235e+05 2.424884132719714455e-40
3.470547398372978787e+05 2.428403254083800338e-40
3.633817328292466700e+05 2.436524885838878362e-40
3.804768199272841448e+05 2.449162750925338590e-40
3.983761356820955989e+05 2.466114059397599821e-40
4.171175145737669664e+05 2.487295413476372900e-40
4.367405709839970223e+05 2.511222289741627877e-40
4.572867829305563355e+05 2.536802598941105413e-40
4.787995797409908846e+05 2.561371219277115530e-40
5.013244338508758228e+05 2.579861498276979356e-40
5.249089569206752349e+05 2.582461594044276732e-40
5.496030004743601894e+05 2.549960021220644077e-40
5.754587612725147046e+05 2.446444146344133094e-40
6.025308916426579235e+05 2.223942277826623013e-40
6.308766149999999907e+05 1.699638587308456178e-40
