1.776820000000000066e+00 0.000000000000000000e+00
1.860412301517144540e+00 0.000000000000000000e+00
1.947937287759209157e+00 0.000000000000000000e+00
2.039579975873287765e+00 0.000000000000000000e+00
2.135534087326068420e+00 0.000000000000000000e+00
2.236002457407393784e+00 0.000000000000000000e+00
2.341197463999324491e+00 4.832420112493034192e-42
2.451341476517084228e+00 8.771822938394999393e-42
2.566667325970882541e+00 1.592263832021341073e-41
2.687418797142278937e+00 2.890281904421582102e-41
2.813851143915480080e+00 5.246448056552202727e-41
2.946231628852921780e+00 7.373133552450339549e-41
3.084840088155732740e+00 1.031561078489599311e-40
3.229969523203339410e+00 1.443238501741568844e-40
3.381926719922646818e+00 2.019210845801341827e-40
3.541032897296079618e+00 2.825047574612351502e-40
3.707624386379329895e+00 3.522078011020962346e-40
3.882053341264201762e+00 4.377767807021155919e-40
4.064688483489410586e+00 5.417850331200501414e-40
4.255915881472948747e+00 6.457697729741521946e-40
4.456139766613644859e+00 7.654615199400414884e-40
4.665783387787036496e+00 8.859600159567810835e-40
4.885289906041882624e+00 1.018518481788644680e-39
5.115123331388578443e+00 1.163890485007150785e-39
5.355769503659722375e+00 1.322233278047881586e-39
5.607737119516281510e+00 1.493631784754806777e-39
5.871558807770290045e+00 1.657287468730243251e-39
6.147792255297208186e+00 1.827162321052286719e-39
6.437021385917963023e+00 2.003762301499546973e-39
6.739857594742694857e+00 2.179661794436584225e-39
7.056941040585464009e+00 2.361252301102216220e-39
7.388941999181906084e+00 2.530352621250093072e-39
7.736562280070407027e+00 2.699583383005235256e-39
8.100536710131871487e+00 2.871373593944910337e-39
8.481634686924140354e+00 3.066449573074466161e-39
8.880661805094600680e+00 3.292891173623259759e-39
9.298461559309014746e+00 3.536980393135934402e-39
9.735917127296392692e+00 3.818311381751361388e-39
1.019395323677900578e+01 4.144786066175971987e-39
1.067353812023400117e+01 4.524814134147927670e-39
1.117568556161879378e+01 4.969160725958260924e-39
1.170145703938673876e+01 5.448328273585448902e-39
1.225196397032308759e+01 5.945427414223001683e-39
1.282837005894458038e+01 6.456182843278076495e-39
1.343189375742884373e+01 6.976456668114022635e-39
1.406381084127370862e+01 7.503241140043328997e-39
1.472545710613106174e+01 8.017452384465051890e-39
1.541823119151589339e+01 8.530978438337819123e-39
1.614359753735972802e+01 9.038094274523447466e-39
1.690308947965799646e+01 9.532945071413959923e-39
1.769831249175535959e+01 1.001032444003661087e-38
1.853094757812058546e+01 1.048273556696375121e-38
1.940275482778496396e+01 1.101964181237579258e-38
2.031557713495587691e+01 1.162914822527873596e-38
2.127134409467044662e+01 1.231989432355824068e-38
2.227207608172407660e+01 1.310102335762728408e-38
2.331988852149639158e+01 1.392116158006265603e-38
2.441699636170256582e+01 1.472998696042922801e-38
2.556571875452257103e+01 1.552039117928381456e-38
2.676848395900618627e+01 1.628620692501717224e-38
2.802783447411638207e+01 1.702056040942234284e-38
2.934643241326212504e+01 1.773753414657587506e-38
3.072706513168150266e+01 1.851251604360006334e-38
3.217265111857068405e+01 1.935074855961997411e-38
3.368624616641428560e+01 2.025745812179651284e-38
3.527104983055790655e+01 2.123694893185787316e-38
3.693041219267798425e+01 2.223879705088171768e-38
3.866784094244598435e+01 2.321564295278210691e-38
4.048700879235644834e+01 2.416121461409614377e-38
4.239176124139346058e+01 2.507064312983111027e-38
4.438612470394643594e+01 2.593794218028769523e-38
4.647431502115912139e+01 2.676083706684083749e-38
4.866074637270373415e+01 2.758475669130527487e-38
5.095004060781833033e+01 2.840980154437232579e-38
5.334703701533261011e+01 2.923567431629608484e-38
5.585680255333419097e+01 3.006041390220951020e-38
5.848464256010014140e+01 3.087491897900828061e-38
6.123611196893521225e+01 3.170874436232348157e-38
6.411702705062320717e+01 3.256347793369014259e-38
6.713347770831423134e+01 3.344028627343610063e-38
7.029184035083734727e+01 3.433882677880005346e-38
7.359879137165101781e+01 3.523013369605007252e-38
7.706132126192493104e+01 3.610387512923518771e-38
8.068674938758559279e+01 3.695913419555696553e-38
8.448273946156341196e+01 3.779528776170677627e-38
8.845731574394733343e+01 3.861005202541522707e-38
9.261888000429179613e+01 3.937112162267388292e-38
9.697622928193331404e+01 4.008739314051679975e-38
1.015385744818584897e+02 4.075771863236019959e-38
1.063155598454341373e+02 4.139021307550354610e-38
1.113172833371573773e+02 4.205218262217267634e-38
1.165543179905206870e+02 4.272515287832559314e-38
1.220377342581159752e+02 4.334847738798005533e-38
1.277791234132210150e+02 4.387619442857790248e-38
1.337906220523371417e+02 4.428377355368699466e-38
1.400849377504749498e+02 4.458432753057881495e-38
1.466753759234176187e+02 4.476807074499077128e-38
1.535758679537476610e+02 4.489724776696889401e-38
1.608010006400899670e+02 4.505272396316883003e-38
1.683660470318262412e+02 4.524871551600657929e-38
1.762869987144583490e+02 4.530564435359019403e-38
1.845805996138692819e+02 4.526489306715038232e-38
1.932643813909416792e+02 4.527000897151198731e-38
2.023567005013501046e+02 4.524943507538641341e-38
2.118767769988701843e+02 4.517803984477974706e-38
2.218447351642275009e+02 4.519315594049938559e-38
2.322816460453741740e+02 4.518055644761365606e-38
2.432095719991139049e+02 4.492991112553314873e-38
2.546516133282330259e+02 4.461014048055398085e-38
2.666319571127248764e+02 4.432103923677948318e-38
2.791759283383265142e+02 4.404114917752489095e-38
2.923100434304495252e+02 4.371435516005413426e-38
3.060620663066708289e+02 4.323524671803058270e-38
3.204610670662679013e+02 4.273503543622669268e-38
3.355374834408639231e+02 4.227653235817352764e-38
3.513231851360791893e+02 4.172969696673165674e-38
3.678515412002041671e+02 4.111981994114756775e-38
3.851574905622971983e+02 4.060063956544324988e-38
4.032776158888187865e+02 4.002936150446374145e-38
4.222502209149289456e+02 3.932870461853455107e-38
4.421154114139114881e+02 3.860835234882719062e-38
4.629151799758861330e+02 3.788458725694710341e-38
4.846934947750257265e+02 3.714514743642617237e-38
5.074963925129125641e+02 3.640093122454920242e-38
5.313720757345124639e+02 3.565678285581448217e-38
5.563710147224741149e+02 3.489486141377613163e-38
5.825460541851547305e+02 3.409871581728010373e-38
6.099525249638880950e+02 3.327383266521012585e-38
6.386483609956327427e+02 3.246301818823590850e-38
6.686942217782537909e+02 3.168481061201992895e-38
7.001536205973018241e+02 3.088386790787877065e-38
7.330930587853509905e+02 3.007534136882821140e-38
7.675821662977103870e+02 2.931506933372275138e-38
8.036938489016556559e+02 2.854352515152753762e-38
8.415044422903281429e+02 2.772981314788314996e-38
8.810938734470852296e+02 2.694374810850490613e-38
9.225458296013929385e+02 2.617577307821077361e-38
9.659479351334248349e+02 2.539119276740413162e-38
1.011391936801312340e+03 2.459970559720943332e-38
1.058973897682607685e+03 2.381215089106565351e-38
1.108794400239913330e+03 2.305833722577389211e-38
1.160958758939936615e+03 2.232680502782571771e-38
1.215577242875437378e+03 2.157787571917464623e-38
1.272765308860638015e+03 2.084884745937269826e-38
1.332643845492845685e+03 2.016079604741304456e-38
1.395339428696211144e+03 1.947011737756440472e-38
1.460984589287792232e+03 1.877653643737174354e-38
1.529718093131540172e+03 1.810964446058320837e-38
1.601685234472408865e+03 1.747003158682691259e-38
1.677038143070677052e+03 1.685515889079803894e-38
1.755936105785706104e+03 1.625394404146989358e-38
1.838545903288930049e+03 1.566707561431028098e-38
1.925042162617864733e+03 1.510182528089735370e-38
2.015607726316365870e+03 1.454735381752880038e-38
2.110434038941461495e+03 1.399737382838880298e-38
2.209721551753810672e+03 1.346693068370229565e-38
2.313680146447217794e+03 1.295642958456700499e-38
2.422529578812930595e+03 1.246302149917615848e-38
2.536499943276595786e+03 1.198518100570662757e-38
2.655832159289807805e+03 1.152161227043971841e-38
2.780778480604451943e+03 1.107223866250730485e-38
2.911603028506362534e+03 1.063575222378104451e-38
3.048582350135527577e+03 1.020889058847508514e-38
3.192006003073010106e+03 9.800305901195306782e-39
3.342177167430352256e+03 9.415100794022669144e-39
3.499413286735375550e+03 9.039539171659520619e-39
3.664046738969079342e+03 8.674758669751185781e-39
3.836425539172144909e+03 8.334171272232882291e-39
4.016914075106313248e+03 8.003779066887542708e-39
4.205893877525661082e+03 7.672801289411094045e-39
4.403764426686095248e+03 7.349258980868201764e-39
4.610943996797876935e+03 7.039274862304878438e-39
4.827870540206321493e+03 6.753833582039003357e-39
5.055002613169634060e+03 6.482520733593249820e-39
5.292820345190900298e+03 6.216885495960699576e-39
5.541826453953335658e+03 5.962030710208902817e-39
5.802547308004146544e+03 5.716449284769807066e-39
6.075534039433427097e+03 5.473248424825430924e-39
6.361363708900221354e+03 5.238231124770897559e-39
6.660640525468368651e+03 5.016503326451343318e-39
6.973997123830758028e+03 4.809080347760278577e-39
7.302095901621954908e+03 4.612608748140691801e-39
7.645630419645999609e+03 4.417704316498735163e-39
8.005326867979375493e+03 4.227156361657089328e-39
8.381945601048242679e+03 4.043925844306213555e-39
8.776282744925012594e+03 3.868539424979337176e-39
9.189171880241756298e+03 3.701491002025388069e-39
9.621485804277970601e+03 3.544328401374775634e-39
1.007413837594765209e+04 3.394967485368526084e-39
1.054808644758557057e+04 3.251357964909084410e-39
1.104433188761633937e+04 3.112157147042125030e-39
1.156392369838221930e+04 2.977651461454886045e-39
1.210796023360605250e+04 2.849908694075748706e-39
1.267759152017710949e+04 2.728815585481936207e-39
1.327402168916768278e+04 2.613990809019459190e-39
1.389851152121933228e+04 2.503774590343167640e-39
1.455238111167943498e+04 2.397807980590753814e-39
1.523701266112163830e+04 2.296526564663144948e-39
1.595385339714949623e+04 2.199118379202532555e-39
1.670441863365900645e+04 2.104975668111808679e-39
1.749029497402743073e+04 2.016576516416273135e-39
1.831314366499936295e+04 1.933611191005060030e-39
1.917470410835963776e+04 1.853175171982633807e-39
2.007679753781676482e+04 1.775839221991440578e-39
2.102133086886877572e+04 1.702311398098406555e-39
2.201030072979004035e+04 1.631340226436273461e-39
2.304579768225997032e+04 1.562756773612899925e-39
2.413001064055549432e+04 1.497122422686129563e-39
2.526523149864872175e+04 1.434425903498606327e-39
2.645385997499155928e+04 1.374605847547758679e-39
2.769840868522771052e+04 1.317226795017116164e-39
2.900150845355575439e+04 1.262013412456174030e-39
3.036591387397066865e+04 1.208606572167325384e-39
3.179450913313961792e+04 1.157284487711847603e-39
3.329031410722090368e+04 1.108389968005331341e-39
3.485649074551360536e+04 1.062210358678131054e-39
3.649634975443319854e+04 1.018584146735667065e-39
3.821335759594090632e+04 9.765541828871070408e-40
4.001114381522159965e+04 9.364687553342846196e-40
4.189350871309972717e+04 8.987875931064233878e-40
4.386443137941183522e+04 8.626764505717754474e-40
4.592807810431692633e+04 8.279028448719213896e-40
4.808881118532625260e+04 7.947179101965003866e-40
5.035119814866795059e+04 7.630406804177383292e-40
5.272002140448052523e+04 7.327508405837191449e-40
5.520028835624469502e+04 7.035989346377969862e-40
5.779724198582366080e+04 6.756873130277122268e-40
6.051637193648749962e+04 6.494333885891127060e-40
6.336342611734908132e+04 6.245847577828587952e-40
6.634442285374371568e+04 6.008357158297127396e-40
6.946566360923444154e+04 5.777047438353817486e-40
7.273374630613767658e+04 5.552263713838253135e-40
7.615557927272636152e+04 5.342019874870261129e-40
7.973839584659344109e+04 5.143084101726579595e-40
8.348976966504557640e+04 4.951065878430861351e-40
8.741763067484812927e+04 4.772839009175416184e-40
9.153028189516658313e+04 4.608638287660984941e-40
9.583641696913576743e+04 4.446010335885260838e-40
1.003451385411614756e+05 4.286253771117728255e-40
1.050659774988005956e+05 4.133426391701874637e-40
1.100089131198953546e+05 3.990635628270526204e-40
1.151843941675487877e+05 3.858194049958188791e-40
1.206033609775370132e+05 3.733507941254749636e-40
1.262772685848440160e+05 3.615424745768422592e-40
1.322181109382088180e+05 3.502875953335179846e-40
1.384384462538704684e+05 3.393731977048349790e-40
1.449514235621056578e+05 3.289351844949657659e-40
1.517708105026755075e+05 3.193697611152657708e-40
1.589110224279357644e+05 3.104569924576727474e-40
1.663871528751355945e+05 3.019396621419779536e-40
1.742150054723133799e+05 2.939088336555621334e-40
1.824111273452394526e+05 2.863354010860395743e-40
1.909928440960219596e+05 2.789412358829484451e-40
1.999782964273173420e+05 2.719080819854096093e-40
2.093864784895617340e+05 2.655426763282929311e-40
2.192372780322910985e+05 2.596809477734320425e-40
2.295515184444167826e+05 2.544341209437510121e-40
2.403510027723306557e+05 2.498101192068079451e-40
2.516585598088861443e+05 2.452509137608354174e-40
2.634980923506824765e+05 2.401899788392290678e-40
2.758946277256621979e+05 2.353040641971272605e-40
2.888743706978280679e+05 2.308974081308994833e-40
3.024647588609216618e+05 2.274944891695882563e-40
3.166945206381486496e+05 2.250545161608207205e-40
3.315937360105619300e+05 2.231029098210737622e-40
3.471939001024739700e+05 2.214851644199216732e-40
3.635279897583088023e+05 2.204352453486166521e-40
3.806305332516270573e+05 2.199900974776821948e-40
3.985376832736896467e+05 2.200599138786783663e-40
4.172872933558354271e+05 2.207199721038853955e-40
4.369189978872307111e+05 2.219323432332244792e-40
4.574742958971348125e+05 2.237130405801431782e-40
4.789966387787864660e+05 2.260783792937507914e-40
5.015315221403518808e+05 2.290375626993919270e-40
5.251265819770874223e+05 2.325908861095325068e-40
5.498316953680306906e+05 2.367192412505066386e-40
5.756990859100590460e+05 2.413927068591914105e-40
6.027834341122054029e+05 2.463739487836648404e-40
6.311419929835862713e+05 2.513387836446441535e-40
6.608347090592818568e+05 2.554711692402052918e-40
6.919243491199956043e+05 2.569165877277072135e-40
7.244766328733820701e+05 2.513483375781207983e-40
7.585603718774887966e+05 2.301716444464271900e-40
7.942476149999997579e+05 1.725597994183360428e-40
