1.776820000000000066e+00 0.000000000000000000e+00
1.860446673113212990e+00 0.000000000000000000e+00
1.948009265709538917e+00 0.000000000000000000e+00
2.039693023256730964e+00 0.000000000000000000e+00
2.135691909867188265e+00 0.000000000000000000e+00
2.236209018644102819e+00 0.000000000000000000e+00
2.341457001340701005e+00 7.174734041662527254e-44
2.451658518241548013e+00 1.292054378522479639e-43
2.567046709217679634e+00 2.326782438715006025e-43
2.687865686952113364e+00 4.190161503344465891e-43
2.814371053379194798e+00 7.545807950057535784e-43
2.946830440430348919e+00 1.056446615288604752e-42
3.085524076230224289e+00 1.474116463196760586e-42
3.230745377941063978e+00 2.056914731551910181e-42
3.382801572509507526e+00 2.870127035941009340e-42
3.542014346629067223e+00 4.004851461832567698e-42
3.708720527293321467e+00 4.984590790745073471e-42
3.883272794379589499e+00 6.189818334707006994e-42
4.066040426770611838e+00 7.686510191072763037e-42
4.257410083592718664e+00 9.545167913387694549e-42
4.457786622223252060e+00 1.185335457228570150e-41
4.667593954797806255e+00 1.383073396060066266e-41
4.887275945029279534e+00 1.611116089386026113e-41
5.117297347236049454e+00 1.876789032290088920e-41
5.358144789565842281e+00 2.186286663030616024e-41
5.610327803495384735e+00 2.546813976535230526e-41
5.874379901783832736e+00 2.855594212333923093e-41
6.150859707160464040e+00 3.197602193499739532e-41
6.440352134134463391e+00 3.580488587665819047e-41
6.743469626427012642e+00 4.009360478949556332e-41
7.060853452643565120e+00 4.489874556922113654e-41
7.393175062927401342e+00 4.906356916779967365e-41
7.741137509464579125e+00 5.356921535395444007e-41
8.105476933845455534e+00 5.850321164201183963e-41
8.486964124429411171e+00 6.390927102522223280e-41
8.886406147007514633e+00 6.983930331680467958e-41
9.304648052212906251e+00 7.509903696723260692e-41
9.742574663291071246e+00 8.074648887034061079e-41
1.020111244801215733e+01 8.689717216385996826e-41
1.068123147868551648e+01 9.360715157044016447e-41
1.118394748442307041e+01 1.009402364617748978e-40
1.171032399999312545e+01 1.076879088269802499e-40
1.226147461581084919e+01 1.149536546799833011e-40
1.283856533382526166e+01 1.228564135199783153e-40
1.344281703428700858e+01 1.314885569625397522e-40
1.407550805861533050e+01 1.409333450547333317e-40
1.473797691382870489e+01 1.499719166728131764e-40
1.543162510426039091e+01 1.597456167209646009e-40
1.615792009654978756e+01 1.703883013035886712e-40
1.691839842418206175e+01 1.820090779910304370e-40
1.771466893814418953e+01 1.946906811813565757e-40
1.854841621057412837e+01 2.072074842329283210e-40
1.942140409860415673e+01 2.206914229550257407e-40
2.033547947593759631e+01 2.352674024380235407e-40
2.129257614005364374e+01 2.510650537681882126e-40
2.229471890330622941e+01 2.681587414465582366e-40
2.334402787657182543e+01 2.853106849092184188e-40
2.444272295450871368e+01 3.036286498835971066e-40
2.559312851191662119e+01 3.302997138652754466e-40
2.679767832113224202e+01 3.544426702639435844e-40
2.805892070086365919e+01 3.798134920782134733e-40
2.937952390735655683e+01 4.058061634204578758e-40
3.076228177929761998e+01 4.327418483790046821e-40
3.221011964839739505e+01 4.605540554650384168e-40
3.372610052815675630e+01 4.892046633879261616e-40
3.531343159390992525e+01 5.186305548510456552e-40
3.697547096785309861e+01 5.482944273657505811e-40
3.871573482341288752e+01 5.785768888652168399e-40
4.053790482398436268e+01 6.095403136945764512e-40
4.244583591177597981e+01 6.413330763061545091e-40
4.444356446323935472e+01 6.741303126973793334e-40
4.653531682833729377e+01 7.077330196619139842e-40
4.872551827171545824e+01 7.428737632741808079e-40
5.101880233469351822e+01 7.802627748442489149e-40
5.342002063788181232e+01 8.220601507717348884e-40
5.593425314516179725e+01 8.686652651911660214e-40
5.856681891074423163e+01 9.196101948813984987e-40
6.132328733204160187e+01 9.752388299643709325e-40
6.420948993216106260e+01 1.035679590637498907e-39
6.723153269694475398e+01 1.101209840714699841e-39
7.039580899265716596e+01 1.172210535170884059e-39
7.370901309164815984e+01 1.248888515001138828e-39
7.717815433460623353e+01 1.332413414408110982e-39
8.081057195936350013e+01 1.423276000390760464e-39
8.461395062762338171e+01 1.513695769922529235e-39
8.859633668245946581e+01 1.599936477808938896e-39
9.276615517097950203e+01 1.679763126354238411e-39
9.713222766816721787e+01 1.751955504063838090e-39
1.017037909396094477e+02 1.815014909865870678e-39
1.064905164825914881e+02 1.867627594163150762e-39
1.115025309869008510e+02 1.908762129017433642e-39
1.167504377586263615e+02 1.937820808947464899e-39
1.222453391522763866e+02 1.954625973203888181e-39
1.279988600586717240e+02 1.960399916804955631e-39
1.340231724983057404e+02 1.967909857426947083e-39
1.403310213721992170e+02 1.980446562473600339e-39
1.469357514247292045e+02 1.997230433247506822e-39
1.538513354754716715e+02 2.018613648998435214e-39
1.610924039797876048e+02 2.044548576889860421e-39
1.686742759806876109e+02 2.075004619410209585e-39
1.766129915174583402e+02 2.110012237642780619e-39
1.849253455596107472e+02 2.149747042129213301e-39
1.936289235379435638e+02 2.194492802571752759e-39
2.027421385478888851e+02 2.244361104161264786e-39
2.122842703038451475e+02 2.297875074214471173e-39
2.222755059269114781e+02 2.354636772520994256e-39
2.327369826523107861e+02 2.414304574467689849e-39
2.436908325468527607e+02 2.477410306405955360e-39
2.551602293310416769e+02 2.544151735356494974e-39
2.671694374048812506e+02 2.614712280892527275e-39
2.797438631810987317e+02 2.689306112240276928e-39
2.929101088343856532e+02 2.768252338720188799e-39
3.066960285803638726e+02 2.851946252136691710e-39
3.211307876033436628e+02 2.940380617627850443e-39
3.362449237575368670e+02 3.029189986976202972e-39
3.520704121722600348e+02 3.116718429117973967e-39
3.686407328978056626e+02 3.202277112390828835e-39
3.859909417350881427e+02 3.285894068616689048e-39
4.041577443989150993e+02 3.367319858085900369e-39
4.231795741717800183e+02 3.446280355786977518e-39
4.430966732124551868e+02 3.522521500389830093e-39
4.639511776914065422e+02 3.595860318555419492e-39
4.857872069331360194e+02 3.666167814724481440e-39
5.086509567540394414e+02 3.733401864551677535e-39
5.325907971932473401e+02 3.799154892426004781e-39
5.576573748431981130e+02 3.863815676467518499e-39
5.839037199964403726e+02 3.926868167627354795e-39
6.113853588353389341e+02 3.988448722553093165e-39
6.401604309020242454e+02 4.048443619464243123e-39
6.702898120971129856e+02 4.106704041106760889e-39
7.018372434674053011e+02 4.163091221657606713e-39
7.348694660550204389e+02 4.217503210983664566e-39
7.694563620932600543e+02 4.269866742506252228e-39
8.056711028478979415e+02 4.320276132451514366e-39
8.435903034166792622e+02 4.371558157558043854e-39
8.832941848145154609e+02 4.424705318057660359e-39
9.248667436872690359e+02 4.479406551651644464e-39
9.683959300131870123e+02 4.536013553184992240e-39
1.013973833167912517e+03 4.594633010515805134e-39
1.061696876746712405e+03 4.655328464137460361e-39
1.111666022556089501e+03 4.718171525273191232e-39
1.163986984206321040e+03 4.783240658210383573e-39
1.218770450756818718e+03 4.850622304135601067e-39
1.276132320887436663e+03 4.920193478049327495e-39
1.336193948091126458e+03 4.988373407630003964e-39
1.399082397406685232e+03 5.053746223768705684e-39
1.464930714234715197e+03 5.115744975739053977e-39
1.533878205805504876e+03 5.174557892624604293e-39
1.606070735894303652e+03 5.230110571307638865e-39
1.681661033407462810e+03 5.282277402613063298e-39
1.760809015492306344e+03 5.330947549199392067e-39
1.843682125854287278e+03 5.375994827557431571e-39
1.930455688997144307e+03 5.417286183936351456e-39
2.021313281135519446e+03 5.454862870278194100e-39
2.116447118564700759e+03 5.490549742608507136e-39
2.216058464309125611e+03 5.524973914698208939e-39
2.320358053909957107e+03 5.557597043086596285e-39
2.429566541252479510e+03 5.588767070226142950e-39
2.543914965376542568e+03 5.618525600571746709e-39
2.663645239257608864e+03 5.646835126427919901e-39
2.789010661592433735e+03 5.673665622636862063e-39
2.920276452672148480e+03 5.698942461981002057e-39
3.057720315476387896e+03 5.722556888573868704e-39
3.201633023175519156e+03 5.744451023255262369e-39
3.352319034283886594e+03 5.763678617805989113e-39
3.510097136765433788e+03 5.779850384545887781e-39
3.675301122454419328e+03 5.792374230909135755e-39
3.848280493217987441e+03 5.801689528263838000e-39
4.029401200354499451e+03 5.807890079512314071e-39
4.219046418791953329e+03 5.810962712471273574e-39
4.417617357724309841e+03 5.810899567004744306e-39
4.625534109400709895e+03 5.807634346580987195e-39
4.843236537863284866e+03 5.801051210433706313e-39
5.071185209513686459e+03 5.791144972536404962e-39
5.309862367477101543e+03 5.777670258106923885e-39
5.559772951825072596e+03 5.760532781568599440e-39
5.821445667815416527e+03 5.739131686864897379e-39
6.095434104409293468e+03 5.713997278027561124e-39
6.382317905431665167e+03 5.685303649569002931e-39
6.682703995852829394e+03 5.653099552165730337e-39
6.997227865785377617e+03 5.617443887009918427e-39
7.326554914912866479e+03 5.578357321972786000e-39
7.671381860194556793e+03 5.535826020525103079e-39
8.032438209824304067e+03 5.489937907843129470e-39
8.410487806561770412e+03 5.440764093696187847e-39
8.806330443701159311e+03 5.388382118667542066e-39
9.220803557096065560e+03 5.332283069712727843e-39
9.654783996820075117e+03 5.273050034970575330e-39
1.010918988221125619e+04 5.210933732892594610e-39
1.058498254422491300e+04 5.146046559160519723e-39
1.108316855920389207e+04 5.078506897137476472e-39
1.160480187836912592e+04 5.008425918587244828e-39
1.215098605753527954e+04 4.935907485736832032e-39
1.272287659176873967e+04 4.861076476237045388e-39
1.332168335992737593e+04 4.783826065364925832e-39
1.394867318425305712e+04 4.704200735555882920e-39
1.460517251043272336e+04 4.621852504573189434e-39
1.529257021379720572e+04 4.537345054031381697e-39
1.601232053759480914e+04 4.450973608099463405e-39
1.676594616955607125e+04 4.362902021265814418e-39
1.755504146325787224e+04 4.273295275969566105e-39
1.838127581110219035e+04 4.182343270251075289e-39
1.924639717604568432e+04 4.090260910802168240e-39
2.015223578955083212e+04 3.997226618895549286e-39
2.110070802358305446e+04 3.903866606559273511e-39
2.209382044484440121e+04 3.810513038784422312e-39
2.313367405982115815e+04 3.716911785422617607e-39
2.422246875962661579e+04 3.623447522555402779e-39
2.536250797404129116e+04 3.530321202616615252e-39
2.655620354459789087e+04 3.437628261506695797e-39
2.780608082701935200e+04 3.345461095424565158e-39
2.911478403380489908e+04 3.253947393860384877e-39
3.048508182826740449e+04 3.163253403711229803e-39
3.191987318185529148e+04 3.073453451929356936e-39
3.342219350715227483e+04 2.984596830028075552e-39
3.499522107952835358e+04 2.896741306610811394e-39
3.664228376102804759e+04 2.809737813229276891e-39
3.836686604072157206e+04 2.723812312826351042e-39
4.017261640641193662e+04 2.639086841340696566e-39
4.206335506329414784e+04 2.555613883824155803e-39
4.404308201589658711e+04 2.473442385554090289e-39
4.611598553040111437e+04 2.392651310055255618e-39
4.828645099524530087e+04 2.313355007464065229e-39
5.055907019875307742e+04 2.235586538602094414e-39
5.293865104341885308e+04 2.159464533538951259e-39
5.543022771739954624e+04 2.085045625473342470e-39
5.803907134473043698e+04 2.012224136023883658e-39
6.077070113679725182e+04 1.941084708324265582e-39
6.363089606865745736e+04 1.871662535617203339e-39
6.662570710491007776e+04 1.803954355659057267e-39
6.976147000098221179e+04 1.737955000533574883e-39
7.304481870691165386e+04 1.673678505091008245e-39
7.648269940198301629e+04 1.611163265642388544e-39
8.008238518991071032e+04 1.550396159905828985e-39
8.385149148565439100e+04 1.491478719122589547e-39
8.779799212642051862e+04 1.434435790793803896e-39
9.193023624093549734e+04 1.379174624125630773e-39
9.625696591267568874e+04 1.325688402682086718e-39
1.007873346744235751e+05 1.273951655378732264e-39
1.055309268732789933e+05 1.223921931015044511e-39
1.104977779470883543e+05 1.175557352474758580e-39
1.156983956551946467e+05 1.128827418863985839e-39
1.211437823084180709e+05 1.083716622939743499e-39
1.268454580452986556e+05 1.040182779555711836e-39
1.328154852038461249e+05 9.982344355398247516e-40
1.390664938403510314e+05 9.578485466933557049e-40
1.456117084492520371e+05 9.189525445539838115e-40
1.524649759405806253e+05 8.815093756793446218e-40
1.596407949341740459e+05 8.454767856313388170e-40
1.671543464326339017e+05 8.108065652992473824e-40
1.750215259379158379e+05 7.774520387566287415e-40
1.832589770794977667e+05 7.453731295746118203e-40
1.918841268252732116e+05 7.145385544513191711e-40
2.009152223496549123e+05 6.849037238066387759e-40
2.103713696368887613e+05 6.563906343695853679e-40
2.202725739012506965e+05 6.289424704965741514e-40
2.306397819096283929e+05 6.025183349684084313e-40
2.414949262960372434e+05 5.770896422123153510e-40
2.528609719618102245e+05 5.526266688922236436e-40
2.647619646596295643e+05 5.290978003363736443e-40
2.772230818641880178e+05 5.064722668190734552e-40
2.902706860370888025e+05 4.847225633175942281e-40
3.039323803986849962e+05 4.638257737203493299e-40
3.182370673248352832e+05 4.437541039304962777e-40
3.332150094921235577e+05 4.245596444389456652e-40
3.488978939009064343e+05 4.062500816845562928e-40
3.653188989116224693e+05 3.887809560683056062e-40
3.825127644361892017e+05 3.721123445495006575e-40
4.005158654329903075e+05 3.562061488582333016e-40
4.193662888609241345e+05 3.410257175763153074e-40
4.391039142553215497e+05 3.265363120708434300e-40
4.597704980962076224e+05 3.127062947572769386e-40
4.814097621473721229e+05 2.995078975184022060e-40
5.040674859531641123e+05 2.869107380388065851e-40
5.277916036886723014e+05 2.748597966043655024e-40
5.526323055681932019e+05 2.633145975561404073e-40
5.786421440265367273e+05 2.522543980345280335e-40
6.058761448977759574e+05 2.416581644334941346e-40
6.343919238266822649e+05 2.315060325226873537e-40
6.642498081590951188e+05 2.217794655808607650e-40
6.955129645691053011e+05 2.124608087519581723e-40
7.282475326930690790e+05 2.035340904029455439e-40
7.625227650531444233e+05 1.949856571408746755e-40
7.984111735663769068e+05 1.867997340658399267e-40
8.359886829493033001e+05 1.789428789194983023e-40
8.753347913425839506e+05 1.713906267842011857e-40
9.165327384954906302e+05 1.641337146510193768e-40
9.596696818660756107e+05 1.571605132775364758e-40
1.004836881009530858e+06 1.504601142610094364e-40
1.052129890644881176e+06 1.440229222771765375e-40
1.101648762808410916e+06 1.378397428917269328e-40
1.153498258521512384e+06 1.319119877558207515e-40
1.207788069420783082e+06 1.262691039212914625e-40
1.264633049819185166e+06 1.209001681167223725e-40
1.324153459689286305e+06 1.157906150870159565e-40
1.386475219082567142e+06 1.109267376870874482e-40
1.451730174523065798e+06 1.062962432878797838e-40
1.520056377938958351e+06 1.018796448609172139e-40
1.591598378722132649e+06 9.766463817046628433e-41
1.666507529533646302e+06 9.364135343218847256e-41
1.744942306502059568e+06 8.980043462875426080e-41
1.827068644491990097e+06 8.613421912479918128e-41
1.913060288152197842e+06 8.263853199402408432e-41
2.003099159485916607e+06 7.930513501633530141e-41
2.097375742720953189e+06 7.612580157660869788e-41
2.196089487293900922e+06 7.309275761804625215e-41
2.299449229800905567e+06 7.020084020573948105e-41
2.407673635807697196e+06 6.744053390937403802e-41
2.520991662453613710e+06 6.480392014151059010e-41
2.639643042828181759e+06 6.228494810631452426e-41
2.763878793145128060e+06 5.987788828031920442e-41
2.893961743786665145e+06 5.757936648227351609e-41
3.030167095341571141e+06 5.539224152924631446e-41
3.172783000813447870e+06 5.331137466884629948e-41
3.322111175230774097e+06 5.133100190747738725e-41
3.478467533948467113e+06 4.944570384028269975e-41
3.642182860991402529e+06 4.765229243990474454e-41
3.813603508853698149e+06 4.594054260267819793e-41
3.993092131234302651e+06 4.430433563081511115e-41
4.181028450259124860e+06 4.273996633876247812e-41
4.377810059812629595e+06 4.124392954916742795e-41
4.583853266678649001e+06 3.981447993831459583e-41
4.799593971269705333e+06 3.845470963444340599e-41
5.025488589808168821e+06 3.716152040855667969e-41
5.262015019910308532e+06 3.593128884229503440e-41
5.509673651615742594e+06 3.476063113376044918e-41
5.768988426001524553e+06 3.365216115465928809e-41
6.040507943620165810e+06 3.261210914196342697e-41
6.324806625106687658e+06 3.163577092545159075e-41
6.622485926410181448e+06 3.071931723872245810e-41
6.934175611220558174e+06 2.986089670736826789e-41
7.260535083282527514e+06 2.905586800553420929e-41
7.602254781415524893e+06 2.828792110125529789e-41
7.960057640190649778e+06 2.755346943860022995e-41
8.334700619354857132e+06 2.685093690285487068e-41
8.726976305238235742e+06 2.618000227074071100e-41
9.137714587531829253e+06 2.555130546337663805e-41
9.567784414983877912e+06 2.499258389311221201e-41
1.001809563372836262e+07 2.450133739020276627e-41
1.048960091213512048e+07 2.407404219762908255e-41
1.098329775625394657e+07 2.370772071249903750e-41
1.150023062011596933e+07 2.337971464295884159e-41
1.204149311535746232e+07 2.298336013782491813e-41
1.260823032484015264e+07 2.250790581863901204e-41
1.320164122516291402e+07 2.199164025967799736e-41
1.382298122319006361e+07 2.165488529250842235e-41
1.447356481196204573e+07 2.148872115256412120e-41
1.515476835160749964e+07 2.134476234354948319e-41
1.586803298114021868e+07 2.121586922840681719e-41
1.661486766730062664e+07 2.120607339770420645e-41
1.739685239689204469e+07 2.135675681061603584e-41
1.821564151936576143e+07 2.166877141988029144e-41
1.907296724672556669e+07 2.213692525715219634e-41
1.997064331815706566e+07 2.277370691161617466e-41
2.091056883713374287e+07 2.361063918407556668e-41
2.189473228911779076e+07 2.466901405200614337e-41
2.292521574835588038e+07 2.598300655334473644e-41
2.400419928266864643e+07 2.759724408237334337e-41
2.513396556555387005e+07 2.957006935400955565e-41
2.631690470535947382e+07 3.197785115443581831e-41
2.755551930174326152e+07 3.492208687716240699e-41
2.885242974011725560e+07 3.854025509917986899e-41
3.021037973527647555e+07 4.302451532172257577e-41
3.163224213594056293e+07 4.865808895741411287e-41
3.312102500248881429e+07 5.589104572790135410e-41
3.467987797074545920e+07 6.554035399121712751e-41
3.631209891527872533e+07 7.945820070925089033e-41
3.802114092631122470e+07 1.042159158720026598e-40
3.981061961500000209e+07 7.322860201582220879e-41
