1.776820000000000066e+00 0.000000000000000000e+00
1.860728002316072160e+00 0.000000000000000000e+00
1.948598450379419811e+00 0.000000000000000000e+00
2.040618465511808477e+00 0.000000000000000000e+00
2.136984005594869451e+00 0.000000000000000000e+00
2.237900282365090199e+00 0.000000000000000000e+00
2.343582198415015583e+00 1.955132266461281542e-55
2.454254804831260461e+00 8.726033764895826975e-53
2.570153780443878766e+00 3.894553149793820388e-50
2.691525933707657359e+00 1.738194538919510395e-47
2.818629728284097080e+00 7.757809789524822965e-45
2.951735833443320800e+00 8.406600217024478321e-43
3.091127700457985128e+00 7.968982593110490621e-42
3.237102166216645927e+00 1.283481161674088324e-41
3.389970085341975636e+00 2.100132364375119183e-41
3.550056992159936975e+00 3.647938765005161327e-41
3.717703793929584055e+00 6.298927584728089590e-41
3.893267496809737160e+00 9.380188211645488403e-41
4.077121966108483875e+00 1.386868652551002863e-40
4.269658722434470199e+00 2.028356586711505132e-40
4.471287775445393464e+00 2.882817078883527818e-40
4.682438496969181685e+00 3.908362389822473025e-40
4.903560535357176065e+00 5.023517771181265188e-40
5.135124773016449318e+00 6.442419517024932562e-40
5.377624329160337169e+00 8.175097674602633106e-40
5.631575609912553126e+00 1.017917532492796390e-39
5.897519408001092422e+00 1.233241599838008233e-39
6.176022054383749627e+00 1.445954201059909034e-39
6.467676624257650886e+00 1.683189176620912871e-39
6.773104200020990007e+00 1.941992065292536648e-39
7.092955193876506748e+00 2.225337039237350375e-39
7.427910732893169055e+00 2.518084100752501396e-39
7.778684109475590525e+00 2.792457533867726058e-39
8.146022300329965660e+00 3.082708210724456207e-39
8.530707557161194998e+00 3.384988787014606205e-39
8.933559072488586494e+00 3.695634206284455820e-39
9.355434724127547952e+00 3.994996303134267009e-39
9.797232902052130044e+00 4.255489263142320310e-39
1.025989442152877373e+01 4.529251766767639897e-39
1.074440452659529122e+01 4.801914793692314094e-39
1.125179498815154133e+01 5.078983172254701021e-39
1.178314630112966377e+01 5.344457907148590752e-39
1.233958998542284213e+01 5.563917235533931836e-39
1.292231099547239204e+01 5.755062113528935841e-39
1.353255024364446513e+01 5.934185168622976338e-39
1.417160724276991601e+01 6.123337489822079542e-39
1.484084287347466002e+01 6.293796910911745543e-39
1.554168228219359271e+01 6.426490448068835178e-39
1.627561791603942964e+01 6.545988681856025064e-39
1.704421270098924168e+01 6.654029091625181726e-39
1.784910337015677229e+01 6.750883344756063256e-39
1.869200394923789688e+01 6.817857740885343747e-39
1.957470940655191072e+01 6.846277251205743024e-39
2.049909947545106448e+01 6.874238466565621132e-39
2.146714265723848314e+01 6.894461496899674243e-39
2.248090041311866472e+01 6.903693856191040144e-39
2.354253155410725284e+01 6.890049763214921119e-39
2.465429683824871887e+01 6.845926023531751963e-39
2.581856378493150217e+01 6.788115456555794255e-39
2.703781171655298721e+01 6.738435746026909524e-39
2.831463703827046885e+01 6.680916481685159655e-39
2.965175876708145708e+01 6.608105371761100971e-39
3.105202432200760754e+01 6.514376518592118026e-39
3.251841558771248941e+01 6.418762041138908283e-39
3.405405526446577369e+01 6.311015754571050675e-39
3.566221351797622674e+01 6.199925664547229576e-39
3.734631494325432044e+01 6.085806695233013069e-39
3.910994585733416073e+01 5.965730261406335078e-39
4.095686193638474037e+01 5.840972790823019125e-39
4.289099621347370572e+01 5.703549498455192918e-39
4.491646745401511964e+01 5.569861484114372038e-39
4.703758892673677394e+01 5.433051589439324673e-39
4.925887758884496748e+01 5.290093912890524707e-39
5.158506370494671955e+01 5.147263833625890093e-39
5.402110092021298016e+01 5.014904375490196973e-39
5.657217680923378822e+01 4.876875486399159669e-39
5.924372392302946366e+01 4.734957629586520652e-39
6.204143135774220497e+01 4.592569089321780078e-39
6.497125686964429292e+01 4.452081722149629251e-39
6.803943956226157752e+01 4.315351511825483816e-39
7.125251317262981843e+01 4.181121686443391095e-39
7.461731998497714358e+01 4.047195609658755949e-39
7.814102540146197384e+01 3.914195172300652836e-39
8.183113320099491261e+01 3.781720560501560938e-39
8.569550151863873566e+01 3.651141828846955711e-39
8.974235957961447241e+01 3.528587879621955748e-39
9.398032522354918683e+01 3.406951345229741934e-39
9.841842325628337562e+01 3.281532563331662626e-39
1.030661046683185305e+02 3.162657964927983220e-39
1.079332667608309464e+02 3.046390130134968437e-39
1.130302742221094974e+02 2.934737894545458941e-39
1.183679811993019797e+02 2.823011511470751677e-39
1.239577544124691570e+02 2.712626786140861258e-39
1.298114973601716144e+02 2.607094720194687633e-39
1.359416756681318645e+02 2.506448134588118597e-39
1.423613436349560288e+02 2.405780302935325110e-39
1.490841720314401471e+02 2.308340004516774391e-39
1.561244772126648286e+02 2.215849094098848051e-39
1.634972516048688647e+02 2.127036177856173775e-39
1.712181956320255836e+02 2.042369581407248947e-39
1.793037511501117649e+02 1.958453815330477022e-39
1.877711364602635058e+02 1.878149060457908513e-39
1.966383829753857242e+02 1.800905624862528399e-39
2.059243736182911277e+02 1.726181522696536299e-39
2.156488830331443580e+02 1.653547933538922578e-39
2.258326196958356888e+02 1.585066450102241160e-39
2.364972700129657710e+02 1.519444691993142616e-39
2.476655445033432272e+02 1.455898543009882216e-39
2.593612261603470301e+02 1.394293020278250342e-39
2.716092210981358903e+02 1.335538831821714995e-39
2.844356115895580501e+02 1.278753899030160470e-39
2.978677116087104082e+02 1.223790163545440062e-39
3.119341249964179497e+02 1.169851331683192544e-39
3.266648063725065185e+02 1.119262597645233269e-39
3.420911249245732506e+02 1.070371870290579066e-39
3.582459312091035599e+02 1.022859220494605875e-39
3.751636271071780016e+02 9.773487758995304053e-40
3.928802390837515759e+02 9.344272491426695154e-40
4.114334949065012097e+02 8.935337491268940868e-40
4.308629039876263960e+02 8.535628768100626349e-40
4.512098415196796850e+02 8.161054772135565954e-40
4.725176365846093063e+02 7.793917864610112247e-40
4.948316644236284105e+02 7.445538280509559498e-40
5.181994430644159593e+02 7.103591637324506763e-40
5.426707345114032250e+02 6.781494755084038775e-40
5.682976507146471477e+02 6.468441776177205602e-40
5.951347645429372051e+02 6.173879676498348977e-40
6.232392259974708395e+02 5.890617890344152062e-40
6.526708839135582139e+02 5.617375444552923260e-40
6.834924134095404042e+02 5.361450054809968734e-40
7.157694493543102681e+02 5.114866173519525785e-40
7.495707261376617225e+02 4.879373903586036375e-40
7.849682240411182192e+02 4.649905610380533172e-40
8.220373225209217480e+02 4.423683172852589201e-40
8.608569607296227559e+02 4.209137586161522963e-40
9.015098056180792128e+02 4.006167406130928628e-40
9.440824279758669491e+02 3.815076589315422371e-40
9.886654867849534867e+02 3.628373467943136699e-40
1.035353922279248536e+03 3.451415052944839670e-40
1.084247158121123675e+03 3.278606328551725383e-40
1.135449313125470326e+03 3.116221969227316229e-40
1.189069422982131982e+03 2.955246909532194056e-40
1.245221672448907611e+03 2.799185643349673363e-40
1.304025638509546980e+03 2.655024139141968436e-40
1.365606545014582707e+03 2.518037242379853586e-40
1.430095529347225238e+03 2.388387867158005926e-40
1.497629921682223994e+03 2.261991517278234133e-40
1.568353537432344865e+03 2.142670793935915946e-40
1.642416983505269855e+03 2.027155588094973224e-40
1.719977979023057287e+03 1.917078214630710007e-40
1.801201691187181041e+03 1.811854413383923176e-40
1.886261087004342471e+03 1.707050249312076601e-40
1.975337301622072573e+03 1.605855497235437789e-40
2.068620024058521267e+03 1.508768846767545766e-40
2.166307901147800749e+03 1.415673952566638023e-40
2.268608960561155527e+03 1.327229441882274337e-40
2.375741053804717467e+03 1.242256693230747931e-40
2.487932320137286752e+03 1.160974339189506470e-40
2.605421672395989390e+03 1.083886050746529510e-40
2.728459305764451074e+03 1.011331335006556587e-40
2.857307230566845192e+03 9.417345678280469287e-41
2.992239830222485580e+03 8.685526932274314686e-41
3.133544445549051488e+03 7.955164602136925741e-41
3.281521986658814058e+03 7.271221232884800874e-41
3.436487573750813681e+03 6.618783136610115796e-41
3.598771208163663232e+03 6.011182270917438850e-41
3.768718475117888829e+03 5.441102995849045123e-41
3.946691279644413498e+03 4.906980999733640423e-41
4.133068617266244473e+03 4.407999236348253752e-41
4.328247381074657824e+03 3.939217314631005585e-41
4.532643206918435681e+03 3.496336890555558055e-41
4.746691358506124743e+03 3.037904732169954400e-41
4.970847654306046024e+03 2.592708444879877404e-41
5.205589438217949464e+03 2.171835981496966451e-41
5.451416596083416152e+03 1.786451770770900317e-41
5.708852620199553712e+03 1.430894512628596710e-41
5.978445724103057728e+03 1.111886734343531042e-41
6.260770009998391288e+03 8.344216022701940193e-42
6.556426691316332835e+03 5.976150434370239434e-42
6.866045373006162663e+03 4.026838473419042494e-42
7.190285392288061303e+03 2.521670382918171800e-42
7.529837222720700083e+03 1.426538710050978793e-42
7.885423944574180496e+03 7.128827506702038426e-43
8.257802784639316087e+03 3.253963963070993978e-43
8.647766728752501876e+03 1.330838046371395640e-43
9.056146210469843936e+03 5.155512867504345116e-44
9.483810879486853082e+03 1.664733762759978906e-44
9.931671453569295409e+03 3.970983167046574059e-45
1.040068165793923072e+04 6.177161773446677556e-46
1.089184025624579226e+04 0.000000000000000000e+00
1.140619317744623550e+04 0.000000000000000000e+00
1.194483574312578276e+04 0.000000000000000000e+00
1.250891500000001179e+04 0.000000000000000000e+00
