1.776820000000000066e+00 0.000000000000000000e+00
1.860424632475038864e+00 0.000000000000000000e+00
1.947963110005449971e+00 0.000000000000000000e+00
2.039620531627752253e+00 0.000000000000000000e+00
2.135590705835202385e+00 0.000000000000000000e+00
2.236076560383474465e+00 0.000000000000000000e+00
2.341290571378909835e+00 2.858188845907958724e-42
2.451455212556636010e+00 5.158961534787563358e-42
2.566803425698549912e+00 9.311800427575637803e-42
2.687579113185857516e+00 1.680757389220719178e-41
2.814037653727664789e+00 3.033726316829551973e-41
2.946446442356125850e+00 4.253465354674895797e-41
3.085085455829955858e+00 5.939562641302638276e-41
3.230247844641850108e+00 8.294044228337274932e-41
3.382240552881609297e+00 1.158186889231431998e-40
3.541384967265642558e+00 1.617303420129667221e-40
3.708017596705243779e+00 2.014390154187271817e-40
3.882490783850547356e+00 2.502074544470908153e-40
4.065173450114744291e+00 3.080750838374234142e-40
4.256451875753879399e+00 3.345047073442746208e-40
4.456730516651716378e+00 3.645799685858459446e-40
4.666432859536732813e+00 3.943313888869348480e-40
4.886002317439623432e+00 4.269021110224141132e-40
5.115903167284698405e+00 4.626491377366796554e-40
5.356621531597755670e+00 5.018499529152115622e-40
5.608666406406183746e+00 5.448323583642837102e-40
5.872570737504823057e+00 5.863736227850326978e-40
6.148892547363309369e+00 6.306880504046830662e-40
6.438216115057739053e+00 6.781688502176423290e-40
6.741153211721595540e+00 7.290596872948309459e-40
7.058344394128318378e+00 7.836459439735356151e-40
7.390460359140726077e+00 8.361117781513683080e-40
7.738203361891317300e+00 8.914049956870429756e-40
8.102308700692116616e+00 9.506441531247724346e-40
8.483546271813935391e+00 1.019430247174730901e-39
8.882722197422603827e+00 1.100604514650602385e-39
9.300680530114368239e+00 1.190076988692084445e-39
9.738305037654786389e+00 1.295643495262579840e-39
1.019652107169478406e+01 1.421257119636249836e-39
1.067629752441539104e+01 1.571538591555958292e-39
1.117864887723836276e+01 1.752568277374909134e-39
1.170463734593470129e+01 1.948152131997110918e-39
1.225537512666684137e+01 2.138435085282488578e-39
1.283202674771382945e+01 2.316133830136851832e-39
1.343581153185205324e+01 2.473994622815865827e-39
1.406800617459830249e+01 2.605542225452062012e-39
1.472994744376673992e+01 2.721946516787870611e-39
1.542303500604809230e+01 2.859821849704239677e-39
1.614873438658766247e+01 3.022069231906865401e-39
1.690858006782024603e+01 3.211793100565116254e-39
1.770417873411445342e+01 3.432611233229683773e-39
1.853721266908707221e+01 3.675707829899172525e-39
1.940944331277110280e+01 3.939947494169084082e-39
2.032271498615913430e+01 4.227718739953561918e-39
2.127895879099743581e+01 4.541831059175921053e-39
2.228019669307690975e+01 4.885156221478053800e-39
2.332854579765490044e+01 5.242903391799840649e-39
2.442622282604834894e+01 5.602375701243641662e-39
2.557554880286376431e+01 5.959860227699199328e-39
2.677895396377531512e+01 6.311877506237773189e-39
2.803898289422826906e+01 6.654592037350261325e-39
2.935829990993376626e+01 6.987932730757310332e-39
3.073969469053167458e+01 7.330522509069815781e-39
3.218608817833393942e+01 7.682639423700721583e-39
3.370053875462123472e+01 8.044712167113188053e-39
3.528624870655272616e+01 8.416660653431890128e-39
3.694657099836290826e+01 8.791089530878171118e-39
3.868501636116333486e+01 9.170180683441941186e-39
4.050526071634051561e+01 9.553066934186858239e-39
4.241115294824653859e+01 9.939348097647913039e-39
4.440672304261785541e+01 1.032812751931604411e-38
4.649619060793054359e+01 1.071810881904161952e-38
4.868397379771081290e+01 1.112218247760394272e-38
5.097469865266630507e+01 1.154097306915471872e-38
5.337320888239248262e+01 1.197535597949863703e-38
5.588457610733698289e+01 1.242553381319273054e-38
5.851411058267901666e+01 1.288837314211470351e-38
6.126737242679864437e+01 1.337240727951416911e-38
6.415018337807894966e+01 1.387895376075084732e-38
6.716863910490025091e+01 1.440968974992178456e-38
7.032912209485628807e+01 1.496571662634173325e-38
7.363831515044584819e+01 1.552873113475961746e-38
7.710321551977649790e+01 1.607744472637502080e-38
8.073114969216008774e+01 1.660909749591292092e-38
8.452978888988431549e+01 1.712183135711673066e-38
8.850716528891824453e+01 1.761322889751118841e-38
9.267168900284958966e+01 1.806878608366877169e-38
9.703216586596701632e+01 1.848464781927868932e-38
1.015978160530884793e+02 1.885852522145619890e-38
1.063782935755077688e+02 1.921672119063894126e-38
1.113837066942829352e+02 1.972589305984827400e-38
1.166246392940302457e+02 2.029704957082211601e-38
1.221121732624183522e+02 2.070414540764192969e-38
1.278579119226838543e+02 2.109693503742328347e-38
1.338740045687154350e+02 2.156470942175895297e-38
1.401731721545874336e+02 2.212259519781313771e-38
1.467687341928606486e+02 2.270983196741367973e-38
1.536746369185282504e+02 2.322638548170655791e-38
1.609054827781586994e+02 2.367800944421327545e-38
1.684765613065895877e+02 2.406894267938388826e-38
1.764038814564618747e+02 2.440294976111732481e-38
1.847042054489526208e+02 2.470954862339346263e-38
1.933950842172882290e+02 2.504413188527878211e-38
2.024948945179745579e+02 2.540369197303394577e-38
2.120228777882253439e+02 2.577416757357685195e-38
2.219991808317438711e+02 2.607879696279013528e-38
2.324448984188925920e+02 2.632772999709382771e-38
2.433821178913260326e+02 2.659786499421996428e-38
2.548339658654037692e+02 2.689924602487941111e-38
2.668246571331368955e+02 2.723183930877764887e-38
2.793795458640689162e+02 2.757099339706003973e-38
2.925251792163548430e+02 2.788150585377371782e-38
3.062893534704031708e+02 2.810026122470174425e-38
3.207011728037685430e+02 2.826738046553986461e-38
3.357911108315782371e+02 2.840560392354094032e-38
3.515910750426176605e+02 2.850165572448750217e-38
3.681344742673234691e+02 2.855007639331348850e-38
3.854562893203461726e+02 2.857386344820677129e-38
4.035931469670519505e+02 2.860381814595815696e-38
4.225833973703705624e+02 2.864537450739387429e-38
4.424671951817431363e+02 2.861371746141898518e-38
4.632865844476399388e+02 2.853800169645782218e-38
4.850855875111809041e+02 2.851145893663265432e-38
5.079102980968398242e+02 2.845891269411407264e-38
5.318089787750591313e+02 2.834528082272677488e-38
5.568321630128633615e+02 2.826065760148917070e-38
5.830327620262531809e+02 2.818759793274947672e-38
6.104661766603250044e+02 2.807812706832481001e-38
6.391904145336765168e+02 2.790997227726493349e-38
6.692662126948046080e+02 2.767749206511010922e-38
7.007571660498490473e+02 2.743789262020898180e-38
7.337298618332414435e+02 2.719006006906121627e-38
7.682540204055956110e+02 2.690692930487647207e-38
8.044026426765519773e+02 2.662560077299960882e-38
8.422521644643092031e+02 2.636074355155930167e-38
8.818826181182214441e+02 2.603816063720993982e-38
9.233778017462190064e+02 2.565048840150123235e-38
9.668254564048797874e+02 2.523367473522902533e-38
1.012317451626816478e+03 2.481247265405685447e-38
1.059949979677675628e+03 2.440101689465901567e-38
1.109823758953504694e+03 2.399885602927682383e-38
1.162044246948559703e+03 2.359735232573230166e-38
1.216721863243889175e+03 2.317703836847819127e-38
1.273972222988179283e+03 2.272797222443749368e-38
1.333916381364567769e+03 2.225156914334454128e-38
1.396681089560343480e+03 2.180187135493422872e-38
1.462399062780775921e+03 2.136731503760005982e-38
1.531209260873790754e+03 2.091150586735088838e-38
1.603257182158855358e+03 2.045069767289088276e-38
1.678695171081400758e+03 1.999349975385391290e-38
1.757682740343274645e+03 1.951533742374411527e-38
1.840386908190393569e+03 1.902192271660624934e-38
1.926982551570775740e+03 1.853713515120944574e-38
2.017652775909699585e+03 1.806330106480603582e-38
2.112589302283880443e+03 1.759829599494228843e-38
2.211992872813334998e+03 1.711678800485417398e-38
2.316073675128124250e+03 1.662305343360901347e-38
2.425051786807528515e+03 1.614769130344042764e-38
2.539157640731380525e+03 1.567450320594490364e-38
2.658632512327565564e+03 1.519298143135195986e-38
2.783729029745950356e+03 1.472026435338077598e-38
2.914711708037508288e+03 1.426292693054397958e-38
3.051857508468150172e+03 1.382728126087238545e-38
3.195456424149911072e+03 1.339287902080796351e-38
3.345812093227844798e+03 1.294793195333200773e-38
3.503242440919143519e+03 1.251754807270814673e-38
3.668080351762111604e+03 1.210019376502791064e-38
3.840674373496435692e+03 1.168314032213528985e-38
4.021389454063104495e+03 1.128405733671902528e-38
4.210607713282351142e+03 1.091300814666975137e-38
4.408729250841328394e+03 1.054397475292856887e-38
4.616172992299968428e+03 1.017021095261249351e-38
4.833377574903967798e+03 9.789401449217656030e-39
5.060802275077840022e+03 9.421144357375822489e-39
5.298927979559285632e+03 9.077531237619619330e-39
5.548258202228296796e+03 8.736791648491073229e-39
5.809320148781079297e+03 8.400662765185682504e-39
6.082665831500032255e+03 8.088540264361774981e-39
6.368873236476920283e+03 7.781015522230500816e-39
6.668547545757411172e+03 7.465291155957206612e-39
6.982322416991059072e+03 7.168772866086928675e-39
7.310861323292631823e+03 6.891967233006352737e-39
7.654858956147875688e+03 6.620015958337055871e-39
8.015042694330133600e+03 6.359504988219388545e-39
8.392174141933837745e+03 6.115241125630396838e-39
8.787050738777028528e+03 5.877704503850699074e-39
9.200507446578027157e+03 5.644650371631853580e-39
9.633418514471797607e+03 5.417405917661681792e-39
1.008669932759898438e+04 5.200711338268711044e-39
1.056130834267656792e+04 4.996905470769515732e-39
1.105824911464278375e+04 4.792462323530300303e-39
1.157857241866184631e+04 4.590055369312267099e-39
1.212337847197499286e+04 4.405953130298600591e-39
1.269381926029639908e+04 4.229572596228396341e-39
1.329110097367292110e+04 4.052118921740971835e-39
1.391648655695796151e+04 3.882227714458626925e-39
1.457129838029308303e+04 3.720765226828118433e-39
1.525692103524322010e+04 3.564471703449586330e-39
1.597480426249877928e+04 3.413796105291152748e-39
1.672646601733430725e+04 3.269537155733737538e-39
1.751349567930653211e+04 3.135010399957859208e-39
1.833755741297771237e+04 3.008402661179660369e-39
1.920039368677128004e+04 2.882485377861465441e-39
2.010382895740004460e+04 2.759427807856711091e-39
2.104977352765730757e+04 2.641564836133946556e-39
2.204022758572877501e+04 2.529010291330969006e-39
2.307728543456608168e+04 2.421563093974227160e-39
2.416313992026435881e+04 2.318889278757283763e-39
2.530008706880877071e+04 2.220072177370236090e-39
2.649053094099288865e+04 2.124360047355908327e-39
2.773698871577615137e+04 2.032467226329459839e-39
2.904209601282751828e+04 1.944415607000711199e-39
3.040861246551106160e+04 1.859821887490985096e-39
3.183942755609704545e+04 1.779765356196733210e-39
3.333756672553629323e+04 1.705099854374061691e-39
3.490619777071847784e+04 1.633756355748794919e-39
3.654863754273919767e+04 1.565141746666801523e-39
3.826835896034153120e+04 1.499435759217872688e-39
4.006899835335947137e+04 1.436629599089570392e-39
4.195436315169336012e+04 1.376661042937522540e-39
4.392843993607314769e+04 1.318965543873827640e-39
4.599540286763465701e+04 1.263381357937392534e-39
4.815962251413234480e+04 1.210023067416609746e-39
5.042567509145055374e+04 1.158316296794121061e-39
5.279835213995660160e+04 1.107818558801496579e-39
5.528267065615331376e+04 1.060443675686576149e-39
5.788388370105735521e+04 1.016068907185824341e-39
6.060749150773157453e+04 9.725097488022321708e-40
6.345925311146060267e+04 9.303227835885022328e-40
6.644519852716069727e+04 8.902404997033713521e-40
6.957164149977137276e+04 8.519337665376091688e-40
7.284519285459272214e+04 8.154856175592653533e-40
7.627277447579317959e+04 7.816632806184876233e-40
7.986163394264988892e+04 7.495005386815021884e-40
8.361935985446507402e+04 7.179745007429589350e-40
8.755389787656656699e+04 6.878613293877741326e-40
9.167356754132021160e+04 6.593319765212641582e-40
9.598707983967769542e+04 6.320929760039433685e-40
1.005035556404614617e+05 6.061385345615737624e-40
1.052325449763284560e+05 5.814947477317609693e-40
1.101840472371984943e+05 5.579725456299947303e-40
1.153685323138401727e+05 5.354137431920028329e-40
1.207969627363269828e+05 5.135375596558354739e-40
1.264808168541733467e+05 4.926921614015003736e-40
1.324321131071621494e+05 4.732554525517585692e-40
1.386634354381902085e+05 4.544226970331732252e-40
1.451879599018589652e+05 4.360632262340011188e-40
1.520194825250823633e+05 4.186199338080650554e-40
1.591724484786143876e+05 4.020644306361401477e-40
1.666619826211875770e+05 3.863202823419374824e-40
1.745039214808390534e+05 3.711171989378278238e-40
1.827148467410557496e+05 3.564181860237648074e-40
1.913121203025416180e+05 3.424675924153981566e-40
2.003139209947411437e+05 3.291650889876898871e-40
2.097392830147542409e+05 3.163760081679497348e-40
2.196081361749090138e+05 3.042631829457200410e-40
2.299413480441090069e+05 2.928867533546611079e-40
2.407607680720482895e+05 2.821617168053151810e-40
2.520892737896061444e+05 2.719192796210241339e-40
2.639508191831068252e+05 2.619994697550607248e-40
2.763704853447261848e+05 2.526356256016314828e-40
2.893745335061575170e+05 2.438648467966386520e-40
3.029904605676592328e+05 2.355261877376957150e-40
3.172470572399177472e+05 2.276111433881254864e-40
3.321744689216476982e+05 2.201334706440275385e-40
3.478042594416693319e+05 2.129735298198578891e-40
3.641694778002394014e+05 2.061608995575697640e-40
3.813047280507515534e+05 1.998564838299427432e-40
3.992462424695887603e+05 1.938591731610522350e-40
4.180319581688207109e+05 1.879153951269773536e-40
4.377015973137682886e+05 1.821758115995878735e-40
4.582967511150279315e+05 1.767343216079415360e-40
4.798609677725830115e+05 1.717302876608585439e-40
5.024398445579321124e+05 1.670589768193880393e-40
5.260811242289626971e+05 1.625613998563428046e-40
5.508347959814297501e+05 1.582909363419593039e-40
5.767532011504897382e+05 1.543140600920442277e-40
6.038911438858201727e+05 1.505614478227980609e-40
6.323060070343121188e+05 1.470740626317188713e-40
6.620578734754057368e+05 1.439689028890893989e-40
6.932096531655928120e+05 1.411375039640257381e-40
7.258272161607510643e+05 1.385336698230160437e-40
7.599795318975737318e+05 1.361772843055809443e-40
7.957388150285871234e+05 1.338897475025607477e-40
8.331806781191586051e+05 1.314730470732322961e-40
8.723842915293262340e+05 1.294080902860699811e-40
9.134325508185664658e+05 1.278073279781860099e-40
9.564122520274255658e+05 1.265261447871717271e-40
1.001414275206686929e+06 1.255085798929928617e-40
1.048533776582129532e+06 1.248796670565709037e-40
1.097870389761185972e+06 1.247045286865528296e-40
1.149528436406999128e+06 1.250300916260788264e-40
1.203617146825280506e+06 1.258896470646709809e-40
1.260250890930470778e+06 1.273059789533736074e-40
1.319549420079503674e+06 1.293967042279024499e-40
1.381638120284585981e+06 1.321517868694275426e-40
1.446648277340392815e+06 1.356354247858810959e-40
1.514717354426247533e+06 1.399331133579654912e-40
1.585989282770352205e+06 1.451550354973224731e-40
1.660614765990578569e+06 1.514378394230300702e-40
1.738751598755443469e+06 1.589541278191547897e-40
1.820565000438974472e+06 1.679290778570670963e-40
1.906227964475073852e+06 1.786529709338360712e-40
1.995921624149989337e+06 1.914967476244771648e-40
2.089835635606433032e+06 2.069153527643683560e-40
2.188168578869182151e+06 2.254165673709481437e-40
2.291128377740075812e+06 2.467060007880113211e-40
2.398932739450375549e+06 2.626431052666922518e-40
2.511809614999998827e+06 1.695876233470186177e-40
