1.776820000000000066e+00 0.000000000000000000e+00
1.860550664919589758e+00 0.000000000000000000e+00
1.948227044232238914e+00 0.000000000000000000e+00
2.040035075337185866e+00 0.000000000000000000e+00
2.136169457726661225e+00 0.000000000000000000e+00
2.236834065889768741e+00 0.000000000000000000e+00
2.342242381674000562e+00 4.225279571674807923e-42
2.452617947021310751e+00 8.677437335027117878e-42
2.568194838038865946e+00 1.782081337483597026e-41
2.689218161409861363e+00 3.659852293704176633e-41
2.815944574197134731e+00 7.516221919839740811e-41
2.948642828141955885e+00 1.324637433547641405e-40
3.087594339612281580e+00 2.192828184351018654e-40
3.233093786409198866e+00 3.351785104920715868e-40
3.385449732697193514e+00 4.891945754494223471e-40
3.544985283383578878e+00 6.988895156444901335e-40
3.712038769334809807e+00 9.615114588514798814e-40
3.886964464882867176e+00 1.241632553538529193e-39
4.070133339143319873e+00 1.572086984089399305e-39
4.261933842738428346e+00 1.982837416659554959e-39
4.462772731593680042e+00 2.525101331614559799e-39
4.673075929554842745e+00 3.178720141281863467e-39
4.893289431654861410e+00 3.808262861395557875e-39
5.123880249946226151e+00 4.489236270874682826e-39
5.365337403904617553e+00 5.302779423086335624e-39
5.618172957504238951e+00 6.247503989090092819e-39
5.882923105164151067e+00 7.236184983454089560e-39
6.160149308868641427e+00 8.126004169746079344e-39
6.450439488873098703e+00 9.131020240665807946e-39
6.754409270520604025e+00 1.037874780490485859e-38
7.072703289813346395e+00 1.158915026369290178e-38
7.405996560507643878e+00 1.270956934600791172e-38
7.754995905631796305e+00 1.395177321820045950e-38
8.120441456462630825e+00 1.525354105108921149e-38
8.503108222139637462e+00 1.653339719337067407e-38
8.903807733245422185e+00 1.791130622481065589e-38
9.323389762838077743e+00 1.928945802770131991e-38
9.762744128585268300e+00 2.056306030372748960e-38
1.022280257982189688e+01 2.188120313230236089e-38
1.070454077353324074e+01 2.322802357726243639e-38
1.120898034345410643e+01 2.459175656480664471e-38
1.173719106667200052e+01 2.595273750535026924e-38
1.229029313232902254e+01 2.718567422888142016e-38
1.286945951723384240e+01 2.829227682782316268e-38
1.347591847342171079e+01 2.942641348457349013e-38
1.411095613293802309e+01 3.065696798009266963e-38
1.477591923536936491e+01 3.173458992458037702e-38
1.547221798390643777e+01 3.259906155041068492e-38
1.620132903599574092e+01 3.350876683349213541e-38
1.696479863492245954e+01 3.441093277458845766e-38
1.776424588896563606e+01 3.517057996616628239e-38
1.860136620507992333e+01 3.586372236284122718e-38
1.947793488438571785e+01 3.649222116082381048e-38
2.039581088709284629e+01 3.702886646205350333e-38
2.135694077484202680e+01 3.750553217140781602e-38
2.236336283882476650e+01 3.789578866244296595e-38
2.341721142243640585e+01 3.823242153327774133e-38
2.452072144762927763e+01 3.850824059445182823e-38
2.567623315456528488e+01 3.864839274125726939e-38
2.688619706461930292e+01 3.872424197937855423e-38
2.815317917725855779e+01 3.883398354692454004e-38
2.947986641181928746e+01 3.883333795543172500e-38
3.086907230572093397e+01 3.870449129222515337e-38
3.232374298120235068e+01 3.857257506784425944e-38
3.384696339323394909e+01 3.839403568271033290e-38
3.544196387185557739e+01 3.816502616276348384e-38
3.711212697281489170e+01 3.787141024049161528e-38
3.886099465103443151e+01 3.747430441559824529e-38
4.069227577212026148e+01 3.710610428856667976e-38
4.260985397784223494e+01 3.665336528324808787e-38
4.461779592226619684e+01 3.615637826603409162e-38
4.672035989600460937e+01 3.560000909059212321e-38
4.892200485687570222e+01 3.501817375478410169e-38
5.122739988612210027e+01 3.443111250903616940e-38
5.364143409024333664e+01 3.382780604378611349e-38
5.616922696944125448e+01 3.328204149698928004e-38
5.881613927466668201e+01 3.268769730237858643e-38
6.158778437629263180e+01 3.203017426028204231e-38
6.449004016852332200e+01 3.130222289954422050e-38
6.752906153478522810e+01 3.056898435336967378e-38
7.071129340053607848e+01 2.988863019616578076e-38
7.404348440117263408e+01 2.922458713472882251e-38
7.753270119402358773e+01 2.846115794743477324e-38
8.118634344477915477e+01 2.774210223196246220e-38
8.501215952013933475e+01 2.704249310195478319e-38
8.901826291996118812e+01 2.627934029597724769e-38
9.321314948375226095e+01 2.548531883105493304e-38
9.760571540800100365e+01 2.469638405443131548e-38
1.022052761125541025e+02 2.395915661777424894e-38
1.070215859960506748e+02 2.322380519245873553e-38
1.120648591223090023e+02 2.249694857625699771e-38
1.173457908815368569e+02 2.178314412200984690e-38
1.228755806723013535e+02 2.111597397449709603e-38
1.286659556523626122e+02 2.041380540503135255e-38
1.347291956087378821e+02 1.971805925750388558e-38
1.410781589997403671e+02 1.904607908594318540e-38
1.477263102242199295e+02 1.840176338896044429e-38
1.546877481758365604e+02 1.781483463372525389e-38
1.619772361429220098e+02 1.721005288225740282e-38
1.696102331173395044e+02 1.661916901195542711e-38
1.776029265787376232e+02 1.603553393314493420e-38
1.859722668237273808e+02 1.546661477967138657e-38
1.947360029127819701e+02 1.491281189540505569e-38
2.039127203110948585e+02 1.439221652717925434e-38
2.135218803032213657e+02 1.386696853014416633e-38
2.235838612650912580e+02 1.336188799325393538e-38
2.341200018809191477e+02 1.286895996612565864e-38
2.451526463966634708e+02 1.234521934472221441e-38
2.567051920060048928e+02 1.184680134960623683e-38
2.688021384693346931e+02 1.139337487188888500e-38
2.814691400709853610e+02 1.094828078120928930e-38
2.947330600248853898e+02 1.051886322956045114e-38
3.086220274440211710e+02 1.010296828383645301e-38
3.231654969945212770e+02 9.700971111757755066e-39
3.383943113608728481e+02 9.319073525968502371e-39
3.543407666547419126e+02 8.943631804270602228e-39
3.710386809061115514e+02 8.584034321744487636e-39
3.885234657819891027e+02 8.245899224605957244e-39
4.068322016847756686e+02 7.921465941578524202e-39
4.260037163895666481e+02 7.595761612296290695e-39
4.460786673871435255e+02 7.288276327758943254e-39
4.670996281072895613e+02 6.994028074040765571e-39
4.891111782052827266e+02 6.704436286540996601e-39
5.121599981030394702e+02 6.427328045518655315e-39
5.362949679854045826e+02 6.164648509898574674e-39
5.615672714615292307e+02 5.908803939696960229e-39
5.880305041111804485e+02 5.660432394479389908e-39
6.157407871461701916e+02 5.420804865407438291e-39
6.447568864279545551e+02 5.196312717471794870e-39
6.751403370938052149e+02 4.977411255315762322e-39
7.069555740558497519e+02 4.765065809287920411e-39
7.402700686497344122e+02 4.557258828003803754e-39
7.751544717227031924e+02 4.364300815589160898e-39
8.116827634645433136e+02 4.178773982640986457e-39
8.499324102991444079e+02 3.999111950256759977e-39
8.899845291694050502e+02 3.831488397779530820e-39
9.319240595638749483e+02 3.673514739715467306e-39
9.758399436499647663e+02 3.516707276587291961e-39
1.021825314895733072e+03 3.366025946795722900e-39
1.069977695580264253e+03 3.223010490254438930e-39
1.120399203611503935e+03 3.087104416523707261e-39
1.173196769090150838e+03 2.956856566861554353e-39
1.228482361078890563e+03 2.828572998508978144e-39
1.286373225057865511e+03 2.705078445672164379e-39
1.346992131569978028e+03 2.587076692768878542e-39
1.410467636583321564e+03 2.475143385925628808e-39
1.476934354122905233e+03 2.370219173296778486e-39
1.546533241749842773e+03 2.270017166803757828e-39
1.619411899493430838e+03 2.172600237164427024e-39
1.695724882870071724e+03 2.080798016376364907e-39
1.775634030652854335e+03 1.993428498871180710e-39
1.859308808086929730e+03 1.906183769318417861e-39
1.946926666278512357e+03 1.826414793017246745e-39
2.038673418519695588e+03 1.753084982231419901e-39
2.134743634347154966e+03 1.679331277186011750e-39
2.235341052170427702e+03 1.606969380217568932e-39
2.340679011344845094e+03 1.537730174264209653e-39
2.450980904605406977e+03 1.473611350114409371e-39
2.566480651821122137e+03 1.411562766985168536e-39
2.687423196074475527e+03 1.350620874432551160e-39
2.814065023118094814e+03 1.293562927176873724e-39
2.946674705310234458e+03 1.241286202818495711e-39
3.085533471182613539e+03 1.188273410012178433e-39
3.230935801848504525e+03 1.137028251656529066e-39
3.383190055515889071e+03 1.089780570853081338e-39
3.542619121430102950e+03 1.044301036118118078e-39
3.709561104632787647e+03 1.000121906539111092e-39
3.884370042989373815e+03 9.571448102748886127e-40
4.067416658005657609e+03 9.178080075651161583e-40
4.259089141025788194e+03 8.800855442149151265e-40
4.459793976478952573e+03 8.436878001297006280e-40
4.669956803920652419e+03 8.090069027604060346e-40
4.890023320696715928e+03 7.754600790403682072e-40
5.120460227144320925e+03 7.430168406459590715e-40
5.361756216334619239e+03 7.123430381851076055e-40
5.614423010455823714e+03 6.841770366919075841e-40
5.878996446034728251e+03 6.566173169188555231e-40
6.156037610298069012e+03 6.311827584031012951e-40
6.446134031083662194e+03 6.057014094546300592e-40
6.749900922824765985e+03 5.812894904116485434e-40
7.067982491250079875e+03 5.584917695415270665e-40
7.401053299566284295e+03 5.357238473223810749e-40
7.749819699020367807e+03 5.143354774175635713e-40
8.115021326875697923e+03 4.942853926208677812e-40
8.497432674978459545e+03 4.749012969755903878e-40
8.897864732241092497e+03 4.563431005014117161e-40
9.317166704525910973e+03 4.391099882633945894e-40
9.756227815576332432e+03 4.225183638518475273e-40
1.021597919281501527e+04 4.066843418021351531e-40
1.069739584200799618e+04 3.917960522780330007e-40
1.120149871498297398e+04 3.770430999759753497e-40
1.172935687478612090e+04 3.632325602381553085e-40
1.228208976286990037e+04 3.495144590188088404e-40
1.286086957311919468e+04 3.364233544357738086e-40
1.346692373775118358e+04 3.233809620938240400e-40
1.410153753036004855e+04 3.109828731664253865e-40
1.476605679162771594e+04 2.984881629329934219e-40
1.546189078348025760e+04 2.866357004494030391e-40
1.619051517774351487e+04 2.753573779527952505e-40
1.695347518563581616e+04 2.643715908135627168e-40
1.775238883473421083e+04 2.536893581124482580e-40
1.858895040036462160e+04 2.431192598983957673e-40
1.946493399869187488e+04 2.324317631091188941e-40
2.038219734913049615e+04 2.217241656186563537e-40
2.134268571405492548e+04 2.108937257165645064e-40
2.234843602416377325e+04 2.000202006858581864e-40
2.340158119824790992e+04 1.891210453708938324e-40
2.450435466652213654e+04 1.781302935279426415e-40
2.565909510711453549e+04 1.670387812318206521e-40
2.686825140575690239e+04 1.558115742804718008e-40
2.813438784919555110e+04 1.443748018649543053e-40
2.946018956333587630e+04 1.300175757997584114e-40
3.084846820765280427e+04 1.092690054503106405e-40
3.230216793794491969e+04 8.531813748908306796e-41
3.382437165007575095e+04 6.126867346071957053e-41
3.541830751794543903e+04 3.927356997978135238e-41
3.708735583955602488e+04 2.080150029284205444e-41
3.883505620569067833e+04 7.954971804881728817e-42
4.066511500640890881e+04 2.908138722926395058e-42
4.258141329127632343e+04 1.236966558614494692e-42
4.458801500000004307e+04 4.793459185628387229e-43
