1.776820000000000066e+00 0.000000000000000000e+00
1.860443540547136676e+00 0.000000000000000000e+00
1.948002705712208016e+00 0.000000000000000000e+00
2.039682720146453576e+00 0.000000000000000000e+00
2.135677525839467794e+00 0.000000000000000000e+00
2.236190192388495923e+00 0.000000000000000000e+00
2.341433346576488717e+00 1.891307804841753557e-43
2.451629622167633027e+00 3.406194957882319145e-43
2.567012130871889397e+00 6.134466352542592631e-43
2.687824955474807265e+00 1.104801043269507833e-42
2.814323666175808203e+00 1.989717238734989950e-42
2.946775861227203031e+00 2.786014285310064019e-42
3.085461733017624386e+00 3.887555694058570328e-42
3.230674660797387077e+00 5.424630642222491186e-42
3.382721831299631443e+00 7.569445690358784819e-42
3.541924888570130214e+00 1.056229921797430707e-41
3.708620614380429892e+00 1.314714450967660095e-41
3.883161640663671310e+00 1.632607557964877825e-41
4.065917195480211355e+00 2.027380291967216147e-41
4.257273884091066662e+00 2.517629671947907442e-41
4.457636506791482489e+00 3.126453538224430348e-41
4.667428915234698827e+00 3.648172410030005210e-41
4.887094909057374537e+00 4.249680323524746563e-41
5.117099174703453102e+00 4.950448584949728166e-41
5.357928268432437413e+00 5.766815236200664490e-41
5.610091645591580800e+00 6.717782186071714075e-41
5.874122738329324633e+00 7.532483587221501277e-41
6.150580084029812156e+00 8.434569048083127300e-41
6.440048506855578836e+00 9.444456817637549254e-41
6.743140354897904309e+00 1.057564153717343229e-40
7.060496795551901350e+00 1.184306225894182045e-40
7.392789171856628094e+00 1.294193590942322988e-40
7.740720422669419953e+00 1.413047057704930896e-40
8.105026569678766890e+00 1.543218347505816225e-40
8.486478274401333621e+00 1.685867868345634090e-40
8.885882468456888006e+00 1.842378055417172124e-40
9.304084060569818959e+00 1.981305619166433782e-40
9.741967723908270926e+00 2.130510513081041942e-40
1.020045976754192019e+01 2.293123694367901141e-40
1.068053009597725911e+01 2.470658267632528580e-40
1.118319426091566982e+01 2.664838585160058009e-40
1.170951560957461624e+01 2.843876260392270771e-40
1.226060753411654680e+01 3.036828527950869852e-40
1.283763582694402672e+01 3.246921560930481923e-40
1.344182114684352669e+01 3.476680611868120669e-40
1.407444160119480081e+01 3.728379022989192937e-40
1.473683544970832848e+01 3.969980029513120002e-40
1.543040393541040700e+01 4.231540968132009749e-40
1.615661424886449282e+01 4.534558822776577893e-40
1.691700263189956033e+01 4.864673158815213395e-40
1.771317762741102086e+01 5.209553216587435167e-40
1.854682348210898724e+01 5.560115924769559244e-40
1.941970370941210433e+01 5.921755463487718648e-40
2.033366482002398712e+01 6.293290576493652345e-40
2.129064022808398349e+01 6.673294378843257514e-40
2.229265434115547251e+01 7.059703940465601462e-40
2.334182684270369634e+01 7.441967494591131575e-40
2.444037717612243199e+01 7.824007827639972312e-40
2.559062923979505655e+01 8.203370408677095049e-40
2.679501630312207894e+01 8.577651822197243952e-40
2.805608615391468419e+01 8.943895566342924221e-40
2.937650648804298470e+01 9.291288004584815782e-40
3.075907055274063850e+01 9.623107563602962184e-40
3.220670305550363111e+01 9.939388967725869423e-40
3.372246635108309931e+01 1.026077856452986229e-39
3.530956691966024863e+01 1.059099018040835349e-39
3.697136214990756997e+01 1.092158465554183703e-39
3.871136744128524043e+01 1.125838885949581721e-39
4.053326364059716980e+01 1.160286166281762318e-39
4.244090482853813029e+01 1.195805484694970860e-39
4.443832647270377123e+01 1.232749395955240779e-39
4.652975396431070720e+01 1.270892453594530451e-39
4.871961155668519439e+01 1.311371883021376817e-39
5.101253172442937256e+01 1.354905962719971291e-39
5.341336496306351478e+01 1.401305099607933624e-39
5.592719004987464615e+01 1.449652119315011110e-39
5.855932478767763882e+01 1.498585165797774721e-39
6.131533725421635239e+01 1.548067689704174888e-39
6.420105758100201854e+01 1.597819592795798164e-39
6.722259028650623236e+01 1.647836971608098987e-39
7.038632718979815195e+01 1.698279442261698036e-39
7.369896093194429909e+01 1.748999871364134931e-39
7.716749913377357473e+01 1.801200984998571438e-39
8.079927921995802365e+01 1.856229944962669302e-39
8.460198394076799389e+01 1.916550082256624145e-39
8.858365762433696489e+01 1.982110724296132639e-39
9.275272319381637942e+01 2.051578315750226062e-39
9.711799998541904699e+01 2.125153311377455575e-39
1.016887224050436771e+02 2.202511416009400526e-39
1.064745594629475107e+02 2.283418044293572793e-39
1.114856352277904961e+02 2.367810907672714608e-39
1.167325502433207305e+02 2.455987607683711232e-39
1.222264039530060131e+02 2.548570273922744920e-39
1.279788181800492310e+02 2.646071614909690745e-39
1.340019617124576712e+02 2.746416245569151068e-39
1.403085760451743056e+02 2.848488190881785413e-39
1.469120023337261216e+02 2.950966850047013307e-39
1.538262096164083346e+02 3.054225116330135943e-39
1.610658243647058896e+02 3.157993119072659059e-39
1.686461614244643386e+02 3.262013102094583061e-39
1.765832564132632285e+02 3.366130092030997009e-39
1.848938996425265486e+02 3.470436605109334680e-39
1.935956716361303052e+02 3.575235157856192985e-39
2.027069803206420318e+02 3.680833239169107473e-39
2.122470999658682445e+02 3.787304867633386987e-39
2.222362119580835156e+02 3.894202640429124721e-39
2.326954474921944040e+02 4.000324041830596115e-39
2.436469322731500426e+02 4.105833102264991168e-39
2.551138333211623603e+02 4.210351834969335869e-39
2.671204079797477675e+02 4.313467170857143790e-39
2.796920552302639180e+02 4.414811965560328813e-39
2.928553694214932079e+02 4.514177741514918072e-39
3.066381965279333031e+02 4.611478259302431219e-39
3.210696930558058853e+02 4.706706418543581114e-39
3.361803877213932310e+02 4.801672741331401899e-39
3.520022460321799258e+02 4.896864686717455913e-39
3.685687379074150272e+02 4.991544065064138854e-39
3.859149084811409693e+02 5.086156043385334192e-39
4.040774522374677531e+02 5.180665949675132546e-39
4.230947906349213667e+02 5.274968127117499390e-39
4.430071533840696816e+02 5.368958984416576008e-39
4.638566635503692055e+02 5.462599034865567281e-39
4.856874266622566552e+02 5.555888891283778686e-39
5.085456240129876164e+02 5.648671834428260714e-39
5.324796103535954899e+02 5.739808577997263015e-39
5.575400161836331563e+02 5.828816287291750891e-39
5.837798548560836025e+02 5.914932058210415564e-39
6.112546347230139645e+02 5.998544221268672268e-39
6.400224765592073481e+02 6.079593186343342961e-39
6.701442365121727107e+02 6.157942029597673482e-39
7.016836348386242435e+02 6.233458414068532826e-39
7.347073906997637778e+02 6.306036204432478486e-39
7.692853633005126994e+02 6.375588517601927205e-39
8.054906996712644514e+02 6.442254265736775853e-39
8.433999894047780117e+02 6.509858095239327356e-39
8.830934266755455155e+02 6.579743036992856640e-39
9.246549798843750523e+02 6.651282096750800944e-39
9.681725692870567173e+02 6.725082525820826839e-39
1.013738252982873860e+03 6.801296967483274198e-39
1.061448421656400114e+03 6.879989566420245301e-39
1.111404002484552848e+03 6.961235885718388065e-39
1.163710672640233724e+03 7.045098131751334181e-39
1.218479082844231016e+03 7.131633297421395553e-39
1.275825091438271102e+03 7.220612091727002637e-39
1.335870009474393328e+03 7.306329262705596452e-39
1.398740857339110107e+03 7.386519733423278257e-39
1.464570633455224197e+03 7.460178409970000065e-39
1.533498595629720512e+03 7.527726912885276741e-39
1.605670555642900808e+03 7.589089103122999171e-39
1.681239187701943365e+03 7.644078371033459390e-39
1.760364351411395319e+03 7.692528103667925600e-39
1.843213429943821211e+03 7.734227290215786704e-39
1.929961684125974671e+03 7.768936735485009137e-39
2.020792623189542610e+03 7.796671904672965420e-39
2.115898392970750137e+03 7.819579470288350242e-39
2.215480182380038059e+03 7.838448193877547625e-39
2.319748649001662670e+03 7.852372313266150388e-39
2.428924364723545750e+03 7.862053666784487559e-39
2.543238282340067599e+03 7.867638891747885375e-39
2.662932224114864312e+03 7.869116850149772961e-39
2.788259393337149959e+03 7.866483418790976483e-39
2.919484909953725492e+03 7.859661123921141723e-39
3.056886371409736512e+03 7.848513577886507610e-39
3.200754439884636213e+03 7.833058660938609830e-39
3.351393457165576820e+03 7.813376268155578804e-39
3.509122088458952021e+03 7.789508109931741606e-39
3.674273996502028695e+03 7.760532392897177023e-39
3.847198547400700591e+03 7.727265133932658111e-39
4.028261549686496437e+03 7.689950114165752074e-39
4.217846028156280227e+03 7.648642380483139143e-39
4.416353034131620916e+03 7.603406190451161309e-39
4.624202493851894360e+03 7.554250182080360856e-39
4.841834096795802907e+03 7.501135184151181686e-39
5.069708225810510157e+03 7.444104530453629135e-39
5.308306931015999908e+03 7.382191364168555262e-39
5.558134949544867595e+03 7.315080786669424858e-39
5.819720773274746534e+03 7.241991964911747701e-39
6.093617766812051741e+03 7.163827611275770165e-39
6.380405338092068632e+03 7.080965734898571166e-39
6.680690164071689651e+03 6.993584616027245992e-39
6.995107474107656344e+03 6.901874034078471884e-39
7.324322393735204969e+03 6.806020380914642520e-39
7.669031351689754956e+03 6.706206732921001720e-39
8.029963553148141727e+03 6.602692851368437800e-39
8.407882522305801103e+03 6.496656858201086321e-39
8.803587717553267794e+03 6.388669919217508390e-39
9.217916222668636692e+03 6.278107514124628808e-39
9.651744517603654458e+03 6.165742319253669360e-39
1.010599033260935903e+04 6.051920267369318196e-39
1.058161458962353572e+04 5.936793316354506854e-39
1.107962343502687327e+04 5.820514244959867593e-39
1.160107036806791075e+04 5.703273110232368022e-39
1.214705846945933627e+04 5.585296241402345754e-39
1.271874273486003585e+04 5.466696792725420366e-39
1.331733251817920791e+04 5.346710903150750181e-39
1.394409408987114148e+04 5.225140620902571079e-39
1.460035331563257387e+04 5.101668023935579936e-39
1.528749846116916342e+04 4.976953000862675821e-39
1.600698312896436437e+04 4.851368159252082628e-39
1.676032933326321654e+04 4.725133042236999231e-39
1.754913071977591972e+04 4.598463852122966299e-39
1.837505593691225295e+04 4.471631001554994109e-39
1.923985216567841417e+04 4.344961253028532443e-39
2.014534881570347352e+04 4.218666669628447685e-39
2.109346139521416626e+04 4.093547532407157805e-39
2.208619556314460351e+04 3.970002128661318903e-39
2.312565137195281932e+04 3.847789122059706138e-39
2.421402771011956793e+04 3.727241490295312782e-39
2.535362695372706730e+04 3.608528399791566417e-39
2.654685983695776667e+04 3.491716765201850021e-39
2.779625055181633070e+04 3.376868585304977211e-39
2.910444208786285526e+04 3.264091429324358490e-39
3.047420182325315545e+04 3.153544491164986334e-39
3.190842737891351135e+04 3.045278337434107911e-39
3.341015274823395157e+04 2.939824172207794486e-39
3.498255471524691529e+04 2.837388082767124250e-39
3.662895957486853149e+04 2.737743387105453177e-39
3.835285016941859794e+04 2.640957542396814276e-39
4.015787325630451232e+04 2.547023869457192293e-39
4.204784722245491866e+04 2.455882662939373099e-39
4.402677016182230727e+04 2.367474938930653154e-39
4.609882833304202359e+04 2.281773361257074111e-39
4.826840501513904746e+04 2.198788492004835814e-39
5.054008978001624200e+04 2.118446035680439358e-39
5.291868820133923873e+04 2.040341880350955343e-39
5.540923202035634313e+04 1.964277421742579796e-39
5.801698979015855730e+04 1.890164730106155428e-39
6.074747802089669858e+04 1.818044452923337750e-39
6.360647284953254712e+04 1.747925166858239974e-39
6.660002225881049526e+04 1.679787958404997265e-39
6.973445887129788753e+04 1.613612464942183744e-39
7.301641334555899084e+04 1.549393294668874931e-39
7.645282840280105302e+04 1.487144942392549321e-39
8.005097351366480871e+04 1.426844417298257890e-39
8.381846027622809925e+04 1.368725071596407524e-39
8.776325851775363844e+04 1.312857857027343622e-39
9.189371315424366912e+04 1.259130642903969597e-39
9.621856184346420923e+04 1.207485713094761812e-39
1.007469534687859123e+05 1.157857212903072194e-39
1.054884674929400353e+05 1.110170762676364791e-39
1.104531342226319393e+05 1.064354563868889623e-39
1.156514560268803179e+05 1.020346848238882824e-39
1.210944295539675950e+05 9.780988192415205202e-40
1.267935689940001321e+05 9.375436259712213714e-40
1.327609304362880066e+05 8.986148334268130580e-40
1.390091373730708729e+05 8.612490275837243629e-40
1.455514074035407393e+05 8.253756091534009985e-40
1.524015801946522843e+05 7.909436276164004205e-40
1.595741467578692827e+05 7.579010745888545319e-40
1.670842801037801837e+05 7.261939388779813410e-40
1.749478673394301732e+05 6.957702291825631092e-40
1.831815432762689888e+05 6.665835390719537529e-40
1.918027256198097894e+05 6.385948493918464095e-40
2.008296518154399237e+05 6.117563425153230782e-40
2.102814176283279958e+05 5.860015872842664225e-40
2.201780175390403019e+05 5.612772088600204464e-40
2.305403870403202018e+05 5.375422990187696483e-40
2.413904469245058717e+05 5.147607613464480406e-40
2.527511496552737080e+05 4.928972940846578090e-40
2.646465279218021897e+05 4.719170101361990384e-40
2.771017454780700500e+05 4.517862690312092545e-40
2.901431503748337855e+05 4.324745697292291719e-40
3.037983306968944962e+05 4.139557427653457213e-40
3.180961729235601961e+05 3.961992890593664142e-40
3.330669230357619817e+05 3.791924933805593293e-40
3.487422504990903544e+05 3.629144969127241346e-40
3.651553152581038303e+05 3.473353552755127420e-40
3.823408378836306510e+05 3.324243859035006493e-40
4.003351730214544223e+05 3.181524471476634955e-40
4.191763862977596000e+05 3.044921929258953440e-40
4.389043348440236878e+05 2.914174468891868714e-40
4.595607516117003979e+05 2.789043791026973352e-40
4.811893336550551467e+05 2.669324011818569194e-40
5.038358345689086709e+05 2.554784112369586179e-40
5.275481612768326886e+05 2.445393518298175845e-40
5.523764753745469498e+05 2.341032943761373463e-40
5.783732992429004516e+05 2.241484053724443176e-40
6.055936271549117519e+05 2.146497547165654273e-40
6.340950416119046276e+05 2.055840098251772295e-40
6.639378351548473584e+05 1.969302662898126780e-40
6.951851379085588269e+05 1.886686834456627205e-40
7.279030511286166729e+05 1.807814464054294554e-40
7.621607870334569598e+05 1.732536398208698522e-40
7.980308152174766874e+05 1.660679436321355006e-40
8.355890159548632801e+05 1.592017252902225411e-40
8.749148407184542157e+05 1.526360086137207205e-40
9.160914802531911992e+05 1.463602669729932137e-40
9.592060405597159406e+05 1.403593959075387752e-40
1.004349727160386625e+06 1.346192242667831197e-40
1.051618038037516875e+06 1.291278822893451409e-40
1.101110965651980136e+06 1.238740694310784371e-40
1.152933208469539182e+06 1.188492129506033159e-40
1.207194392442362849e+06 1.140508590171321196e-40
1.264009302914262284e+06 1.094687415280118565e-40
1.323498127440218115e+06 1.050923060958159007e-40
1.385786710033872165e+06 1.009115626326370025e-40
1.451006817380818306e+06 9.691793331015032522e-41
1.519296417580847861e+06 9.308876805682435161e-41
1.590799972008809913e+06 8.941389931613999643e-41
1.665668740911491681e+06 8.588699491872930991e-41
1.744061103386987234e+06 8.250199231709272442e-41
1.826142892423448851e+06 7.926142783337366613e-41
1.912087745705963578e+06 7.619358842731250221e-41
2.002077472933665849e+06 7.329209557508643127e-41
2.096302440424113534e+06 7.054691431093866783e-41
2.194961973818530329e+06 6.794870380988069796e-41
2.298264779739803635e+06 6.548801160211524239e-41
2.406429387295227498e+06 6.313290981500355087e-41
2.519684610357948579e+06 6.087351986790969747e-41
2.638270031605043914e+06 5.870559942339449274e-41
2.762436509336170275e+06 5.662511591762605914e-41
2.892446708144920878e+06 5.463190591989556099e-41
3.028575654565486126e+06 5.273747804824359943e-41
3.171111318870046176e+06 5.093816906219228545e-41
3.320355224247638136e+06 4.922869003505038596e-41
3.476623084653177299e+06 4.760408615898839683e-41
3.640245472675940488e+06 4.606725192577692702e-41
3.811568518840350676e+06 4.462226056015652042e-41
3.990954643818365410e+06 4.326206665602811725e-41
4.178783325102417264e+06 4.198163428429457207e-41
4.375451899760730565e+06 4.077873680298658134e-41
4.581376404973238707e+06 3.965004199036025525e-41
4.796992458126047626e+06 3.858656369388208141e-41
5.022756178326413035e+06 3.758406673304484404e-41
5.259145151287467219e+06 3.663925939033652307e-41
5.506659439623913728e+06 3.575070946265837579e-41
5.765822640695864335e+06 3.492893858298102657e-41
6.037182994238615036e+06 3.419225532611384011e-41
6.321314542121459730e+06 3.353509348218869364e-41
6.618818342688933946e+06 3.295344342848210621e-41
6.930323742253312841e+06 3.244383995699184047e-41
7.256489706428133883e+06 3.198191234285355958e-41
7.598006214119049720e+06 3.145402975827532923e-41
7.955595717120918445e+06 3.084826169385548801e-41
8.330014668408774771e+06 3.020180631041935319e-41
8.722055122355671600e+06 2.972933251292435186e-41
9.132546410262534395e+06 2.943461322124405831e-41
9.562356894744470716e+06 2.919839117761274771e-41
1.001239580668482371e+07 2.901266115017795008e-41
1.048361516864286736e+07 2.898384742583852096e-41
1.097701180878400803e+07 2.915626903698500971e-41
1.149362946959278360e+07 2.953319402462817308e-41
1.203456101582946442e+07 3.011017061414493965e-41
1.260095074640105106e+07 3.090196229780023688e-41
1.319399681503723189e+07 3.194867779149188967e-41
1.381495376489206217e+07 3.327443535105636709e-41
1.446513518243310228e+07 3.492058573923768614e-41
1.514591647623214126e+07 3.694118828130678897e-41
1.585873778653579950e+07 3.940699406626826918e-41
1.660510703177098557e+07 4.241041510136482825e-41
1.738660309842987359e+07 4.607394288238081019e-41
1.820487918108232319e+07 5.056393298412099542e-41
1.906166627958130464e+07 5.611418044930366289e-41
1.995877686085940897e+07 6.307064702248610505e-41
2.089810869306262955e+07 7.198237501803815264e-41
2.188164886013233662e+07 8.385189872507072689e-41
2.291147796532784402e+07 1.009372339540931135e-40
2.398977453258194029e+07 1.308937770347142042e-40
2.511881961499998719e+07 8.787355055139382927e-41
