1.776820000000000066e+00 0.000000000000000000e+00
1.860449646316932215e+00 0.000000000000000000e+00
1.948015491991759829e+00 0.000000000000000000e+00
2.039702802251198488e+00 0.000000000000000000e+00
2.135705562206581476e+00 0.000000000000000000e+00
2.236226887272958930e+00 0.000000000000000000e+00
2.341479452905410596e+00 4.927712696711333776e-44
2.451685944561764696e+00 8.873663694089554205e-44
2.567079528843737357e+00 1.597940306226718097e-43
2.687904346813278167e+00 2.877518587913936991e-43
2.814416030527857160e+00 5.181741265005244547e-43
2.946882243887539499e+00 7.253951118695111708e-43
3.085583248938113865e+00 1.012173207233710717e-42
3.230812498828449897e+00 1.412327094247225273e-42
3.382877258676575405e+00 1.970679820269579560e-42
3.542099255658101686e+00 2.749775837674305685e-42
3.708815359692363423e+00 3.422265941945303136e-42
3.883378296166445143e+00 4.249735862312835510e-42
4.066157392205015597e+00 5.277313742030871878e-42
4.257539358064857282e+00 6.553402255074341472e-42
4.457929105307336215e+00 8.138117159479702879e-42
4.667750603479809079e+00 9.495321987666529614e-42
4.887447777118479664e+00 1.106094431849557041e-41
5.117485444970539810e+00 1.288491110092793625e-41
5.358350303422681371e+00 1.500975276010961026e-41
5.610551956216697889e+00 1.748494140862130053e-41
5.874623992630727543e+00 1.960425702222415150e-41
6.151125116407289539e+00 2.195232834746655845e-41
6.440640327816627320e+00 2.458109109280226329e-41
6.743782161356253191e+00 2.752555497576775811e-41
7.061191981705337462e+00 3.082451402187659865e-41
7.393541340675844786e+00 3.368294397851966079e-41
7.741533398031309687e+00 3.677595539235239836e-41
8.105904409179359504e+00 4.016260165344934855e-41
8.487425282885492805e+00 4.387272795942536433e-41
8.886903212303836952e+00 4.794167929245472693e-41
9.305183382775680911e+00 5.154808930140990577e-41
9.743150760009010369e+00 5.541965031110802720e-41
1.020173196242236813e+01 5.963371392505670867e-41
1.068189722161437061e+01 6.422801082651362058e-41
1.118466243510669500e+01 6.924543740244579505e-41
1.171109131570363182e+01 7.385414474405688167e-41
1.226229764201557693e+01 7.881313013196087424e-41
1.283944761490799813e+01 8.420196023047389556e-41
1.344376232486147948e+01 9.008209861420115175e-41
1.407652033546303905e+01 9.650900356724416492e-41
1.473906038849479039e+01 1.026431486427523738e-40
1.543278423634303920e+01 1.092695415876438922e-40
1.615915960772050397e+01 1.164775487887894078e-40
1.691972331297625232e+01 1.243395329436518107e-40
1.771608449556343601e+01 1.329104432413095003e-40
1.854992803654386790e+01 1.413462144403403412e-40
1.942301811933262812e+01 1.504260342827351869e-40
2.033720196222451193e+01 1.602334163261780896e-40
2.129441372659954723e+01 1.708541800287837545e-40
2.229667860907607491e+01 1.823376342134278326e-40
2.334611712626934121e+01 1.938318906062936245e-40
2.444494960122099414e+01 2.061003496381095527e-40
2.559550086099145361e+01 2.192177613916595610e-40
2.680020515535410297e+01 2.332724079459336606e-40
2.806161130699776152e+01 2.483003616079268791e-40
2.938238810413390922e+01 2.634749613958216015e-40
3.076532994691797285e+01 2.795055571123405209e-40
3.221336275963083295e+01 2.964527424463931055e-40
3.372955018112933345e+01 3.144058247657131840e-40
3.531710004666273761e+01 3.333870192576032437e-40
3.697937117476919155e+01 3.525949071887547701e-40
3.871988047361124075e+01 3.726850921501385779e-40
4.054231038178539137e+01 4.031347377065339598e-40
4.245051665934867913e+01 4.310448446935548318e-40
4.444853654554557210e+01 4.599304064595289200e-40
4.654059730049498000e+01 4.894039316690367584e-40
4.873112514890911484e+01 5.196090144091677707e-40
5.102475464476655986e+01 5.504586065502042346e-40
5.342633847675296010e+01 5.818773702796847899e-40
5.594095773521445381e+01 6.137489661146773931e-40
5.857393266234631568e+01 6.456687701405041973e-40
6.133083390836103632e+01 6.777217978373519418e-40
6.421749431745072911e+01 7.097907440593829415e-40
6.724002126848009198e+01 7.417776929355392841e-40
7.040480959651894466e+01 7.735499373624123094e-40
7.371855512255299914e+01 8.047212080772286436e-40
7.718826881999811462e+01 8.353521673449580581e-40
8.082129164799009402e+01 8.654184595946307276e-40
8.462531008283383471e+01 8.957062606371795239e-40
8.860837238047123776e+01 9.263037951064054088e-40
9.277890560437563749e+01 9.567488284316115199e-40
9.714573345489851874e+01 9.872281272706427674e-40
1.017180949377904398e+02 1.017684126588234412e-39
1.065056639113947625e+02 1.048079063925214272e-39
1.115185695538683319e+02 1.078419685698568597e-39
1.167674177937352340e+02 1.108824692551122402e-39
1.222633137491114894e+02 1.139495053811258680e-39
1.280178852230785651e+02 1.170731367929538315e-39
1.340433073049145491e+02 1.203935114583412098e-39
1.403523281292308695e+02 1.239404447113687684e-39
1.469582958475172916e+02 1.276725727881092507e-39
1.538751868691554421e+02 1.316204411484432943e-39
1.611176354316542643e+02 1.357871053897828690e-39
1.687009645626691281e+02 1.401758897072859402e-39
1.766412184993093888e+02 1.447934034920768221e-39
1.849551966333293365e+02 1.496553214788439283e-39
1.936604890540156134e+02 1.547841874351504453e-39
2.027755137639759084e+02 1.601746369177150861e-39
2.123195556465614686e+02 1.655252598868949215e-39
2.223128072673727615e+02 1.707227548245610677e-39
2.327764115961707887e+02 1.757120035730501270e-39
2.437325067395798897e+02 1.804930180881376377e-39
2.552042727792296830e+02 1.850441518320739978e-39
2.672159808144257909e+02 1.893428780487944595e-39
2.797930443131157290e+02 1.933686087432680399e-39
2.929620728797931974e+02 1.971076703170760056e-39
3.067509285540945143e+02 2.005512277541790604e-39
3.211887847592080334e+02 2.037188020134699440e-39
3.363061880248050670e+02 2.070073555718356200e-39
3.521351226150898128e+02 2.105382771891456869e-39
3.687090781986997854e+02 2.142900784326829158e-39
3.860631207036237242e+02 2.182863242786253093e-39
4.042339665070565502e+02 2.225345928527742896e-39
4.232600601171442918e+02 2.270420846547051540e-39
4.431816555109825799e+02 2.318181652849753374e-39
4.640409013009536352e+02 2.368779780418289165e-39
4.858819299095852102e+02 2.422411490682434469e-39
5.087509509416129276e+02 2.478975984554939269e-39
5.326963489507812710e+02 2.534787987575490969e-39
5.577687858082425691e+02 2.588479365692576865e-39
5.840213078891333680e+02 2.639651410516151488e-39
6.115094583040993257e+02 2.688280191679678646e-39
6.402913944132332063e+02 2.734205877784263955e-39
6.704280108710368040e+02 2.777257616252793188e-39
7.019830684627503388e+02 2.817278553034674339e-39
7.350233290046257935e+02 2.854149362465634560e-39
7.696186965935488615e+02 2.887780822824688129e-39
8.058423655048721912e+02 2.918365759108450394e-39
8.437709750513502058e+02 2.950189727327135703e-39
8.834847717308318806e+02 2.984722604151476977e-39
9.250677790057644643e+02 3.021827979376992393e-39
9.686079750737067116e+02 3.061750387265631098e-39
1.014197479004985553e+03 3.104606453340914038e-39
1.061932745641286374e+03 3.150501343405300213e-39
1.111914769667551582e+03 3.199556791394860714e-39
1.164249299288937891e+03 3.251919841072920083e-39
1.219047059964903156e+03 3.307761556595907693e-39
1.276423988673811209e+03 3.367029660376360072e-39
1.336501479203656572e+03 3.426172142629956832e-39
1.399406638987909901e+03 3.483825332676584142e-39
1.465272558029865195e+03 3.539656642850436453e-39
1.534238590484442739e+03 3.593713155264724502e-39
1.606450649493235915e+03 3.645902852593233871e-39
1.682061515896544506e+03 3.696105364605831444e-39
1.761231161475584258e+03 3.744204036546053792e-39
1.844127087408748139e+03 3.790076187095852336e-39
1.930924678657983350e+03 3.833596422639500517e-39
2.021807575035109039e+03 3.874682402460219674e-39
2.116968059733098926e+03 3.913603793040845052e-39
2.216607466144394948e+03 3.950414258453654167e-39
2.320936603826956798e+03 3.984795198684006111e-39
2.430176204519242674e+03 4.016886247973866829e-39
2.544557389147832509e+03 4.046667601224382428e-39
2.664322156815672770e+03 4.074081742735845751e-39
2.789723896805574896e+03 4.099076208843299851e-39
2.921027924682201046e+03 4.121578214482169615e-39
3.058512043626748891e+03 4.141500334279366323e-39
3.202467132192042754e+03 4.158906478376271305e-39
3.353197759721462262e+03 4.175667898709569289e-39
3.511022830733850697e+03 4.192492135109330087e-39
3.676276259637706517e+03 4.209073054427129059e-39
3.849307677202137256e+03 4.225658823780972377e-39
4.030483170279359456e+03 4.242306755756459720e-39
4.220186056343684868e+03 4.259017572853340334e-39
4.418817694485795982e+03 4.275793205496553878e-39
4.626798334578125832e+03 4.292594740349085806e-39
4.844568006407875146e+03 4.309349038154789463e-39
5.072587450658964372e+03 4.325971245063613495e-39
5.311339093712465001e+03 4.340669824873260878e-39
5.561328068328049994e+03 4.352713998604306180e-39
5.823083282365885680e+03 4.361713057930793887e-39
6.097158537810046255e+03 4.367940117317169039e-39
6.384133702461121175e+03 4.371454546411592306e-39
6.684615936776829585e+03 4.372244937172841510e-39
6.999240978456441553e+03 4.370305307812557371e-39
7.328674487486785438e+03 4.365588528238682204e-39
7.673613454495507540e+03 4.358010964867161611e-39
8.034787675391444282e+03 4.347566952003035007e-39
8.412961295411840183e+03 4.333934221732224189e-39
8.808934425843353893e+03 4.317000331618544555e-39
9.223544836837339972e+03 4.296402033228665937e-39
9.657669729900826496e+03 4.272503100003765211e-39
1.011222759381352262e+04 4.245446335795462947e-39
1.058818014789719746e+04 4.215290517210906145e-39
1.108653437674908855e+04 4.182101753513886694e-39
1.160834466074411648e+04 4.145918123235639361e-39
1.215471500681354883e+04 4.106750936710829266e-39
1.272680138421975244e+04 4.064724997809863716e-39
1.332581417026907184e+04 4.020832754193401905e-39
1.395302071113690181e+04 3.975523297894263151e-39
1.460974800322344890e+04 3.928461246348122603e-39
1.529738550071283862e+04 3.880017921790257028e-39
1.601738805527567456e+04 3.830352157859272297e-39
1.677127899413485648e+04 3.779525680717992708e-39
1.756065334300649556e+04 3.727601441437798536e-39
1.838718120073541650e+04 3.674634037623955061e-39
1.925261127276458501e+04 3.620669464509220465e-39
2.015877457091448014e+04 3.565746796839493299e-39
2.110758828730009554e+04 3.509205969870699036e-39
2.210105985058188162e+04 3.450828940515346406e-39
2.314129117313202005e+04 3.390406127126751775e-39
2.423048309810258070e+04 3.328320163684398490e-39
2.537094005580383600e+04 3.264785188164658463e-39
2.656507493924441587e+04 3.199926724140123176e-39
2.781541420914898117e+04 3.133871273664977048e-39
2.912460323925339617e+04 3.066760777520602123e-39
3.049541191318759593e+04 2.998753167196480091e-39
3.193074048478689292e+04 2.929989635120571457e-39
3.343362571423072222e+04 2.861074885052462296e-39
3.500724729299156024e+04 2.792314936466265088e-39
3.665493457118648075e+04 2.723543016432265080e-39
3.838017360156583891e+04 2.655007246086605777e-39
4.018661451504128490e+04 2.586839893450167012e-39
4.207807924335798452e+04 2.519101898471348721e-39
4.405856960525053000e+04 2.451852058474318053e-39
4.613227577318936528e+04 2.385172825687298199e-39
4.830358513863271219e+04 2.319173536738962695e-39
5.057709159453916800e+04 2.253888210574288073e-39
5.295760525478063937e+04 2.188940782689368261e-39
5.545016263101968798e+04 2.124209615520608994e-39
5.806003728858128306e+04 2.059647153889259917e-39
6.079275100386588747e+04 1.995449665659058862e-39
6.365408544690833514e+04 1.931746791194688225e-39
6.665009441380004864e+04 1.868620091750813305e-39
6.978711663485581812e+04 1.806147456746185728e-39
7.307178918562152830e+04 1.744425348428580762e-39
7.651106152909978118e+04 1.683573111293924092e-39
8.011221021890050906e+04 1.623667362854114747e-39
8.388285429442540044e+04 1.565343733492326380e-39
8.783097140065878921e+04 1.508871931583621839e-39
9.196491466666759516e+04 1.454131176539767297e-39
9.629343037852380075e+04 1.401126875405145942e-39
1.008256764840382384e+05 1.349835795076736226e-39
1.055712419684571796e+05 1.300211299395101680e-39
1.105401671421165374e+05 1.252207800206873175e-39
1.157429648829737271e+05 1.205794731906423216e-39
1.211906428789644851e+05 1.160960445387219388e-39
1.268947269172404776e+05 1.117656358343700669e-39
1.328672852695621259e+05 1.075744176458553741e-39
1.391209542254408880e+05 1.035141760180379078e-39
1.456689648270481848e+05 9.957878623335555578e-40
1.525251708624596649e+05 9.576770187267891752e-40
1.597040781764572894e+05 9.207918947375744451e-40
1.672208753609038540e+05 8.851035972490535970e-40
1.750914658896239125e+05 8.505834726616866682e-40
1.833325017657748831e+05 8.172103680216913697e-40
1.919614187529037299e+05 7.849733424109334300e-40
2.009964732642228482e+05 7.538423805306769648e-40
2.104567809881549620e+05 7.237833381978059111e-40
2.203623573318699491e+05 6.947645773427138119e-40
2.307341597683744330e+05 6.667443880181283190e-40
2.415941321767578775e+05 6.397036866689163122e-40
2.529652512694001489e+05 6.136196720276477527e-40
2.648715752043699613e+05 5.884650483124669786e-40
2.773382944858674891e+05 5.642130668852886623e-40
2.903917852603941574e+05 5.408409356845892417e-40
3.040596651214209269e+05 5.183314313047030719e-40
3.183708515406133956e+05 4.966591124117817388e-40
3.333556230492417817e+05 4.758388461093211859e-40
3.490456832992215059e+05 4.558622483880249715e-40
3.654742281393100275e+05 4.366917520738876684e-40
3.826760158483883715e+05 4.182985822679514409e-40
4.006874406744111911e+05 4.006540014416508769e-40
4.195466098346168292e+05 3.837286662233623847e-40
4.392934241399135208e+05 3.674944075717204449e-40
4.599696624140073545e+05 3.519258085317879137e-40
4.816190698858968099e+05 3.370011070722446417e-40
5.042874507427352946e+05 3.226950072459749139e-40
5.280227650388828479e+05 3.089934092749433382e-40
5.528752301661837846e+05 2.958769859128473235e-40
5.788974271001393208e+05 2.833195469260967301e-40
6.061444116467828862e+05 2.712975288756383950e-40
6.346738309256101493e+05 2.597882684101368056e-40
6.645460453350153985e+05 2.487697620676202978e-40
6.958242562582850223e+05 2.382210015287000208e-40
7.285746397803205764e+05 2.281228023361893485e-40
7.628664866980247898e+05 2.184583751325769450e-40
7.987723491205533501e+05 2.092089811554053277e-40
8.363681939696064219e+05 2.003442891781085459e-40
8.757335637045319891e+05 1.918409528965379934e-40
9.169517446122645633e+05 1.836853057948397865e-40
9.601099430181910284e+05 1.758633549633025394e-40
1.005299469790729694e+06 1.683617572396329529e-40
1.052615933529991657e+06 1.611679522580683356e-40
1.102159442849270767e+06 1.542698783187085531e-40
1.154034818177301902e+06 1.476576357391707472e-40
1.208351813529444393e+06 1.413257042895203490e-40
1.265225348716966109e+06 1.352628263754544031e-40
1.324775752485729055e+06 1.294576682760554216e-40
1.387129017098706448e+06 1.238993961299317751e-40
1.452417064900914673e+06 1.185852818554912895e-40
1.520778027430794667e+06 1.135287930886464206e-40
1.592356537668523146e+06 1.087183305733456507e-40
1.667304036039584083e+06 1.041408174044624595e-40
1.745779090821039397e+06 9.978394071735743273e-41
1.827947733628335875e+06 9.563094068687835068e-41
1.913983810692516388e+06 9.165068530612370631e-41
2.004069350670989603e+06 8.783376971551750114e-41
2.098394949770061765e+06 8.417358157788721186e-41
2.197160174994062167e+06 8.066377719917555375e-41
2.300573986374170519e+06 7.730198337902387271e-41
2.408855179070340469e+06 7.409048639156758260e-41
2.522232846281630918e+06 7.102250647491420257e-41
2.640946863944351207e+06 6.809125702046297338e-41
2.765248398243537173e+06 6.529029468928875644e-41
2.895400437011433300e+06 6.261400694004906836e-41
3.031678346137376968e+06 6.005819625609894035e-41
3.174370452166222502e+06 5.761716960050678625e-41
3.323778652317938861e+06 5.528537999818403374e-41
3.480219053219055291e+06 5.305757158854207573e-41
3.644022639697236009e+06 5.093153147904916862e-41
3.815535975054096431e+06 4.890634629130557634e-41
3.995121934297749773e+06 4.697647630228363222e-41
4.183160471886434592e+06 4.513696688441171795e-41
4.380049425607598387e+06 4.338314288997601234e-41
4.586205358293097466e+06 4.171219301232963963e-41
4.802064439151527360e+06 4.012630310433113579e-41
5.028083366582198068e+06 3.862135263146093487e-41
5.264740334423230961e+06 3.719273151261562565e-41
5.512536043678139336e+06 3.583612296973893870e-41
5.771994761861269362e+06 3.454816376367880322e-41
6.043665432203592733e+06 3.331895606759268059e-41
6.328122835065481253e+06 3.214387553121520304e-41
6.625968804013720714e+06 3.102026225076168425e-41
6.937833499135736376e+06 2.994560080923423750e-41
7.264376740284807049e+06 2.891789433661420027e-41
7.606289403077309020e+06 2.793607683509634888e-41
7.964294880595341325e+06 2.699794252174280157e-41
8.339150613887357526e+06 2.610131736263068654e-41
8.731649694504996762e+06 2.524415002697119689e-41
9.142622542466416955e+06 2.442826241003922375e-41
9.572938663196533918e+06 2.365771353996695057e-41
1.002350848716115579e+07 2.292949863795266908e-41
1.049528529608722962e+07 2.224119239601944714e-41
1.098926723984466307e+07 2.159161898107607974e-41
1.150649944825658388e+07 2.098003510757489929e-41
1.204807624230645038e+07 2.040655125941039144e-41
1.261514344942001998e+07 1.986924764849915821e-41
1.320890082772076130e+07 1.936605854445633160e-41
1.383060460438791476e+07 1.889602937955357337e-41
1.448157013348726369e+07 1.846479371686509132e-41
1.516317467889839225e+07 1.808654025266117928e-41
1.587686032822592556e+07 1.775891959586506071e-41
1.662413704385993443e+07 1.747948920770536369e-41
1.740658585764086619e+07 1.724623527425467744e-41
1.822586221588752791e+07 1.704054759258248346e-41
1.908369948186597601e+07 1.677266908446710710e-41
1.998191260310903564e+07 1.643326002191477919e-41
2.092240195134565979e+07 1.605160495110358143e-41
2.190715734316461161e+07 1.579398339925283789e-41
2.293826224991839379e+07 1.565706042485524698e-41
2.401789820577533916e+07 1.554006859791729318e-41
2.514834942324536294e+07 1.543859876999100809e-41
2.633200762594488263e+07 1.543076124446627110e-41
2.757137710882584751e+07 1.554745793074937077e-41
2.886908003657423705e+07 1.578965945580751981e-41
3.022786199138898402e+07 1.615445450163931606e-41
3.165059778187812865e+07 1.665209287956568001e-41
3.314029752536247298e+07 1.730662863562649899e-41
3.470011301645554602e+07 1.813631802391230078e-41
3.633334439539308101e+07 1.916915572857381707e-41
3.804344713022162020e+07 2.044210191179770395e-41
3.983403932761774212e+07 2.200284357273939191e-41
4.170890938780578226e+07 2.391569616876391702e-41
4.367202401977030933e+07 2.626345736162420733e-41
4.572753663371995091e+07 2.916018999620142296e-41
4.787979612856050581e+07 3.276453557365617946e-41
5.013335609296792001e+07 3.730816559544105494e-41
5.249298443952839077e+07 4.315690155932620779e-41
5.496367349232947826e+07 5.096418666459328070e-41
5.755065054934307933e+07 6.220813293220934034e-41
6.025938894194951653e+07 8.221920396327081919e-41
6.309561961499997228e+07 6.101422209090307280e-41
