1.776820000000000066e+00 0.000000000000000000e+00
1.860563530412613797e+00 0.000000000000000000e+00
1.948253987855522285e+00 0.000000000000000000e+00
2.040077395450818454e+00 0.000000000000000000e+00
2.136228543800128943e+00 0.000000000000000000e+00
2.236911404205808473e+00 2.548440845742342417e-42
2.342339561367722034e+00 4.647189524093449029e-42
2.452736666473509963e+00 8.474346386703365620e-42
2.568336911643508635e+00 1.545332857838235676e-41
2.689385526736796983e+00 2.817979738545326833e-41
2.816139299572270716e+00 5.138043253503126202e-41
2.948867120668322350e+00 7.201465548517951335e-41
3.087850553656720010e+00 1.009355736349694035e-40
3.233384432580729051e+00 1.414711633269894840e-40
3.385777487344574066e+00 1.982859666675550427e-40
3.545352998641037701e+00 2.778913009541002195e-40
3.712449483746534273e+00 3.456899113999472193e-40
3.887421414638475792e+00 4.300318223317033186e-40
4.070639969958329552e+00 5.805989749267483620e-40
4.262493822415532208e+00 7.098382723015969259e-40
4.463389963302641483e+00 8.626018232749500805e-40
4.673754565870818389e+00 1.023264323568403875e-39
4.894033889397171322e+00 1.205952051221315336e-39
5.124695225861807479e+00 1.411598547895379875e-39
5.366227891242844272e+00 1.640704165120301781e-39
5.619144263532277250e+00 1.893259629274830112e-39
5.883980869674699576e+00 2.145366268094921667e-39
6.161299523734673045e+00 2.412850933240244379e-39
6.451688518707205944e+00 2.692959633500875153e-39
6.755763874499614019e+00 2.982493119728982988e-39
7.074170644732161506e+00 3.277856083773072474e-39
7.407584285129696688e+00 3.549393645707337973e-39
7.756712086407123508e+00 3.814147441202064592e-39
8.122294674688390614e+00 4.072202816380422844e-39
8.505107582641915798e+00 4.351004115079885331e-39
8.905962894665375273e+00 4.658749072977093352e-39
9.325710969609948719e+00 4.971914008253635802e-39
9.765242244698463026e+00 5.317152590886892117e-39
1.022548912446425184e+01 5.698687908613644404e-39
1.070742795871781716e+01 6.121024857441108621e-39
1.121208111373732130e+01 6.589424524683850448e-39
1.174051914107659123e+01 7.077411550680777963e-39
1.229386304859148815e+01 7.608440439104031712e-39
1.287328667850235497e+01 8.186241463789094437e-39
1.348001919753717992e+01 8.815814858992469326e-39
1.411534770443802955e+01 9.502286784285659810e-39
1.478061996036222148e+01 1.021202999816266937e-38
1.547724724797035023e+01 1.096096698018312589e-38
1.620670736526639644e+01 1.174905360040796294e-38
1.697054776054082481e+01 1.257704719200493788e-38
1.777038881506720713e+01 1.344468676616893745e-38
1.860792728051589862e+01 1.431277078863029072e-38
1.948493987837701269e+01 1.519318255050760703e-38
2.040328706902818467e+01 1.608006870847886687e-38
2.136491699844279424e+01 1.696968114809014463e-38
2.237186963091094327e+01 1.785719776979848921e-38
2.342628107654033442e+01 1.872731697108124497e-38
2.453038812271703861e+01 1.962325246370684271e-38
2.568653297913916589e+01 2.054265860577873185e-38
2.689716824648934335e+01 2.148543925612975652e-38
2.816486211928628691e+01 2.244946216340767480e-38
2.949230383395268262e+01 2.341609448408641547e-38
3.088230937365656814e+01 2.442470611175660264e-38
3.233782744202846260e+01 2.547506865268345113e-38
3.386194571842638368e+01 2.656969548592100745e-38
3.545789740801863843e+01 2.770870621237847127e-38
3.712906810057936013e+01 2.884013659239018148e-38
3.887900295254684835e+01 2.996268515044276916e-38
4.071141420758041107e+01 3.107069851602507394e-38
4.263018907156945403e+01 3.216149135660423453e-38
4.463939795880082784e+01 3.322988216293658595e-38
4.674330312677709287e+01 3.424024477256613324e-38
4.894636771800370667e+01 3.520955633891941079e-38
5.125326522792570927e+01 3.613229980593484805e-38
5.366888941909900979e+01 3.700620773456966343e-38
5.619836470262776373e+01 3.782679738352632178e-38
5.884705700889044522e+01 3.860781332639883611e-38
6.162058517061579010e+01 3.942072109340461821e-38
6.452483284245565187e+01 4.026423782072419022e-38
6.756596098234095393e+01 4.113987514157589032e-38
7.075042092109789849e+01 4.204686182487467390e-38
7.408496804805008651e+01 4.293246938063941713e-38
7.757667614163831615e+01 4.379159346122213911e-38
8.123295237545872283e+01 4.462119245637378012e-38
8.506155303155253478e+01 4.542100837469853316e-38
8.907059995428075183e+01 4.618635359532356421e-38
9.326859777968853393e+01 4.685654862413410522e-38
9.766445197690894986e+01 4.743513640045245149e-38
1.022674877398784190e+02 4.791833561248476004e-38
1.070874697694403750e+02 4.829669942064717400e-38
1.121346229878006824e+02 4.854514822228230500e-38
1.174196542292803258e+02 4.878555933128254306e-38
1.229537749533763531e+02 4.914320049370697564e-38
1.287487250283156754e+02 4.945802278123150761e-38
1.348167976355544511e+02 4.970161653401579231e-38
1.411708653480544342e+02 4.997397916810284500e-38
1.478244074376582091e+02 5.009721856206483225e-38
1.547915384694915417e+02 4.994811307836290433e-38
1.620870382440523372e+02 4.978459877697153142e-38
1.697263831505038922e+02 4.969097036166277548e-38
1.777257789976843014e+02 4.963645940634251427e-38
1.861021953924783645e+02 4.955313626532242659e-38
1.948734017384808794e+02 4.935837005690610056e-38
2.040580049313174698e+02 4.908039593843080287e-38
2.136754888305886766e+02 4.873632758539109937e-38
2.237462555921708542e+02 4.834803442764502640e-38
2.342916689485554969e+02 4.791677227645431239e-38
2.453340995290396336e+02 4.750691113319422969e-38
2.568969723159067939e+02 4.701933960258528760e-38
2.690048163372738941e+02 4.642352516129168689e-38
2.816833167020153610e+02 4.576470211419981707e-38
2.949593690871535046e+02 4.507521144302104045e-38
3.088611367933000338e+02 4.439026983348707686e-38
3.234181104891860059e+02 4.368633485678024576e-38
3.386611707720177833e+02 4.294155579815906888e-38
3.546226536763737727e+02 4.209549038772024869e-38
3.713364192706090421e+02 4.117170484788849401e-38
3.888379234862861153e+02 4.026730637892382777e-38
4.071642933330073788e+02 3.940558935844434446e-38
4.263544056582080088e+02 3.857805295726634595e-38
4.464489696189862116e+02 3.768857285453672294e-38
4.674906130409245293e+02 3.675697406302115678e-38
4.895239728470973546e+02 3.583473054917089421e-38
5.125957897491044832e+02 3.491937303195394353e-38
5.367550074009948275e+02 3.401202873765473749e-38
5.620528762264289071e+02 3.312682503664091531e-38
5.885430621393321644e+02 3.224320030367619869e-38
6.162817603886753659e+02 3.135218997608568832e-38
6.453278147688872650e+02 3.044970323261104253e-38
6.757428424487893608e+02 2.954206344467181967e-38
7.075913646838588420e+02 2.867613567073600594e-38
7.409409436891072573e+02 2.783926382372953048e-38
7.758623259629331415e+02 2.699187873676619309e-38
8.124295923659891514e+02 2.616308274410070136e-38
8.507203152734352898e+02 2.536492912946385898e-38
8.908157231339553164e+02 2.456366768496334928e-38
9.328008727846257671e+02 2.375472322170133678e-38
9.767648298871752104e+02 2.295714825231254187e-38
1.022800857868415733e+03 2.218059383896333879e-38
1.071006615765642891e+03 2.142802837579704602e-38
1.121484365396714338e+03 2.068044238137811178e-38
1.174341188294289850e+03 1.994519237637410165e-38
1.229689212864425144e+03 1.924414583411198739e-38
1.287645852251405586e+03 1.855080663012948098e-38
1.348334053413420634e+03 1.785229283065029902e-38
1.411882557937451793e+03 1.718672485502965864e-38
1.478426175146664718e+03 1.655321938417250843e-38
1.548106068079656552e+03 1.594039524983460464e-38
1.621070052948231023e+03 1.534105385581473496e-38
1.697472912708953572e+03 1.475191508942148901e-38
1.777476725413692066e+03 1.418429758014930521e-38
1.861251208035676427e+03 1.363890537805322931e-38
1.948974076500489446e+03 1.311078417932511703e-38
2.040831422685704865e+03 1.260312844295887445e-38
2.137018109188950802e+03 1.211780866554220477e-38
2.237738182701839378e+03 1.164836652297366504e-38
2.343205306866672345e+03 1.119086726096697986e-38
2.453643215534171759e+03 1.074300014758162876e-38
2.569286187383761899e+03 1.031544374585352998e-38
2.690379542913236037e+03 9.915036654926920199e-39
2.817180164852108646e+03 9.519479752963653352e-39
2.949957043102637272e+03 9.127355879104443095e-39
3.088991845364526398e+03 8.750680465811009983e-39
3.234579514653818023e+03 8.388520350580653364e-39
3.387028894983527607e+03 8.039454341886136946e-39
3.546663386533292851e+03 7.705987102770471766e-39
3.713821631697943303e+03 7.387986740930469915e-39
3.888858233470277355e+03 7.085103560719383083e-39
4.072144507682049607e+03 6.789596615441620103e-39
4.264069270698915716e+03 6.495184782171312462e-39
4.465039664240335696e+03 6.218002891179320871e-39
4.675482019074160235e+03 5.959128207691999730e-39
4.895842759418125752e+03 5.706709659591949408e-39
5.126589349966806367e+03 5.462892664144650044e-39
5.368211287553013790e+03 5.230975652925330186e-39
5.621221139547325038e+03 5.010063424583941628e-39
5.886155631198537776e+03 4.798334201787574453e-39
6.163576784221720118e+03 4.591193172136550548e-39
6.454073109049199047e+03 4.393012418444420721e-39
6.758260853273653083e+03 4.208796867047125426e-39
7.076785308931793224e+03 4.029166605241306952e-39
7.410322181401748821e+03 3.853125550036517898e-39
7.759579022818145859e+03 3.689693795980045235e-39
8.125296733045658584e+03 3.536044530666960661e-39
8.508251131395136326e+03 3.387624650218754019e-39
8.909254602416478519e+03 3.244106181398586388e-39
9.329157819259593452e+03 3.105694389087883956e-39
9.768851548259286574e+03 2.973691906985248590e-39
1.022926853857229617e+04 2.848319328547232854e-39
1.071138550087502699e+04 2.729727857591284776e-39
1.121622517931951552e+04 2.617393780172562452e-39
1.174485852114315821e+04 2.510428205771424096e-39
1.229840694853435161e+04 2.406051112704540497e-39
1.287804473757390588e+04 2.304460682059817395e-39
1.348500150929869596e+04 2.206495415304496549e-39
1.412056483817166554e+04 2.112728199520244406e-39
1.478608298349237157e+04 2.023423984175753436e-39
1.548296774954154534e+04 1.938441577539238734e-39
1.621269748052795694e+04 1.857354458079969008e-39
1.697682019669001238e+04 1.779552136441423596e-39
1.777695687820587773e+04 1.703798040784023593e-39
1.861480490387746249e+04 1.630016541077399376e-39
1.949214165188384140e+04 1.560937924362400913e-39
2.041082827024222570e+04 1.496184275940230277e-39
2.137281362497462396e+04 1.434547573221911132e-39
2.238013843435668241e+04 1.375598148946738135e-39
2.343493959801760866e+04 1.319013575695578429e-39
2.453945473007622422e+04 1.263415796538349363e-39
2.569602690592805448e+04 1.209670199116562390e-39
2.690710963275461472e+04 1.159710310024753654e-39
2.817527205429763126e+04 1.112587168521173097e-39
2.950320440094095466e+04 1.067567736327225456e-39
3.089372369666010127e+04 1.023583699408551968e-39
3.234977973494771140e+04 9.808475776126725372e-40
3.387446133639018080e+04 9.401728599817192914e-40
3.547100290117154509e+04 9.016593249633204391e-40
3.714279127040434832e+04 8.654594677746757354e-40
3.889337291084197932e+04 8.314984609694718896e-40
4.072646143821576698e+04 7.992578354887732954e-40
4.264594549515416293e+04 7.676751470549409516e-40
4.465589700039846502e+04 7.372006854104240265e-40
4.676057978681201348e+04 7.082113783417869902e-40
4.896445864650991280e+04 6.811119953215702096e-40
5.127220880229444447e+04 6.556847232916399897e-40
5.368872582549145591e+04 6.313233381919339259e-40
5.621913602122395241e+04 6.079477013533594747e-40
5.886880730315703113e+04 5.856836042166366387e-40
6.164336058078003407e+04 5.644220885130393770e-40
6.454868168338602118e+04 5.440903701883168844e-40
6.759093384604001767e+04 5.244987016634679198e-40
7.077657078402623301e+04 5.059387963584479556e-40
7.411235038350887771e+04 4.886208641406888778e-40
7.760534903744765325e+04 4.722007150267430220e-40
8.126297665718354983e+04 4.564346624905621658e-40
8.509299239153492090e+04 4.409477523882571163e-40
8.910352108675500494e+04 4.261323144862213770e-40
9.330307052226307860e+04 4.125081175956729486e-40
9.770054945871784003e+04 3.996111924054845835e-40
1.023052865367139166e+05 3.873843841610227804e-40
1.071270500661984115e+05 3.758961209125612607e-40
1.121760687485815870e+05 3.649165127849731669e-40
1.174630533755074866e+05 3.542606716295980666e-40
1.229992195503088151e+05 3.440757021921033588e-40
1.287963114803516801e+05 3.344526468443389757e-40
1.348666268907407648e+05 3.256035781696468196e-40
1.412230431122325826e+05 3.174552465681391813e-40
1.478790443987058243e+05 3.101683934286160020e-40
1.548487505321300996e+05 3.032187084685223529e-40
1.621469467757242383e+05 2.966419607984700277e-40
1.697891152388353075e+05 2.908409038376562188e-40
1.777914677200852311e+05 2.845176268292940558e-40
1.861709800984464528e+05 2.767257666492141092e-40
1.949454283452135278e+05 2.709967803541360761e-40
2.041334262332534126e+05 2.672725880093441129e-40
2.137544648235415807e+05 2.637352101566939111e-40
2.238289538127367850e+05 2.602812993535948629e-40
2.343782648295200197e+05 2.575361434543459244e-40
2.454247767715326918e+05 2.552339369095706897e-40
2.569919232790997485e+05 2.533351619149354708e-40
2.691042424464435317e+05 2.517866958510299843e-40
2.817874288758379407e+05 2.506042865403295336e-40
2.950683881851413171e+05 2.499649468502299524e-40
3.089752940843222896e+05 2.497360705973712859e-40
3.235376481420755736e+05 2.499027565471148859e-40
3.387863423692965880e+05 2.504786578181252870e-40
3.547537247521951795e+05 2.513452754963892432e-40
3.714736678740492207e+05 2.524846853768151172e-40
3.889816407711892389e+05 2.537890073875171693e-40
4.073147841756250709e+05 2.550786212626265303e-40
4.265119893039550516e+05 2.560385890436912224e-40
4.466139803596721613e+05 2.561083791289759532e-40
4.676634009239102015e+05 2.542715246864762457e-40
4.897049044178705662e+05 2.486806337004830435e-40
5.127852488288537133e+05 2.363734403480818591e-40
5.369533959008360980e+05 2.140043619367355189e-40
5.622606150000001071e+05 1.648665080866644945e-40
