1.776820000000000066e+00 0.000000000000000000e+00
1.860563718241702080e+00 0.000000000000000000e+00
1.948254381218912368e+00 0.000000000000000000e+00
2.040078013305425486e+00 0.000000000000000000e+00
2.136229406433227229e+00 0.000000000000000000e+00
2.236912533318327068e+00 2.998644320755426138e-42
2.342340980162431752e+00 5.443871791765359925e-42
2.452738399748385589e+00 9.883046108553710765e-42
2.568338985890556980e+00 1.794211989553933068e-41
2.689387970246652770e+00 3.257291960494740756e-41
2.816142142544892479e+00 5.912646356211679878e-41
2.948870395330128069e+00 8.274578142918713839e-41
3.087854294384519527e+00 1.158003998913167140e-40
3.233388676032839193e+00 1.620595273314985624e-40
3.385782272599516141e+00 2.267981375549703196e-40
3.545358367344242367e+00 3.173671738996096361e-40
3.712455480265493435e+00 3.945757500175077210e-40
3.887428086226826451e+00 4.905701074558605630e-40
4.070647366929350142e+00 5.426899952362767754e-40
4.262501998325586072e+00 6.245122491208477198e-40
4.463398975145111969e+00 7.167439336713746087e-40
4.673764474281126624e+00 8.084025514874780566e-40
4.894044758869478429e+00 9.082728283671606493e-40
5.124707124978057138e+00 1.016663607315541231e-39
5.366240892914823313e+00 1.133885092782437580e-39
5.619158445257412815e+00 1.260251448851828510e-39
5.883996313806347800e+00 1.380727358720516448e-39
6.161316317767700390e+00 1.506817206245508401e-39
6.451706755579713182e+00 1.638170674388333792e-39
6.755783652911662607e+00 1.774473973036031646e-39
7.074192069482464262e+00 1.915403354110979061e-39
7.407607467471242657e+00 2.043618673876405121e-39
7.756737144422785946e+00 2.172550341614495573e-39
8.122321733687588363e+00 2.304660713575160529e-39
8.505136775579499542e+00 2.462082212451132121e-39
8.905994362583962598e+00 2.653035379791205281e-39
9.325744862106940758e+00 2.865555978636892154e-39
9.765278720419143355e+00 3.122009950419151215e-39
1.022552835162234075e+01 3.431889331837825945e-39
1.070747011564503559e+01 3.807345986747782333e-39
1.121212638946344242e+01 4.264343225747934452e-39
1.174056773594174352e+01 4.763380024750596865e-39
1.229391517489241359e+01 5.277629535275494105e-39
1.287334256117440745e+01 5.797056278409137528e-39
1.348007907487411217e+01 6.311280048645345437e-39
1.411541182885150825e+01 6.809278842392406125e-39
1.478068859918329458e+01 7.288193249100737134e-39
1.547732068429509766e+01 7.788591077263827968e-39
1.620678589884810350e+01 8.309332868550071766e-39
1.697063170873133231e+01 8.850103668923909454e-39
1.777047851380990195e+01 9.410232489315332385e-39
1.860802308539324201e+01 9.976590657952206050e-39
1.948504216571554437e+01 1.057323936820464472e-38
2.040339623706400118e+01 1.120056840558257847e-38
2.136503346855086249e+01 1.186025849857796931e-38
2.237199384890164211e+01 1.255287575414461875e-38
2.342641351402669869e+01 1.325554542445371352e-38
2.453052927855672749e+01 1.398023198171587820e-38
2.568668338095499593e+01 1.472506838655013857e-38
2.689732845227257485e+01 1.548983030836668961e-38
2.816503271908725026e+01 1.627285854467041718e-38
2.949248545166317470e+01 1.705037146743631327e-38
3.088250266888921303e+01 1.783374304061126899e-38
3.233803311209791786e+01 1.861957883434157214e-38
3.386216450043795589e+01 1.940647822813148985e-38
3.545813008107011655e+01 2.019131405209132689e-38
3.712931548808195714e+01 2.095674332281225265e-38
3.887926592467158571e+01 2.172178223024551366e-38
4.071169368383677778e+01 2.248361541130246938e-38
4.263048602352326100e+01 2.324163500884092308e-38
4.463971341293846962e+01 2.399337156163369904e-38
4.674363816752445899e+01 2.473782541912875035e-38
4.894672349090737384e+01 2.551149861538023242e-38
5.125364294300552359e+01 2.631389166947789119e-38
5.366929035438084128e+01 2.714677169573364034e-38
5.619879020786591184e+01 2.801001476717192423e-38
5.884750850949018286e+01 2.887759482999562686e-38
6.162106417176601525e+01 2.975638637003786163e-38
6.452534093348312183e+01 3.064486779277138935e-38
6.756649984129785480e+01 3.154365364157308396e-38
7.075099231959487156e+01 3.245161222812354712e-38
7.408557385634757964e+01 3.333846500601002897e-38
7.757731833401034294e+01 3.420490996651089344e-38
8.123363303584297057e+01 3.504752052504689864e-38
8.506227435950177096e+01 3.586505512187126650e-38
8.907136427123201372e+01 3.665307000941747279e-38
9.326940753556607433e+01 3.736321077758702259e-38
9.766530975707917150e+01 3.798951200914194688e-38
1.022683962724748596e+02 3.852758634601917357e-38
1.070884319330780272e+02 3.902537843822552568e-38
1.121356418197008935e+02 3.965935493024745667e-38
1.174207329338269972e+02 4.025185192605282877e-38
1.229549169111261193e+02 4.060483345872319022e-38
1.287499338054863074e+02 4.103264682941214712e-38
1.348180769940166783e+02 4.157500503594368852e-38
1.411722192558524966e+02 4.197360890038295557e-38
1.478258400800877723e+02 4.228420999406133977e-38
1.547930542607644213e+02 4.266206923821897816e-38
1.620886418395771500e+02 4.304218887262664413e-38
1.697280794598165699e+02 4.336991863279925152e-38
1.777275731980612363e+02 4.352493371770005206e-38
1.861040929432689950e+02 4.363256951365598897e-38
1.948754083961952404e+02 4.385873048958816932e-38
2.040601267655110576e+02 4.401303882760009602e-38
2.136777322405828841e+02 4.404590847416814185e-38
2.237486273246549615e+02 4.406899709650224654e-38
2.342941761161159206e+02 4.399970828967020343e-38
2.453367496296625347e+02 4.377079777394371659e-38
2.568997732535080445e+02 4.349621019824416599e-38
2.690077764433072502e+02 4.322558938874342156e-38
2.816864447582155435e+02 4.297103987705651355e-38
2.949626743494731613e+02 4.268360591472229747e-38
3.088646290171049031e+02 4.229238873611805474e-38
3.234217999557686198e+02 4.189087632784246597e-38
3.386650683165027544e+02 4.150023059949638790e-38
3.546267707170859467e+02 4.102097593945096504e-38
3.713407678399776728e+02 4.047847494553580465e-38
3.888425162633681680e+02 3.997730496042210540e-38
4.071691436777114745e+02 3.945064128449550023e-38
4.263595276473097329e+02 3.887345440203537620e-38
4.464543780840235172e+02 3.827813405726288130e-38
4.674963236080733964e+02 3.766037200807672398e-38
4.895300019791330897e+02 3.700389123465308804e-38
5.126021547895476260e+02 3.632410158052917345e-38
5.367617266205628539e+02 3.563043284408949156e-38
5.620599688719121332e+02 3.492884164801465274e-38
5.885505484850127687e+02 3.418823563961682764e-38
6.162896617904277718e+02 3.338873997547303404e-38
6.453361537210970482e+02 3.261470918645777377e-38
6.757516426442315378e+02 3.189114604402383576e-38
7.076006510766923157e+02 3.110315375261948867e-38
7.409507425611487861e+02 3.028801557574666010e-38
7.758726649933711315e+02 2.954485077340421812e-38
8.124405007047218987e+02 2.880352571351926284e-38
8.507318236182213695e+02 2.803044976689385592e-38
8.908278638115635886e+02 2.726646204260072320e-38
9.328136798361985029e+02 2.650434924381185168e-38
9.767783391580254602e+02 2.573715663898722656e-38
1.022815107102470051e+03 2.497096401342020772e-38
1.071021644704784421e+03 2.421210074209236245e-38
1.121500215885276930e+03 2.347609345528798618e-38
1.174357904388954921e+03 2.275241688658872816e-38
1.229706840949813795e+03 2.201123279405528760e-38
1.287664441161649165e+03 2.128360060682523315e-38
1.348353654560024097e+03 2.058766996782178039e-38
1.411903225443762949e+03 1.990756346281132707e-38
1.478447965989294289e+03 1.923957187830777313e-38
1.548129042237212388e+03 1.859445657326878434e-38
1.621094273557723454e+03 1.795299611048766164e-38
1.697498446230280251e+03 1.730595513670436278e-38
1.777503641802615675e+03 1.668441907220242052e-38
1.861279580925722485e+03 1.608810030901291967e-38
1.949003983394219404e+03 1.549950560849987125e-38
2.040862945155862008e+03 1.492924749985343444e-38
2.137051333089959826e+03 1.438411421142283244e-38
2.237773198392205813e+03 1.385110325063608343e-38
2.343242209442842068e+03 1.332783901185232858e-38
2.453682105076415610e+03 1.282168601452407029e-38
2.569327169214720470e+03 1.233151745467376723e-38
2.690422727869772189e+03 1.185649014276052333e-38
2.817225669571125763e+03 1.140066915224534722e-38
2.950004990321596779e+03 1.096614805748815855e-38
3.089042364237417587e+03 1.055614780386089817e-38
3.234632741083345081e+03 1.015295421579788223e-38
3.387084971970359220e+03 9.743601569669332911e-39
3.546722464543265687e+03 9.351896032896807922e-39
3.713883869048071119e+03 8.979631691684156527e-39
3.888923796734593452e+03 8.616437866251395716e-39
4.072213572118248976e+03 8.268163543398674628e-39
4.264142020696894178e+03 7.939799132843030912e-39
4.465116293793687873e+03 7.618225440996660565e-39
4.675562732275856433e+03 7.300915855248284967e-39
4.895927770981586036e+03 6.991179581705329787e-39
5.126678885773636466e+03 6.695893081108352710e-39
5.368305585228788914e+03 6.420793607122791596e-39
5.621320449066857691e+03 6.156168926366625456e-39
5.886260215522085673e+03 5.900204981337005552e-39
6.163686919963736727e+03 5.658408145005934197e-39
6.454189087181300238e+03 5.425021914765229247e-39
6.758382979863498804e+03 5.193938940053720574e-39
7.076913905919708668e+03 4.972997561110209051e-39
7.410457587417062314e+03 4.764412166793801298e-39
7.759721594037171599e+03 4.567310519874033505e-39
8.125446844093502477e+03 4.377945489426031072e-39
8.508409176293556811e+03 4.192270158377193045e-39
8.909420995580059753e+03 4.012205770435102034e-39
9.329332996542761975e+03 3.838990213392170882e-39
9.769035968056758065e+03 3.675177313387916882e-39
1.022946268297555980e+04 3.519886804377531979e-39
1.071158987688776142e+04 3.371717038878413168e-39
1.121644032013511423e+04 3.228709944036156890e-39
1.174508498748705279e+04 3.090108042436225214e-39
1.229864533007491627e+04 2.955865107646981039e-39
1.287829565440513943e+04 2.827186095713225083e-39
1.348526561349826443e+04 2.705741077670160102e-39
1.412084281543842917e+04 2.592335019079347852e-39
1.478637555486695419e+04 2.485963234640922761e-39
1.548327567321477727e+04 2.381033083977428725e-39
1.621302155374083486e+04 2.278206070107580376e-39
1.697716125773061867e+04 2.179479064197748896e-39
1.777731580850747923e+04 2.086003003389551620e-39
1.861518263022347674e+04 1.998017146363544858e-39
1.949253914872465975e+04 1.914745249509309451e-39
2.041124656212955597e+04 1.835513567429522994e-39
2.137325378911985172e+04 1.759509091288938878e-39
2.238060160331851148e+04 1.684907564285412415e-39
2.343542696252659152e+04 1.611555370508662727e-39
2.453996754200218857e+04 1.542693946184436204e-39
2.569656648139839308e+04 1.477836272788268302e-39
2.690767735543031813e+04 1.415466456494819793e-39
2.817586937881575068e+04 1.355770627558083836e-39
2.950383285653131315e+04 1.298762087598623699e-39
3.089438489094540637e+04 1.243967237318203144e-39
3.235047535793589850e+04 1.191217796184813388e-39
3.387519316466934833e+04 1.140408036867658119e-39
3.547177280231712939e+04 1.092486527229100020e-39
3.714360120760905556e+04 1.047873924066592321e-39
3.889422494778092369e+04 1.005718921906724401e-39
4.072735774415668129e+04 9.655401256247424791e-40
4.264688835032707721e+04 9.267452952924468702e-40
4.465688880163623980e+04 8.894232657819759813e-40
4.676162305347676738e+04 8.536351776799564523e-40
4.896555602671822271e+04 8.193375051860921129e-40
5.127336307945840235e+04 7.867116648704009505e-40
5.368993992518879531e+04 7.562158402408809812e-40
5.622041301841656241e+04 7.268514141423094020e-40
5.887015042977304984e+04 6.981103557503190326e-40
6.164477323367978533e+04 6.702793038342702902e-40
6.455016743272904569e+04 6.436625087076438932e-40
6.759249644407583401e+04 6.187853534392748750e-40
7.077821417432761518e+04 5.950251045507383770e-40
7.411407871067107772e+04 5.719891295567920450e-40
7.760716665727783402e+04 5.500203665787187986e-40
8.126488814740286034e+04 5.290784293041669360e-40
8.509500256302153866e+04 5.089271997167323619e-40
8.910563499535250594e+04 4.895700491412453795e-40
9.330529348118609050e+04 4.711626500817155793e-40
9.770288705158028461e+04 4.539490113991387921e-40
1.023077446312160610e+05 4.378523019454580730e-40
1.071296348285014683e+05 4.225099085231676287e-40
1.121787866584079893e+05 4.078459652029979792e-40
1.174659112419996818e+05 3.938193078927942584e-40
1.230022245286887483e+05 3.802820266156210348e-40
1.287994710894169984e+05 3.672965222913502956e-40
1.348699490312414127e+05 3.551914824048817234e-40
1.412265360861738736e+05 3.437784554588855464e-40
1.478827169296201610e+05 3.329919141333671592e-40
1.548526117863704276e+05 3.225488179825579279e-40
1.621510063848269929e+05 3.124801256223901087e-40
1.697933833230083983e+05 3.030051947748170463e-40
1.777959549128753715e+05 2.941356022015864703e-40
1.861756975726486417e+05 2.858939381723940037e-40
1.949503878400794056e+05 2.783054970868848717e-40
2.041386400830694183e+05 2.712685414866338076e-40
2.137599459876410547e+05 2.644819224021262813e-40
2.238347159070198250e+05 2.581139985932105645e-40
2.343843221595547220e+05 2.525425742267855221e-40
2.454311443673204049e+05 2.472716897810055038e-40
2.569986169315844018e+05 2.423075459223132360e-40
2.691112787458513631e+05 2.380399530364289718e-40
2.817948252519442467e+05 2.334211910849039511e-40
2.950761629495549714e+05 2.276127925395271013e-40
3.089834664748925134e+05 2.232402074936467542e-40
3.235462383695233730e+05 2.203177673264804738e-40
3.387953716661882936e+05 2.176469121480509504e-40
3.547632154243664700e+05 2.151614282526028536e-40
3.714836433546111220e+05 2.133513601539640920e-40
3.889921256772379274e+05 2.120557284864937077e-40
4.073258043677950045e+05 2.112767501805090105e-40
4.265235719489520998e+05 2.110019781675869840e-40
4.466261539959448855e+05 2.112156989178712338e-40
4.676761955306032323e+05 2.121200527273571117e-40
4.897183514872362139e+05 2.136509299774124319e-40
5.127993814422897412e+05 2.158087170811446204e-40
5.369682488087210804e+05 2.186177419406757836e-40
5.622762247055356856e+05 2.221053641105874783e-40
5.887769967228185851e+05 2.262929576481294437e-40
6.165267828129974660e+05 2.311897337760887205e-40
6.455844505499391817e+05 2.367723437934576896e-40
6.760116420088818995e+05 2.429813832981400161e-40
7.078729045320990263e+05 2.494643070491910361e-40
7.412358276577233337e+05 2.555820671372434863e-40
7.761711865021891426e+05 2.596364530502624664e-40
8.127530919004665921e+05 2.572274969288924579e-40
8.510591476225912338e+05 2.378186338139083554e-40
8.911706149999996414e+05 1.756284039353148439e-40
