1.776820000000000066e+00 0.000000000000000000e+00
1.860540905951008961e+00 0.000000000000000000e+00
1.948206606587612244e+00 0.000000000000000000e+00
2.040002974302550065e+00 0.000000000000000000e+00
2.136124639497314792e+00 0.000000000000000000e+00
2.236775403245464755e+00 0.000000000000000000e+00
2.342168669399967484e+00 0.000000000000000000e+00
2.452527897060751805e+00 4.455050447613780102e-42
2.568087074361800060e+00 9.221034648139246588e-42
2.689091214582332245e+00 1.908563797021158825e-41
2.815796875633948204e+00 3.950333022590781095e-41
2.948472704025171698e+00 8.176532216542740911e-41
3.087400004456734237e+00 1.347758102873956627e-40
3.232873336255265517e+00 2.020315064987014053e-40
3.385201137909992219e+00 3.131790649331073988e-40
3.544706381036595300e+00 4.679312070062248477e-40
3.711727255154798399e+00 6.562584255692549298e-40
3.886617884731576655e+00 9.118229110128928666e-40
4.069749080010288900e+00 1.211018145928812217e-39
4.261509123217674500e+00 1.553248720158381824e-39
4.462304591815660082e+00 1.967065114928928428e-39
4.672561220543475002e+00 2.481784934508570300e-39
4.892724804077795753e+00 3.076959248737445767e-39
5.123262142224803029e+00 3.699429770332733875e-39
5.364662029648158637e+00 4.397610042182700552e-39
5.617436292231381856e+00 5.140710271266544275e-39
5.882120872271952905e+00 5.925753285289503846e-39
6.159276964808026555e+00 6.760004718997482519e-39
6.449492207487031337e+00 7.599807790649961114e-39
6.753381926498966514e+00 8.535974396757959162e-39
7.071590441216081047e+00 9.500617710861843668e-39
7.404792430305073836e+00 1.050187555123892822e-38
7.753694362208313429e+00 1.155760117225128232e-38
8.119035993027027942e+00 1.257870453082598328e-38
8.501591934982359433e+00 1.363243820685093520e-38
8.902173298779770150e+00 1.467253666557956180e-38
9.321629413359032057e+00 1.571049978926488835e-38
9.760849626676074919e+00 1.673461323692846039e-38
1.022076519133478811e+01 1.779522480052639443e-38
1.070235123906673635e+01 1.878784691964804066e-38
1.120662884824525385e+01 1.966724681399314096e-38
1.173466720881740599e+01 2.060987665374987351e-38
1.228758588924411477e+01 2.143788873585808086e-38
1.286655721025488397e+01 2.217029128669613994e-38
1.347280873044996241e+01 2.287085263371939831e-38
1.410762584902018268e+01 2.355178992340146550e-38
1.477235453110268537e+01 2.420693999210966993e-38
1.546840416155113651e+01 2.477614111854654497e-38
1.619725053317089092e+01 2.526082373549807145e-38
1.696043897575513171e+01 2.569991483200127427e-38
1.775958763255605533e+01 2.612933149239685160e-38
1.859639089113820276e+01 2.645695121250223588e-38
1.947262297588803293e+01 2.674544374563285858e-38
2.039014170979679363e+01 2.692464610326674420e-38
2.135089245349264075e+01 2.708918283560184351e-38
2.235691222987345128e+01 2.721514996504590732e-38
2.341033404308593546e+01 2.728225211710296388e-38
2.451339140100789038e+01 2.730556614254115122e-38
2.566842305082276354e+01 2.721432184019492150e-38
2.687787793772668721e+01 2.708245262061823033e-38
2.814432039728202994e+01 2.695072781997524447e-38
2.947043559242610655e+01 2.680841276330663519e-38
3.085903520666321853e+01 2.660938553940935158e-38
3.231306340551054745e+01 2.629447770319833800e-38
3.383560307883803375e+01 2.598428580523533297e-38
3.542988237733708701e+01 2.565952852010499172e-38
3.709928155697730290e+01 2.530801650596082680e-38
3.884734014596308072e+01 2.495297733512006889e-38
4.067776444938549218e+01 2.451955424480612529e-38
4.259443540748159762e+01 2.406374222068782903e-38
4.460141682416199416e+01 2.356807114873327056e-38
4.670296398325376686e+01 2.308989464401693299e-38
4.890353267072650567e+01 2.261174204679185200e-38
5.120778862203165005e+01 2.212082909897708971e-38
5.362061741458477115e+01 2.159692210626577991e-38
5.614713482636621933e+01 2.104413987046545385e-38
5.879269768260196116e+01 2.052971682220043455e-38
6.156291521352306972e+01 1.998253406635999371e-38
6.446366094728409735e+01 1.943173265864340146e-38
6.750108516325720132e+01 1.891645639587286705e-38
7.068162793210495920e+01 1.842459131850906376e-38
7.401203277028102434e+01 1.790716073316721107e-38
7.749936093790842051e+01 1.737073445912786576e-38
8.115100641035125761e+01 1.684208762115448635e-38
8.497471155522286779e+01 1.631406512948378092e-38
8.897858354806901104e+01 1.578337469367918924e-38
9.317111156153234219e+01 1.529168122064665298e-38
9.756118476444201804e+01 1.478247879200298900e-38
1.021581111689922210e+02 1.426834403926482936e-38
1.069716373659687179e+02 1.377407981916276621e-38
1.120119691898685801e+02 1.329104033595905686e-38
1.172897933577259550e+02 1.282924880457942240e-38
1.228163001275256505e+02 1.237855529689273933e-38
1.286032070242441137e+02 1.193927123122827363e-38
1.346627836838241024e+02 1.151432495406610992e-38
1.410078778677563776e+02 1.112428187187934281e-38
1.476519427034278920e+02 1.071537100273170363e-38
1.546090652079908239e+02 1.031942691536583474e-38
1.618939961562305996e+02 9.937104018149025312e-39
1.695221813557605515e+02 9.559048018212434618e-39
1.775097943958521682e+02 9.183389407728946102e-39
1.858737709393387547e+02 8.825955603549350218e-39
1.946318446302989287e+02 8.473682786387071956e-39
2.038025846936507151e+02 8.132634003101389011e-39
2.134054353063800420e+02 7.810353173583483452e-39
2.234607568238771762e+02 7.501608191853670939e-39
2.339898689487931449e+02 7.202015367648042314e-39
2.450150959339412964e+02 6.918634922783993946e-39
2.565598139150890802e+02 6.645437191358740253e-39
2.686485004739938631e+02 6.377516876856396719e-39
2.813067865367705735e+02 6.120926106389642270e-39
2.945615107176249126e+02 5.874069459597186627e-39
3.084407762231784318e+02 5.639575584138444107e-39
3.229740104380325079e+02 5.413966041007690714e-39
3.381920273179090373e+02 5.198087749417503514e-39
3.541270927226567551e+02 4.980408716626801786e-39
3.708129928276409260e+02 4.781184336020340884e-39
3.882851057585710350e+02 4.583285371678828678e-39
4.065804766016447616e+02 4.388515071638685288e-39
4.257378959480517437e+02 4.204056182333727765e-39
4.457979821393640236e+02 4.024424734025604056e-39
4.668032673882015047e+02 3.857679510429967250e-39
4.887982879567625787e+02 3.694146150287420091e-39
5.118296785844246415e+02 3.535739969164132220e-39
5.359462713646173597e+02 3.383871852786948447e-39
5.611991992806196095e+02 3.242192392499547327e-39
5.876420046197949887e+02 3.103391393976977557e-39
6.153307524961338686e+02 2.969396757216177237e-39
6.443241497217912865e+02 2.844564315421571441e-39
6.746836692796655370e+02 2.724468700561801901e-39
7.064736806609223549e+02 2.610578838191761309e-39
7.397615863438138604e+02 2.496840438714490603e-39
7.746179647031636932e+02 2.390461230139315612e-39
8.111167196535108133e+02 2.291736916784893898e-39
8.493352373432052218e+02 2.194154230325347830e-39
8.893545502316728744e+02 2.101368281011560476e-39
9.312595088977437854e+02 2.013590769797878294e-39
9.751389619433033431e+02 1.928384095100533994e-39
1.021085944373724146e+03 1.844680598947039430e-39
1.069197874854475231e+03 1.762465914562071027e-39
1.119576762262153352e+03 1.686349605412210312e-39
1.172329421967855296e+03 1.612722695110817019e-39
1.227567702311487210e+03 1.542695510104395570e-39
1.285408721747172422e+03 1.473824910797941004e-39
1.345975117162578726e+03 1.410513084810547433e-39
1.409395303898639440e+03 1.348346355804403459e-39
1.475803748020999592e+03 1.289007332424468532e-39
1.545341251420451044e+03 1.233376247653869680e-39
1.618155250346838557e+03 1.180401657503129410e-39
1.694400128009415312e+03 1.131054150471076127e-39
1.774237541906408069e+03 1.082770740574362376e-39
1.857836766577841445e+03 1.036758634188998194e-39
1.945375052508316912e+03 9.926532050321840738e-40
2.037038001940723461e+03 9.501447488718184120e-40
2.133019962397669588e+03 9.089730499830732711e-40
2.233524438745032512e+03 8.697644964632421463e-40
2.338764524671265463e+03 8.326065039126270833e-40
2.448963354497337150e+03 7.968244200224275123e-40
2.564354576275198724e+03 7.634691916162506635e-40
2.685182847177921758e+03 7.307983269670717906e-40
2.811704352231804933e+03 7.001223833446094915e-40
2.944187347490324555e+03 6.709610552169530607e-40
3.082912728801537469e+03 6.421567833261244571e-40
3.228174627374923148e+03 6.154495132916420256e-40
3.380281033410363307e+03 5.894918494868171528e-40
3.539554449111516533e+03 5.647326992632866799e-40
3.706332572468154922e+03 5.401764464727587288e-40
3.880969013257187726e+03 5.167091859191623800e-40
4.063834042780541949e+03 4.946175323361187822e-40
4.255315378929466533e+03 4.738999609220009892e-40
4.455819008239828690e+03 4.536001549202110107e-40
4.665770046681295753e+03 4.338887285185488757e-40
4.885613641005560567e+03 4.156663952248802953e-40
5.115815912564629798e+03 3.977845062619890744e-40
5.356864945600334977e+03 3.808870584535640083e-40
5.609271822100410645e+03 3.643763779626195056e-40
5.873571705415386532e+03 3.488816627645289136e-40
6.150324974933734666e+03 3.336970595683470531e-40
6.440118414221090461e+03 3.190730489952706579e-40
6.743566455142718951e+03 3.049918295055028173e-40
7.061312480606966346e+03 2.916900244213446342e-40
7.394030188691964213e+03 2.787432137269386323e-40
7.742425021047739392e+03 2.659094393156444629e-40
8.107235658602404328e+03 2.538840435198849815e-40
8.489235587743522046e+03 2.418533981243271838e-40
8.889234740295518350e+03 2.304258033478870609e-40
9.308081210770134930e+03 2.193294647295261852e-40
9.746663054531036323e+03 2.085660739777586630e-40
1.020591017068494693e+04 1.975263777400447918e-40
1.068679627369164518e+04 1.863636171932741858e-40
1.119034095787310252e+04 1.757272558828326848e-40
1.171761185919896707e+04 1.652662906502170050e-40
1.226972691893176307e+04 1.549105704179599769e-40
1.284785675393162455e+04 1.440676494444814314e-40
1.345322713864586149e+04 1.330949783398621734e-40
1.408712160404592396e+04 1.218166411740255473e-40
1.475088415902209454e+04 1.101146029123784748e-40
1.544592214000594504e+04 9.796134994700497369e-41
1.617370919486240200e+04 8.567075240264302009e-41
1.693578840737801511e+04 7.322257322540534664e-41
1.773377556897023533e+04 6.058257412294693101e-41
1.856936260455406591e+04 4.830829938812009359e-41
1.944432115983038238e+04 3.669625789335292317e-41
2.036050635760133082e+04 2.592916101417711565e-41
2.131986073107735501e+04 1.649643688902433396e-41
2.232441834251528780e+04 9.131077101073604335e-42
2.337630909592008538e+04 5.022586582109902729e-42
2.447776325295414063e+04 2.915979563717934674e-42
2.563111616162899008e+04 1.467145436596677221e-42
2.683881320780538226e+04 5.416874933141520712e-43
2.810341500000002270e+04 9.993877113783071410e-44
