1.776820000000000066e+00 0.000000000000000000e+00
1.860388547109233182e+00 0.000000000000000000e+00
1.947887544160468165e+00 0.000000000000000000e+00
2.039501850616756595e+00 0.000000000000000000e+00
2.135425020370943283e+00 0.000000000000000000e+00
2.235859710667711830e+00 0.000000000000000000e+00
2.341018110258312745e+00 9.344051706990392908e-42
2.451122387692543203e+00 1.758810877367777450e-41
2.566405160695087062e+00 3.310572115127520814e-41
2.687109987617862572e+00 6.231419119867252509e-41
2.813491882006677436e+00 1.172926699588021861e-40
2.945817851369314511e+00 1.670547278799991956e-40
3.084367461283304301e+00 2.365811202514533379e-40
3.229433426035186905e+00 3.350438031525482393e-40
3.381322227039089245e+00 4.744858525406247589e-40
3.540354760341175133e+00 6.719625695091558621e-40
3.706867014577940544e+00 8.422739855109608282e-40
3.881210780820676387e+00 1.051789956570526493e-39
4.063754395805805331e+00 1.298026701083063603e-39
4.254883520121296669e+00 1.664624910163921154e-39
4.455001952993256076e+00 2.067725736165361906e-39
4.664532485394086159e+00 2.429073043632150939e-39
4.883917793274569874e+00 2.778610261157102834e-39
5.113621372807043208e+00 3.206461953486454075e-39
5.354128519615501958e+00 3.744776248687328623e-39
5.605947354061521892e+00 4.363093492917260925e-39
5.869609894752064072e+00 4.955034780248320064e-39
6.145673182537213286e+00 5.566991741504321035e-39
6.434720457372487878e+00 6.239000907847811829e-39
6.737362390532108058e+00 6.979738318425816989e-39
7.054238374776521603e+00 7.783081950456340027e-39
7.386017875199901717e+00 8.568209672087107483e-39
7.733401843611604320e+00 9.398961604497135350e-39
8.097124199439706516e+00 1.031510034236545676e-38
8.477953380285365270e+00 1.132831338230064908e-38
8.876693965403870124e+00 1.239554571152807340e-38
9.294188375542262293e+00 1.340059073039684918e-38
9.731318652724864293e+00 1.441584085843599128e-38
1.018900832374680121e+01 1.553013198465362956e-38
1.066822435131256341e+01 1.674905565858468424e-38
1.116997917694179954e+01 1.800825315325023017e-38
1.169533285995831839e+01 1.919260162200893067e-38
1.224539531708148488e+01 2.032168045055828568e-38
1.282132866735146948e+01 2.153779134089119923e-38
1.342434968734253076e+01 2.289064851697339262e-38
1.405573238185153961e+01 2.424372267078715717e-38
1.471681067549272548e+01 2.553653239414203132e-38
1.540898123088527250e+01 2.689744802927922350e-38
1.613370639938771944e+01 2.824871486151447367e-38
1.689251731061326112e+01 2.957013156989393165e-38
1.768701710725306242e+01 3.100387332327551669e-38
1.851888433204188900e+01 3.241976780441449394e-38
1.938987647402175796e+01 3.374926152638105718e-38
2.030183368159568857e+01 3.501668782304403193e-38
2.125668265021616676e+01 3.626723807168428212e-38
2.225644069292201266e+01 3.770876460578462817e-38
2.330322000232325763e+01 3.912749607207876448e-38
2.439923211303845108e+01 4.028777415880500457e-38
2.554679257401230075e+01 4.147332354721310003e-38
2.674832584058470175e+01 4.280770352966771470e-38
2.800637039664665906e+01 4.415303593001657553e-38
2.932358411770495010e+01 4.537764305207177338e-38
3.070274988618570333e+01 4.647600769675639432e-38
3.214678147084072179e+01 4.762460062838359773e-38
3.365872968267769494e+01 4.886012957809122119e-38
3.524178882042028249e+01 4.986213380596445317e-38
3.689930341911511391e+01 5.065743174849272988e-38
3.863477531614362448e+01 5.155892920609816956e-38
4.045187104956725221e+01 5.248143524844332659e-38
4.235442960443627669e+01 5.334680382007040682e-38
4.434647052342810269e+01 5.399220887177672824e-38
4.643220239895026680e+01 5.445972390455358574e-38
4.861603176464972620e+01 5.502446731949232479e-38
5.090257240511309789e+01 5.545009235050464084e-38
5.329665510342684343e+01 5.565944927734703816e-38
5.580333784719113055e+01 5.596499033790660846e-38
5.842791651454937352e+01 5.626891457366472323e-38
6.117593606280999552e+01 5.643792743507831380e-38
6.405320224329894074e+01 5.644451045419191189e-38
6.706579386719236879e+01 5.631129290802805917e-38
7.022007564824426140e+01 5.625569557048151408e-38
7.352271164954107974e+01 5.617837478696900037e-38
7.698067936269333700e+01 5.594715019282387079e-38
8.060128444920860602e+01 5.569729018844035852e-38
8.439217617519005898e+01 5.546996975848164831e-38
8.836136357197028701e+01 5.505019723001621236e-38
9.251723235682206337e+01 5.443423099822310861e-38
9.686856264949487638e+01 5.382917337102383901e-38
1.014245475220075008e+02 5.323875308396648050e-38
1.061948124208861799e+02 5.264726455110884577e-38
1.111894355028815795e+02 5.198256166146596618e-38
1.164189689271290860e+02 5.126628800689020237e-38
1.218944611487357719e+02 5.056122424187356478e-38
1.276274802608927672e+02 4.977739988365969929e-38
1.336301384348298882e+02 4.888641272521438848e-38
1.399151175092462722e+02 4.803762813869151555e-38
1.464956957832780517e+02 4.714789203850495355e-38
1.533857760696125467e+02 4.612511620955418623e-38
1.605999150670122901e+02 4.509080250310480675e-38
1.681533541143081436e+02 4.410249912506859849e-38
1.760620513908343128e+02 4.308925968109494539e-38
1.843427156313330215e+02 4.204173660707226377e-38
1.930128414265633410e+02 4.096589866983927977e-38
2.020907461841881059e+02 3.990607459305925460e-38
2.115956088280311178e+02 3.887897924800107219e-38
2.215475103174629794e+02 3.782036008318246955e-38
2.319674760725188207e+02 3.673070516852243474e-38
2.428775203943836800e+02 3.569656542268479406e-38
2.543006929750907261e+02 3.466210424960635783e-38
2.662611275946918568e+02 3.359807190347864365e-38
2.787840931087868057e+02 3.256380523993951712e-38
2.918960468341313117e+02 3.156436824857006058e-38
3.056246904451089108e+02 3.058615867186848582e-38
3.199990284991641829e+02 2.962085252054502020e-38
3.350494297148424607e+02 2.866765932135244531e-38
3.508076911318946145e+02 2.775649159092788171e-38
3.673071052890048804e+02 2.686568028050026871e-38
3.845825305610642317e+02 2.596574481681578719e-38
4.026704648045895283e+02 2.507474983805589509e-38
4.216091224668842870e+02 2.420307350676267829e-38
4.414385153218479445e+02 2.334249239900141693e-38
4.622005370029992264e+02 2.249687380288884601e-38
4.839390515123182581e+02 2.167779443388186521e-38
5.066999858918868540e+02 2.087921267293101706e-38
5.305314272541256742e+02 2.009731678889318354e-38
5.554837243756210228e+02 1.933579357919562740e-38
5.816095940691728856e+02 1.859488657687183278e-38
6.089642325588065432e+02 1.788620963635369690e-38
6.376054320930469430e+02 1.721472234791998920e-38
6.675937030428173102e+02 1.657867927472944837e-38
6.989924017419316442e+02 1.594570675090400471e-38
7.318678643402629405e+02 1.531799076044239742e-38
7.662895469523753036e+02 1.471646356965897216e-38
8.023301723977223219e+02 1.414024642732936773e-38
8.400658838424261603e+02 1.358746153933619959e-38
8.795764056672288689e+02 1.305520598865266426e-38
9.209452119014960090e+02 1.253896785361880234e-38
9.642597025791186525e+02 1.203478681586726718e-38
1.009611388388889395e+03 1.154009211517692039e-38
1.057096084009490141e+03 1.105524186696373501e-38
1.106814110537519809e+03 1.060158856380082032e-38
1.158870507436258549e+03 1.017623120142251297e-38
1.213375254452945001e+03 9.761134471843143123e-39
1.270443503973396901e+03 9.361921184931134451e-39
1.330195824304898451e+03 8.982268673992425213e-39
1.392758454401323434e+03 8.610607138150842002e-39
1.458263570568645036e+03 8.248431969839710371e-39
1.526849565714322353e+03 7.908326540927939118e-39
1.598661341730525692e+03 7.582981829160250947e-39
1.673850615628904961e+03 7.266086012899452273e-39
1.752576240073700092e+03 6.958992681386288258e-39
1.835004538990373021e+03 6.663564808129943057e-39
1.921309658958785576e+03 6.384085709918985678e-39
2.011673937133344225e+03 6.117158589399491846e-39
2.106288286467404760e+03 5.859846496770867736e-39
2.205352599055780956e+03 5.612982578931998668e-39
2.309076168447536929e+03 5.374748349680473646e-39
2.417678131821270199e+03 5.139850442420734072e-39
2.531387932957044086e+03 4.916410333773484306e-39
2.650445806983150760e+03 4.710591628421181045e-39
2.775103287921761421e+03 4.513790934770374419e-39
2.905623740105816978e+03 4.323808034248551743e-39
3.042282914589862230e+03 4.141335143195907142e-39
3.185369531730326344e+03 3.965767848201614868e-39
3.335185891166126112e+03 3.796595874108723300e-39
3.492048510488267766e+03 3.634747226927250877e-39
3.656288793947745035e+03 3.480953293346530931e-39
3.828253732614564797e+03 3.336465133874260420e-39
4.008306637467110249e+03 3.198451194310900733e-39
4.196827906960601467e+03 3.064324304438603277e-39
4.394215830696362900e+03 2.934153567074142426e-39
4.600887430889792086e+03 2.808455133374110172e-39
4.817279343414749746e+03 2.688817742973089288e-39
5.043848740285837266e+03 2.575557201652282600e-39
5.281074295527462709e+03 2.468684276622660050e-39
5.529457196470237250e+03 2.365976926797211390e-39
5.789522202611385183e+03 2.267299851878661141e-39
6.061818754276092477e+03 2.173628153861197925e-39
6.346922133422176557e+03 2.082764189888488480e-39
6.645434679040488845e+03 1.992936823513838878e-39
6.957987059718740966e+03 1.909292269425136530e-39
7.285239606057441961e+03 1.831899794041187799e-39
7.627883705752889909e+03 1.756347873263034061e-39
7.986643264294535584e+03 1.682701867583813784e-39
8.362276234362874675e+03 1.611505281913523240e-39
8.755576217158983127e+03 1.544148007681709106e-39
9.167374139048728466e+03 1.480921919062483020e-39
9.598540007064084421e+03 1.420538917711930619e-39
1.004998474697033271e+04 1.362626385294036480e-39
1.052266212778227236e+04 1.307059777635767867e-39
1.101757077679572467e+04 1.254109602531468032e-39
1.153575628939124363e+04 1.203640467398556103e-39
1.207831343806732366e+04 1.155029435431597655e-39
1.264638848537049307e+04 1.108476456518162582e-39
1.324118160560853357e+04 1.064272322584180215e-39
1.386394942046325559e+04 1.022430996216441284e-39
1.451600765386000785e+04 9.828956121679785708e-40
1.519873391170244395e+04 9.443235985453582249e-40
1.591357059234584813e+04 9.074176683432683276e-40
1.666202793395758636e+04 8.732110716625013878e-40
1.744568720520301576e+04 8.401306860382141467e-40
1.826620404599778703e+04 8.078836046019617375e-40
1.912531196538454242e+04 7.775286539345107011e-40
2.002482600392419408e+04 7.486689789555310044e-40
2.096664656833879417e+04 7.207253945705613022e-40
2.195276344650815008e+04 6.939011308342289642e-40
2.298526001130220902e+04 6.686782232299193032e-40
2.406631762213082038e+04 6.452214311301351008e-40
2.519822023350998643e+04 6.228531398636352024e-40
2.638335922038143690e+04 6.009702736540509187e-40
2.762423843037923143e+04 5.801811342200869440e-40
2.892347947371837290e+04 5.605228511821556481e-40
3.028382726188058587e+04 5.412741440422249120e-40
3.170815580679924096e+04 5.228107859978811686e-40
3.319947429279518110e+04 5.057148993012914270e-40
3.476093343409213412e+04 4.896122476996167700e-40
3.639583213134219841e+04 4.747137553056725525e-40
3.810762444122605666e+04 4.606841124342963079e-40
3.989992687385152385e+04 4.472233271910723171e-40
4.177652603336821630e+04 4.343072535837112048e-40
4.374138661794037034e+04 4.220158453441636486e-40
4.579865979598010745e+04 4.104338064316457586e-40
4.795269197633609292e+04 3.998811462602397660e-40
5.020803399096842622e+04 3.888603926455745956e-40
5.256945070950843365e+04 3.760300895020542671e-40
5.504193110601674562e+04 3.669999151504300544e-40
5.763069879920814856e+04 3.616107784821031230e-40
6.034122308841003542e+04 3.556342381214499493e-40
6.317923050857221824e+04 3.486066180027693024e-40
6.615071692873901338e+04 3.412152032918506860e-40
6.926196021954444586e+04 3.335521773816159106e-40
7.251953351649326214e+04 3.253522521565895861e-40
7.593031910704982874e+04 3.164663454484976869e-40
7.950152297087208717e+04 3.072133200724267093e-40
8.324069000391264854e+04 2.976795574698927592e-40
8.715571995854907436e+04 2.876920923000276302e-40
9.125488413342059357e+04 2.772464948153065908e-40
9.554684284823192866e+04 2.663362183160399677e-40
1.000406637404444336e+05 2.549589718642464969e-40
1.047458409225069481e+05 2.431004975933011444e-40
1.096723150401040184e+05 2.307649361553784035e-40
1.148304942737954843e+05 2.179593281371352775e-40
1.202312763284188113e+05 2.047236451289201723e-40
1.258860714567124960e+05 1.911222455767087841e-40
1.318068265657987504e+05 1.770998763075650429e-40
1.380060504574605729e+05 1.616910017470427275e-40
1.444968402555344219e+05 1.399639725271727826e-40
1.512929090762534761e+05 1.026863094295689639e-40
1.584086150000000198e+05 8.987996492148731990e-41
