1.776820000000000066e+00 0.000000000000000000e+00
1.860701490666333280e+00 0.000000000000000000e+00
1.948542923519497982e+00 0.000000000000000000e+00
2.040531242568220271e+00 0.000000000000000000e+00
2.136862217218352455e+00 0.000000000000000000e+00
2.237740858909036401e+00 0.000000000000000000e+00
2.343381857417749181e+00 0.000000000000000000e+00
2.454010037762770935e+00 0.000000000000000000e+00
2.569860838675460890e+00 0.000000000000000000e+00
2.691180813660620341e+00 0.000000000000000000e+00
2.818228155711299809e+00 2.836866604463848836e-55
2.951273246794749561e+00 8.616301687641192472e-53
3.090599233278924718e+00 9.967476114194378868e-44
3.236502628524173364e+00 2.135576948611819572e-43
3.389293943922533359e+00 6.956930037939069499e-43
3.549298349727622259e+00 1.995257989009501392e-42
3.716856367081495360e+00 3.365429089403008267e-42
3.892324592711243092e+00 5.604263101303585812e-42
4.076076457837618960e+00 9.320513210471403142e-42
4.268503022910820732e+00 1.516525571258608115e-41
4.470013809864766152e+00 2.397957719371601913e-41
4.681037673661072596e+00 3.293405225493296287e-41
4.902023714977556068e+00 4.566533993322274224e-41
5.133442235983642910e+00 6.318719584845273546e-41
5.375785741236748017e+00 8.660168137130336501e-41
5.629569985829760093e+00 1.155455555485773328e-40
5.895335073020274486e+00 1.447404021352426079e-40
6.173646603677549471e+00 1.813267313307274070e-40
6.465096879993448731e+00 2.253235917719150833e-40
6.770306166019107508e+00 2.768366541744689845e-40
7.089924007709965892e+00 3.352331775355219478e-40
7.424630615288523749e+00 3.924072190163350890e-40
7.775138310866746671e+00 4.569148861861782259e-40
8.142193044408928770e+00 5.272800105822249170e-40
8.526575981261320436e+00 6.031868969281782944e-40
8.929105164627083369e+00 6.831529509374436556e-40
9.350637256524617413e+00 7.560038714639640457e-40
9.792069360934425148e+00 8.304229940022048820e-40
1.025434093301449678e+01 9.089874658553227378e-40
1.073843577844737851e+01 9.902373322636348598e-40
1.124538414717401302e+01 1.069544274821524296e-39
1.177626492597012309e+01 1.140103370863059376e-39
1.233220793453150144e+01 1.207308824113165276e-39
1.291439632995461295e+01 1.273252030164990074e-39
1.352406912472977929e+01 1.342228192441709529e-39
1.416252382360578288e+01 1.403649626746303240e-39
1.483111918493755610e+01 1.450853071710080794e-39
1.553127811239369116e+01 1.497362936770317202e-39
1.626449068317799629e+01 1.543860746287924715e-39
1.703231731920960002e+01 1.590162723914051531e-39
1.783639210801054631e+01 1.627608307970640554e-39
1.867842628036855501e+01 1.652374478961815020e-39
1.956021185217578662e+01 1.676417309560895316e-39
2.048362543819450465e+01 1.696897400127526275e-39
2.145063224586584383e+01 1.715025317571740982e-39
2.246329025766137377e+01 1.728856254794886145e-39
2.352375461087844144e+01 1.731515885027554917e-39
2.463428218420017757e+01 1.731059281611521724e-39
2.579723640078137237e+01 1.727238215212108006e-39
2.701509225808224102e+01 1.721295700194562544e-39
2.829044159515435553e+01 1.712048507111298198e-39
2.962599860858867729e+01 1.695382578208645302e-39
3.102460562886485818e+01 1.678454595607386803e-39
3.248923916939475021e+01 1.660143755111810322e-39
3.402301626113383293e+01 1.639246702486286547e-39
3.562920108624205540e+01 1.614355268655141573e-39
3.731121192491144711e+01 1.586239303195738214e-39
3.907262843014496667e+01 1.557444539536111228e-39
4.091719924596890934e+01 1.528186596058092771e-39
4.284884998529155808e+01 1.497619410497101374e-39
4.487169158438675964e+01 1.465459540376852850e-39
4.699002905178261358e+01 1.430108791582579895e-39
4.920837063017427226e+01 1.394493648124745105e-39
5.153143739085932395e+01 1.358867686182248929e-39
5.396417328111499501e+01 1.323730069471335546e-39
5.651175564589942724e+01 1.289744596845352661e-39
5.917960624626952182e+01 1.253670517836923797e-39
6.197340279796508611e+01 1.217677392153282360e-39
6.489909105471504347e+01 1.180978899418871085e-39
6.796289746198171144e+01 1.144698684790760737e-39
7.117134240807317269e+01 1.109357378299152052e-39
7.453125410082380142e+01 1.073407897415836891e-39
7.804978309937646941e+01 1.037998365805321385e-39
8.173441753199188042e+01 1.003781469894757938e-39
8.559299903227211814e+01 9.699507568807948677e-40
8.963373942771396230e+01 9.353219599315487312e-40
9.386523821610805385e+01 9.009614340406162177e-40
9.829650086697735389e+01 8.679375094936475840e-40
1.029369579870044049e+02 8.365500253750008653e-40
1.077964853902347784e+02 8.066134905795509627e-40
1.128854251157694222e+02 7.766860525541387224e-40
1.182146074376779126e+02 7.462543986874417792e-40
1.237953739139714031e+02 7.164472907115330974e-40
1.296396015236898620e+02 6.883932513399110470e-40
1.357597279434715745e+02 6.608142745564227105e-40
1.421687780173982958e+02 6.346701194930120089e-40
1.488803914764489207e+02 6.084210421220588012e-40
1.559088519665558294e+02 5.833867982989088316e-40
1.632691174470385533e+02 5.593228078069537073e-40
1.709768520241111673e+02 5.357166875011756243e-40
1.790484592872101075e+02 5.130145901349688478e-40
1.875011172190891955e+02 4.918474996020120425e-40
1.963528147539775830e+02 4.711016981253741779e-40
2.056223900616024309e+02 4.509550415170572398e-40
2.153295706385552819e+02 4.321634056734315338e-40
2.254950152923206872e+02 4.130903704385532996e-40
2.361403581073201678e+02 3.948653748358168771e-40
2.472882544865390457e+02 3.771044800875379267e-40
2.589624293667221195e+02 3.598782568097601459e-40
2.711877277097481738e+02 3.435360306615246193e-40
2.839901673776432176e+02 3.275671201501494453e-40
2.973969945037551383e+02 3.122441668240651159e-40
3.114367414779349588e+02 2.976943380906315978e-40
3.261392876691273841e+02 2.837958033217722290e-40
3.415359230146002005e+02 2.701769332790741702e-40
3.576594146111415284e+02 2.571125045899675730e-40
3.745440764499493298e+02 2.443258800192331670e-40
3.922258424436159885e+02 2.319659380128000022e-40
4.107423429006283300e+02 2.202517938164640927e-40
4.301329846101356225e+02 2.089799804445581377e-40
4.504390347074206034e+02 1.983952937487582186e-40
4.717037084985544766e+02 1.883423882531866859e-40
4.939722614311509687e+02 1.788687680164836902e-40
5.172920854069417373e+02 1.696747811298290124e-40
5.417128096411523757e+02 1.608563407634386406e-40
5.672864062833261869e+02 1.521987422736666405e-40
5.940673010243767749e+02 1.438411815080884908e-40
6.221124889252614594e+02 1.358592067144537345e-40
6.514816557137900190e+02 1.283047056051565311e-40
6.822373048077013209e+02 1.210838770140665311e-40
7.144448903343451320e+02 1.141877401314254693e-40
7.481729564300616175e+02 1.075622083014605917e-40
7.834932831157084365e+02 1.012300511054113299e-40
8.204810390588004338e+02 9.526697332807148935e-41
8.592149415473552381e+02 8.959860241634468905e-41
8.997774240159104693e+02 8.393074941677773934e-41
9.422548114802386863e+02 7.826916469274719053e-41
9.867375042541204948e+02 7.298287404206229494e-41
1.033320170339155993e+03 6.796803383973290545e-41
1.082101946897072594e+03 6.323690888910659336e-41
1.133186651233284238e+03 5.883929766254193607e-41
1.186683001740728741e+03 5.464347122992370313e-41
1.242704849274193521e+03 5.068562448129548756e-41
1.301371419447538301e+03 4.695602566542263635e-41
1.362807566369466713e+03 4.344769623429816016e-41
1.427144038357866521e+03 3.979083541203338381e-41
1.494517756198181132e+03 3.615587160530522196e-41
1.565072104538027816e+03 3.274174141491641611e-41
1.638957237038193625e+03 2.961224069366590952e-41
1.716330395929438282e+03 2.672217272126848424e-41
1.797356246655172299e+03 2.401516796181298096e-41
1.882207228312222924e+03 2.155674376942736963e-41
1.971063920635461272e+03 1.927016334684240680e-41
2.064115428307329694e+03 1.716197170624079357e-41
2.161559783410150885e+03 1.524276185371974526e-41
2.263604366877718348e+03 1.326102887696654214e-41
2.370466349843085482e+03 1.132478950184746970e-41
2.482373155821867385e+03 9.648047386503874414e-42
2.599562944714623427e+03 8.146869435841769467e-42
2.722285119658413350e+03 6.750422261078691528e-42
2.850800857806188105e+03 5.474158914263022065e-42
2.985383666163615544e+03 4.336531855664983666e-42
3.126319963666303465e+03 3.361735384739999852e-42
3.273909690736150424e+03 2.536727764144588644e-42
3.428466947614112541e+03 1.842558897275462737e-42
3.590320662827879005e+03 1.288929715226835283e-42
3.759815293217082854e+03 8.545375305427635824e-43
3.937311557005831673e+03 5.289746874729198035e-43
4.123187201482723140e+03 3.045105545131708187e-43
4.317837806922056188e+03 1.590088715106177824e-43
4.521677628457198807e+03 7.480946967948532734e-44
4.735140477697751521e+03 3.519598706055136847e-44
4.958680645966786869e+03 1.846785964473833563e-44
5.192773871122958553e+03 8.274017213169220357e-45
5.437918350025141990e+03 3.525302718980405742e-45
5.694635798794242874e+03 7.060119219628026790e-46
5.963472563128686488e+03 7.470227294169516819e-47
6.245000781036527769e+03 0.000000000000000000e+00
6.539819600458736204e+03 0.000000000000000000e+00
6.848556454374935129e+03 0.000000000000000000e+00
7.171868396105389365e+03 0.000000000000000000e+00
7.510443497650893732e+03 0.000000000000000000e+00
7.865002314046602805e+03 0.000000000000000000e+00
8.236299416846202803e+03 0.000000000000000000e+00
8.625124999999996362e+03 0.000000000000000000e+00
