1.776820000000000066e+00 0.000000000000000000e+00
1.860419987147875043e+00 0.000000000000000000e+00
1.947953382210521722e+00 0.000000000000000000e+00
2.039605253372180904e+00 0.000000000000000000e+00
2.135569376338296355e+00 0.000000000000000000e+00
2.236048644027356591e+00 0.000000000000000000e+00
2.341255495538883125e+00 2.865815421507477655e-42
2.451412365304499463e+00 5.180527268555016618e-42
2.566752153371719469e+00 9.364826003387623911e-42
2.687518717814745273e+00 1.692877221321634569e-41
2.813967390313358408e+00 3.060209859139908127e-41
2.946365515989980643e+00 4.293451502032815292e-41
3.084993018646245311e+00 5.998452604042067986e-41
3.230142992594146278e+00 8.380544113905385477e-41
3.382122322333044551e+00 1.170861750239608434e-40
3.541252331382686691e+00 1.635835315600165010e-40
3.707869461644038189e+00 2.038048465954718808e-40
3.882325984724282364e+00 2.531914293664706112e-40
4.064990746729893800e+00 3.101820224891516031e-40
4.256249948102485803e+00 3.651990436498832108e-40
4.456507960146200098e+00 4.278167424851366121e-40
4.666188179972984074e+00 4.917068965118883653e-40
4.885733925673339861e+00 5.612419752587641800e-40
5.115609373605166432e+00 6.363667619527527212e-40
5.356300539782348658e+00 7.167293814733048190e-40
5.608316307438025561e+00 8.019099844301531077e-40
5.872189502935056815e+00 8.828848218866252750e-40
6.148478022298446533e+00 9.649960672802513716e-40
6.437766010751492018e+00 1.047753582148429839e-39
6.740665097749530155e+00 1.130476757332614992e-39
7.057815690122414942e+00 1.212654613451327487e-39
7.389888326059822710e+00 1.284581436877664092e-39
7.737585092801998243e+00 1.353226346822642879e-39
8.101641111033352161e+00 1.420947191730683541e-39
8.482826089117279977e+00 1.504978446830274254e-39
8.881945950458248973e+00 1.610828972574023700e-39
9.299844537431850355e+00 1.731574309156970270e-39
9.737405395485303927e+00 1.879013516585422905e-39
1.019555364118054896e+01 2.059823408657422820e-39
1.067525791812934699e+01 2.282727771641533753e-39
1.117753244495584752e+01 2.560324433151109594e-39
1.170343915961645642e+01 2.872312794076921982e-39
1.225408996461069933e+01 3.190487204662273716e-39
1.283064907783002262e+01 3.505436641638178907e-39
1.343433549401482630e+01 3.806694291898700616e-39
1.406642556202389827e+01 4.083567855280411512e-39
1.472825568336524782e+01 4.336398157844306777e-39
1.542122513769373882e+01 4.597739235322482454e-39
1.614679904124935916e+01 4.868028621278396839e-39
1.690651144449097387e+01 5.148152838617620914e-39
1.770196857547489344e+01 5.439967735233759015e-39
1.853485223583541597e+01 5.745948687380735901e-39
1.940692335654747680e+01 6.090938184915292144e-39
2.032002572098909710e+01 6.478670174810374769e-39
2.127608986317523687e+01 6.913296263694007090e-39
2.227713714940483669e+01 7.399095184620657309e-39
2.332528405195078491e+01 7.907318081500972834e-39
2.442274662382842010e+01 8.409493024589248518e-39
2.557184518410345220e+01 8.900250716986107553e-39
2.677500922364516001e+01 9.374776656683592922e-39
2.803478254169705508e+01 9.827824794094672542e-39
2.935382862412484428e+01 1.026217627696027481e-38
3.073493627471283673e+01 1.071009760926872636e-38
3.218102551141478074e+01 1.117184464101516158e-38
3.369515374002528318e+01 1.164837465817609894e-38
3.528052221832459168e+01 1.214059774139799955e-38
3.694048282436361319e+01 1.264692066978161927e-38
3.867854514319899550e+01 1.318612807975518585e-38
4.049838388706159265e+01 1.375999035576888508e-38
4.240384666464629504e+01 1.437068427894416489e-38
4.439896211594968634e+01 1.501957272488468796e-38
4.648794842985454068e+01 1.568915613141276386e-38
4.867522226246949657e+01 1.637039018286799421e-38
5.096540807507989257e+01 1.706222509992396936e-38
5.336334791145210943e+01 1.776428355212434536e-38
5.587411163516355828e+01 1.847529362318322251e-38
5.850300764860251235e+01 1.916989450508477299e-38
6.125559411630053575e+01 1.982572222398489461e-38
6.413769071632651730e+01 2.043835193730330515e-38
6.715539094458783609e+01 2.100459602379347240e-38
7.031507499805304917e+01 2.152092005617750972e-38
7.362342326413462956e+01 2.201226714022504701e-38
7.708743044475181705e+01 2.254700171328870975e-38
8.071442034493526307e+01 2.312811727749759124e-38
8.451206135724085300e+01 2.375823499972836268e-38
8.848838267471012387e+01 2.443936094837049748e-38
9.265179126665641718e+01 2.513766608825694528e-38
9.701108965316718979e+01 2.582185427801774880e-38
1.015754945159029319e+02 2.648958370345400719e-38
1.063546561845404028e+02 2.714762291964445377e-38
1.113586790400599966e+02 2.785077414926532508e-38
1.165981428780138884e+02 2.855275488270597882e-38
1.220841252769446470e+02 2.914439545876530818e-38
1.278282250192438170e+02 2.967323214908805731e-38
1.338425866139718039e+02 3.016690951952997733e-38
1.401399259734827467e+02 3.062147984677230563e-38
1.467335572981455982e+02 3.104520500931634612e-38
1.536374212259981960e+02 3.149856829644844817e-38
1.608661143068538593e+02 3.195834699033134374e-38
1.684349198631745423e+02 3.240483561403244142e-38
1.763598403029571671e+02 3.280169419432427873e-38
1.846576309529545199e+02 3.313515973774860993e-38
1.933458354837591173e+02 3.339116502881377014e-38
2.024428230016492591e+02 3.364177148884799814e-38
2.119678268856201839e+02 3.392228682817150240e-38
2.219409854517107306e+02 3.419202230700427672e-38
2.323833845305985903e+02 3.441863784238868126e-38
2.433171020484889482e+02 3.459623788075810457e-38
2.547652547055457148e+02 3.473898770943777206e-38
2.667520468505626354e+02 3.486035705457419682e-38
2.793028216552001481e+02 3.499996891143399013e-38
2.924441146959922548e+02 3.514205262908631249e-38
3.062037100573999169e+02 3.523803871772339571e-38
3.206106990745375924e+02 3.530726227985226435e-38
3.356955418397598123e+02 3.535317143296181779e-38
3.514901316031591136e+02 3.531027107959405199e-38
3.680278622031238456e+02 3.518025024597957739e-38
3.853436986695305109e+02 3.503185156370855738e-38
4.034742511488405512e+02 3.486688311804547658e-38
4.224578523073941483e+02 3.467894994577454472e-38
4.423346383765611449e+02 3.443177115122862216e-38
4.631466340110879969e+02 3.414188914534368341e-38
4.849378411400650180e+02 3.385730885956096256e-38
5.077543319983552124e+02 3.354423597816476243e-38
5.316443465351911755e+02 3.318225791317431735e-38
5.566583944058712632e+02 3.278276803111786049e-38
5.828493617622090142e+02 3.235783436804930065e-38
6.102726230675000352e+02 3.195916485688835299e-38
6.389861581724310327e+02 3.154783835379371236e-38
6.690506748994409918e+02 3.109947106304781449e-38
7.005297373947245205e+02 3.063076201435082835e-38
7.334899005192412460e+02 3.014786412181825492e-38
7.680008505628605917e+02 2.965573639211288293e-38
8.041355525791666423e+02 2.912477010405538281e-38
8.419704046524025216e+02 2.854571640592323173e-38
8.815853994227409203e+02 2.799192874595053032e-38
9.230642932113601091e+02 2.744527661888137877e-38
9.664947831029264762e+02 2.685585571806023902e-38
1.011968692359852753e+03 2.623889090233282944e-38
1.059582164560377578e+03 2.560979352253837497e-38
1.109435866870889640e+03 2.500506832507416102e-38
1.161635202882302565e+03 2.441811302138334967e-38
1.216290535460437013e+03 2.381736626935216523e-38
1.273517420081599084e+03 2.321143770616661938e-38
1.333436849146680288e+03 2.260821875844169261e-38
1.396175507790304437e+03 2.201691543828359998e-38
1.461866041725902051e+03 2.142842925713856880e-38
1.530647337692965948e+03 2.083105912975015770e-38
1.602664817099468792e+03 2.023868224756365590e-38
1.678070743480230703e+03 1.965612952299758892e-38
1.757024544421335577e+03 1.904590176655141578e-38
1.839693148631172562e+03 1.842414540210558901e-38
1.926251338870815061e+03 1.784449273735909245e-38
2.016882121489862129e+03 1.730318262052265872e-38
2.111777113349101000e+03 1.679022268818197621e-38
2.211136946947981869e+03 1.625822883221964665e-38
2.315171694613497039e+03 1.570854215645905264e-38
2.424101312647295799e+03 1.517479149398507556e-38
2.538156106370046473e+03 1.466019164418740912e-38
2.657577217046332407e+03 1.416518530918575062e-38
2.782617131719488043e+03 1.368838165984470717e-38
2.913540217034380930e+03 1.322274737031423816e-38
3.050623278176696203e+03 1.275202929543143200e-38
3.194156144110545938e+03 1.228133973932751070e-38
3.344442280351664067e+03 1.181765666983499003e-38
3.501799430571839366e+03 1.138410312487453500e-38
3.666560288390998721e+03 1.097433316392430818e-38
3.839073200777396323e+03 1.056386475511980753e-38
4.019702904542969009e+03 1.015746045262781395e-38
4.208831297491080477e+03 9.760612793899019198e-39
4.406858245847038233e+03 9.383602122181123914e-39
4.614202429678442059e+03 9.023944898425748537e-39
4.831302228092921723e+03 8.669891311611569003e-39
5.058616646084649801e+03 8.329168454644508679e-39
5.296626284989382839e+03 8.006579395140451833e-39
5.545834358599655388e+03 7.687513185226807240e-39
5.806767757088628969e+03 7.374690792764366158e-39
6.079978160991837285e+03 7.085479514530813076e-39
6.366043207602233451e+03 6.809257407487316979e-39
6.665567712244434915e+03 6.537089958538590356e-39
6.979184947010438918e+03 6.271956652309742196e-39
7.307557979660185083e+03 6.015886785343050760e-39
7.651381075517916543e+03 5.772336121926071945e-39
8.011381165328250972e+03 5.538809787460558819e-39
8.388319382175293867e+03 5.313099166244386348e-39
8.782992670714444102e+03 5.095246944197355668e-39
9.196235472118974940e+03 4.884441331207631229e-39
9.628921488304060404e+03 4.679088461222068832e-39
1.008196552915800567e+04 4.483511599588212348e-39
1.055632544668648734e+04 4.300609102804828061e-39
1.105300416015873816e+04 4.123059400719631329e-39
1.157305177653781357e+04 3.949652382031782623e-39
1.211756781067761767e+04 3.782492015966868201e-39
1.268770350998094546e+04 3.622044281403099687e-39
1.328466428843371068e+04 3.468430280409204887e-39
1.390971227516105319e+04 3.320235880670870170e-39
1.456416898289404890e+04 3.177991638790894261e-39
1.524941810198850362e+04 3.044675655460186379e-39
1.596690842590358443e+04 2.915270602161503300e-39
1.671815691432493259e+04 2.785917722070611627e-39
1.750475190040892994e+04 2.665497436556948784e-39
1.832835644892870550e+04 2.554353785046161712e-39
1.919071187242241649e+04 2.446899861846112239e-39
2.009364141277717135e+04 2.342713267843034103e-39
2.103905409603274165e+04 2.241909936177051559e-39
2.202894876855543043e+04 2.146004262220563017e-39
2.306541832311497637e+04 2.055111884245405058e-39
2.415065412379976624e+04 1.968533793970387686e-39
2.528695063912625119e+04 1.886229783868385448e-39
2.647671029313728286e+04 1.808060733222853201e-39
2.772244854474653766e+04 1.731903883346247274e-39
2.902679920606755331e+04 1.657604087427279618e-39
3.039252001097247921e+04 1.586631090960852203e-39
3.182249844565286185e+04 1.518586028660219316e-39
3.331975785351068771e+04 1.453053891638874900e-39
3.488746382728617755e+04 1.391156073133515747e-39
3.652893090193810349e+04 1.332630258509743726e-39
3.824762956242571818e+04 1.275667217414713141e-39
4.004719358120960533e+04 1.221172671904412159e-39
4.193142770098400069e+04 1.170054890945457992e-39
4.390431567888511927e+04 1.119981702342761025e-39
4.597002870918147528e+04 1.071068488722638292e-39
4.813293424225458148e+04 1.026098660127190878e-39
5.039760521851664089e+04 9.839640083009545190e-40
5.276882973678614508e+04 9.433014315365826777e-40
5.525162117756454245e+04 9.042468660668664742e-40
5.785122880261580576e+04 8.669397400879122873e-40
6.057314885326100193e+04 8.316530095499792939e-40
6.342313617085022270e+04 7.974998645582842954e-40
6.640721636398244300e+04 7.636363105259259527e-40
6.953169854819637840e+04 7.317946353064021339e-40
7.280318868506958825e+04 7.020545989507913151e-40
7.622860354892544274e+04 6.728390443293169669e-40
7.981518535067830817e+04 6.450773796744367257e-40
8.357051704973724554e+04 6.198437582472709485e-40
8.750253838633814303e+04 5.951303238394554534e-40
9.161956266820381279e+04 5.705825325483978683e-40
9.593029434702082654e+04 5.472065600210079968e-40
1.004438474218976917e+05 5.251901607738760964e-40
1.051697647087099031e+05 5.046452434248110806e-40
1.101180380160755740e+05 4.852339754998125847e-40
1.152991292706162785e+05 4.667396576148838780e-40
1.207239926361707912e+05 4.488696382213832782e-40
1.264040976737232268e+05 4.315717011606391020e-40
1.323514535910149862e+05 4.148509862360726858e-40
1.385786346331077511e+05 3.992769150637973914e-40
1.450988066675838199e+05 3.849028071448346256e-40
1.519257550205865991e+05 3.710255714053880487e-40
1.590739136225564580e+05 3.575646468574772369e-40
1.665583955252858868e+05 3.445555477604004577e-40
1.743950248548096570e+05 3.321645347387718941e-40
1.826003702676910616e+05 3.204273001595859511e-40
1.911917799814358295e+05 3.092852196051810773e-40
2.001874184531027277e+05 2.986267466859457726e-40
2.096063047836513724e+05 2.883321381889535395e-40
2.194683529292302264e+05 2.785349070769853446e-40
2.297944138044166320e+05 2.692907968043410909e-40
2.406063193664333085e+05 2.603792355883628842e-40
2.519269287735381222e+05 2.519913973560182150e-40
2.637801767151817330e+05 2.444359385081642027e-40
2.761911240161199821e+05 2.371704677346601671e-40
2.891860106214623665e+05 2.300428391507458522e-40
3.027923110746879829e+05 2.233359497750961330e-40
3.170387926059173187e+05 2.170617490568619534e-40
3.319555759532637894e+05 2.111948251161621677e-40
3.475741990458437940e+05 2.056670574388152454e-40
3.639276836830982356e+05 2.005416291734297968e-40
3.810506053513946827e+05 1.958463166346711971e-40
3.989791663255317835e+05 1.914781673711525537e-40
4.177512722096873913e+05 1.873543333486102072e-40
4.374066120796448668e+05 1.834275969957565667e-40
4.579867423957452411e+05 1.797511446927763891e-40
4.795351748639642610e+05 1.766873859643578382e-40
5.020974684308887227e+05 1.736115866511229611e-40
5.257213256070811767e+05 1.697805294441495731e-40
5.504566933225027751e+05 1.669461120211517078e-40
5.763558685272069415e+05 1.652027236216383147e-40
6.034736087605892681e+05 1.636592315622063416e-40
6.318672479229503078e+05 1.622089749827198679e-40
6.615968174941624748e+05 1.611652816763051335e-40
6.927251734557040036e+05 1.606520830724133143e-40
7.253181291844262742e+05 1.606921262122025757e-40
7.594445945990084438e+05 1.612868088977097360e-40
7.951767218533164123e+05 1.624617540317830157e-40
8.325900578846695134e+05 1.643701533059604145e-40
8.717637041395552224e+05 1.669463559780113686e-40
9.127804838145080721e+05 1.702891221808543462e-40
9.557271169657125138e+05 1.744234838727106458e-40
1.000694403857582249e+06 1.794403506944838357e-40
1.047777416937941103e+06 1.854583255660134839e-40
1.097075701845722739e+06 1.925737906339229054e-40
1.148693487876129337e+06 2.009679801382112441e-40
1.202739908348262310e+06 2.107869200994549579e-40
1.259329231341108913e+06 2.221717095545557784e-40
1.318581101285762154e+06 2.351493960263160916e-40
1.380620791924613761e+06 2.492839606965750017e-40
1.445579471172362566e+06 2.618686740528157314e-40
1.513594478438850027e+06 2.594977470443404469e-40
1.584809614999999059e+06 1.772195214165071263e-40
