5.109905999999998913e-04 9.935316626613174799e-33
5.350769730897263080e-04 1.190998249085495485e-32
5.602986965530555585e-04 1.399636452337858732e-32
5.867092869765675464e-04 1.609865912820083329e-32
6.143647835381969456e-04 1.823855747735055059e-32
6.433238669136837496e-04 2.022158145503579733e-32
6.736479837878660412e-04 2.168368831749756039e-32
7.054014772350185704e-04 2.274244770276846545e-32
7.386517232448802173e-04 2.348522130120453621e-32
7.734692736840585335e-04 2.400408192200034001e-32
8.099280059961479292e-04 2.435164667056181276e-32
8.481052799582157204e-04 2.459732231537355867e-32
8.880821018262509891e-04 2.472366939688431813e-32
9.299432962178807603e-04 2.473262777182139913e-32
9.737776860970563360e-04 2.466945319306583161e-32
1.019678281242612306e-03 2.452776837013880530e-32
1.067742475600591892e-03 2.429310174278525406e-32
1.118072253939105323e-03 2.397396781384767487e-32
1.170774408244191567e-03 2.359284217895795054e-32
1.225960764315855728e-03 2.321691732326587487e-32
1.283748419045077638e-03 2.282104148177595150e-32
1.344259988875260315e-03 2.237278426525554169e-32
1.407623869975305978e-03 2.190874489138629161e-32
1.473974510676386886e-03 2.141722519103769275e-32
1.543452696750452534e-03 2.081989682630360775e-32
1.616205850135809955e-03 2.019760578367676594e-32
1.692388341743621431e-03 1.962817753153633640e-32
1.772161819009035466e-03 1.907478671685563730e-32
1.855695548881991811e-03 1.851995172738416709e-32
1.943166776985437005e-03 1.794313177728495786e-32
2.034761103703056507e-03 1.735801412048392695e-32
2.130672877994512285e-03 1.677674818363990725e-32
2.231105609773799316e-03 1.619727853772487650e-32
2.336272401725734624e-03 1.563757416484379968e-32
2.446396401476801010e-03 1.514320725129855228e-32
2.561711275079826908e-03 1.464719468841535108e-32
2.682461702817111066e-03 1.410751949927082335e-32
2.808903898374046776e-03 1.358237430305114376e-32
2.941306152484838426e-03 1.307818832796077211e-32
3.079949402203830365e-03 1.258131675262898222e-32
3.225127827010395437e-03 1.209128014824046353e-32
3.377149473012163589e-03 1.161086934712785234e-32
3.536336906571105679e-03 1.115907626960574461e-32
3.703027898739338821e-03 1.072052772095470194e-32
3.877576141956927316e-03 1.025916993419009953e-32
4.060352000532405428e-03 9.818119460961800906e-33
4.251743296498399285e-03 9.415180964664117679e-33
4.452156132509870780e-03 9.014533927091147293e-33
4.662015753530974853e-03 8.620434025311941012e-33
4.881767449138939979e-03 8.249917287200139000e-33
5.111877498359498548e-03 7.894345105618686466e-33
5.352834159038705707e-03 7.548614196822780250e-33
5.605148703850368515e-03 7.209210054368260249e-33
5.869356505137391170e-03 6.878807061855424162e-33
6.146018170888879056e-03 6.562038625188572587e-33
6.435720734263366931e-03 6.257775554495691480e-33
6.739078899182164399e-03 5.965416814032066095e-33
7.056736344635776599e-03 5.684869796003107039e-33
7.389367090470885108e-03 5.412985482262303691e-33
7.737676927556005717e-03 5.146049995642705557e-33
8.102404915360255158e-03 4.894048180976424849e-33
8.484324950122931405e-03 4.658245626614030901e-33
8.884247406941384734e-03 4.429905212937224673e-33
9.303020859261299652e-03 4.209731941498342239e-33
9.741533879417983016e-03 3.999645984429539487e-33
1.020071692404908061e-02 3.799107869221628603e-33
1.068154430837931282e-02 3.607652034481008531e-33
1.118503627356628137e-02 3.424898903839560296e-33
1.171226115149405674e-02 3.250271534041056749e-33
1.226433763160777665e-02 3.083171639119729913e-33
1.284243713459917551e-02 2.923366489935943874e-33
1.344778629797970318e-02 2.770610934111956288e-33
1.408166957881511194e-02 2.624709085483274149e-33
1.474543197914418048e-02 2.486239907707454357e-33
1.544048189986454295e-02 2.355812530242464764e-33
1.616829412914099276e-02 2.232918151265014538e-33
1.693041297167727915e-02 2.117099164685492041e-33
1.772845552549130732e-02 2.007927341533479913e-33
1.856411511314636636e-02 1.904753091916689138e-33
1.943916487471903168e-02 1.806943089909131425e-33
2.035546153012755127e-02 1.714214578556788776e-33
2.131494931880355964e-02 1.626284823522601779e-33
2.231966412506675157e-02 1.542922800045899191e-33
2.337173779795573975e-02 1.463917603246088867e-33
2.447340267468110786e-02 1.389068918940646928e-33
2.562699631729895358e-02 1.318151844789553738e-33
2.683496647265506962e-02 1.250952411436515515e-33
2.809987626612420880e-02 1.187268779688436843e-33
2.942440964016478089e-02 1.127026150044453907e-33
3.081137704922858739e-02 1.070164499579850415e-33
3.226372142310934832e-02 1.016474588975833348e-33
3.378452441138352080e-02 9.657468515724120934e-34
3.537701292219284227e-02 9.178145297178633908e-34
3.704456596924304151e-02 8.724628019473090832e-34
3.879072184154709613e-02 8.294861889248069309e-34
4.061918561112586035e-02 7.887520424636956102e-34
4.253383699459636902e-02 7.501368980246802566e-34
4.453873858532907126e-02 7.135244577126699617e-34
4.663814447364099391e-02 6.788205603144098091e-34
4.883650927331574521e-02 6.459374166464228523e-34
5.113849757360339893e-02 6.147705035308925702e-34
5.354899383675556374e-02 5.852110481906635773e-34
5.607311276209701878e-02 5.571794135436810538e-34
5.871621013862442923e-02 5.306417975569871569e-34
6.148389420916054032e-02 5.055717441204794453e-34
6.438203757017561812e-02 4.818764907928935922e-34
6.741678963252673018e-02 4.594702760449518024e-34
7.059458966955410586e-02 4.382733283554574470e-34
7.392218048022081156e-02 4.181962941504768057e-34
7.740662269628641179e-02 3.991542958728185665e-34
8.105530976387326225e-02 3.810870170198235255e-34
8.487598363121250100e-02 3.639299918001969649e-34
8.887675117585792928e-02 3.476395788416109204e-34
9.306610140622322003e-02 3.321721529929568531e-34
9.745292347394160504e-02 3.174874886059570582e-34
1.020465255352670381e-01 3.035407870926121260e-34
1.068566545015390973e-01 2.902906530504003556e-34
1.118935167206172310e-01 2.776983153997919142e-34
1.171677996331685206e-01 2.656856435677590744e-34
1.226906944497596769e-01 2.541742581068321761e-34
1.284739198968708473e-01 2.431436493924852900e-34
1.345297470822156838e-01 2.325683238140654751e-34
1.408710255321299898e-01 2.224363075324316600e-34
1.475112104562739113e-01 2.127257847932912404e-34
1.544643912975006972e-01 2.034154769209123370e-34
1.617453216274697680e-01 1.944901962704611404e-34
1.693694504514385857e-01 1.859357839595853761e-34
1.773529549886556922e-01 1.777385069037191297e-34
1.857127749979126385e-01 1.699159914990487084e-34
1.944666487210851280e-01 1.624874395625488535e-34
2.036331505209320047e-01 1.554302484215596638e-34
2.132317302930133163e-01 1.487188565006176650e-34
2.232827547353522790e-01 1.423383994621248811e-34
2.338075505634116813e-01 1.362574122701135270e-34
2.448284497620768219e-01 1.304449338367423751e-34
2.563688369706648706e-01 1.248885076844874778e-34
2.684531991015038366e-01 1.195767774447686578e-34
2.811071772973641747e-01 1.144988675175479529e-34
2.943576213379868189e-01 1.096435034785259454e-34
3.082326466111545704e-01 1.049999404159306380e-34
3.227616937691846766e-01 1.005585983411113843e-34
3.379755911974281490e-01 9.630733072579922602e-35
3.539066204273242366e-01 9.224098406573664161e-35
3.705885846328045852e-01 8.834602333906962633e-35
3.880568803553861579e-01 8.460872523833650881e-35
4.063485726101461193e-01 8.102280971787824677e-35
4.255024735319356544e-01 7.758251550982523410e-35
4.455592247287123997e-01 7.428235337856275011e-35
4.665613835167312651e-01 7.111102688492794385e-35
4.885535132205715558e-01 6.805714336589719650e-35
5.115822777296002988e-01 6.511727096300711029e-35
5.356965405115129419e-01 6.228583889473716496e-35
5.609474682930338796e-01 5.956207526801257689e-35
5.873886396277775424e-01 5.695502337224188544e-35
6.150761585816321153e-01 5.447411103118547273e-35
6.440687737768887589e-01 5.211263182288696304e-35
6.744280030477065591e-01 4.986445971497685048e-35
7.062182639714226218e-01 4.772384144584519398e-35
7.395070105526603266e-01 4.567619105778570415e-35
7.743648763502691823e-01 4.370679947190984912e-35
8.108658243507860242e-01 4.181306815714981473e-35
8.490873039064209538e-01 3.999101261434748420e-35
8.891104150705793074e-01 3.823995673223036508e-35
9.310200806795974060e-01 3.656197082640913485e-35
9.749052265458344468e-01 3.495928770093628451e-35
1.020858970144458810e+00 3.342844088295500857e-35
1.068978818194293634e+00 3.196621156021437893e-35
1.119366873551951080e+00 3.056952086426970683e-35
1.172130051858270017e+00 2.923535959085790683e-35
1.227380308396724518e+00 2.796086588053371614e-35
1.285234875645176800e+00 2.674315343375713363e-35
1.345816512025019840e+00 2.557780252658988140e-35
1.409253762375515029e+00 2.446349886198639524e-35
1.475681230706003655e+00 2.339797551448966667e-35
1.545239865804753920e+00 2.237907169496714317e-35
1.618077260310429866e+00 2.140472725586297370e-35
1.694347963880788122e+00 2.047303386693900779e-35
1.774213811123087625e+00 1.958215818182514846e-35
1.857844264982037474e+00 1.873029895506911561e-35
1.945416776313881879e+00 1.791573757140015288e-35
2.037117160409614769e+00 1.713683046805038041e-35
2.133139991266209901e+00 1.639137469659994011e-35
2.233689014442475251e+00 1.567864721196958763e-35
2.338977579375538074e+00 1.499719461932180372e-35
2.449229092075274394e+00 1.434562923530902378e-35
2.564677489157210832e+00 1.372262606524722885e-35
2.685567734219768798e+00 1.312695358055698820e-35
2.812156337619025948e+00 1.255742770697727847e-35
2.944711900743926414e+00 1.201288676681621632e-35
3.083515685946776941e+00 1.149222158085051717e-35
3.228862213338355769e+00 1.099386895829344760e-35
3.381059885713909363e+00 1.051507932962443670e-35
3.540431642936083367e+00 1.005555934591274836e-35
3.707315647163229144e+00 9.614611472980579746e-36
3.882066000377073500e+00 9.191560123907129749e-36
4.065053495732225741e+00 8.785751096544942363e-36
4.256666404321744146e+00 8.396571081503441361e-36
4.457311299028217100e+00 8.023421182168349979e-36
4.667413917208369512e+00 7.665703265034301763e-36
4.887420064041720913e+00 7.322838764684758100e-36
5.117796558460059764e+00 6.994642447119010905e-36
5.359032223664835115e+00 6.680970126466272394e-36
5.611638924334195977e+00 6.381494768505125383e-36
5.876152652720480596e+00 6.095565844809762843e-36
6.153134665942676662e+00 5.822563346750076524e-36
6.443172676886957717e+00 5.561896307145755126e-36
6.746882101242377416e+00 5.313012891284606214e-36
7.064907363317494138e+00 5.075384119255546033e-36
7.397923263408848094e+00 4.848495226030680152e-36
7.746636409622559505e+00 4.631855474000632803e-36
8.111786717187175810e+00 4.424976717670846302e-36
8.494148978439060471e+00 4.227212827909351038e-36
8.894534506811602625e+00 4.038348257952070541e-36
9.313792858316523038e+00 3.857979527397743578e-36
9.752813634170014012e+00 3.685721615614407542e-36
1.021252836838858968e+01 3.521207118151228773e-36
1.069391250435984553e+01 3.364093814260014392e-36
1.119798746458201322e+01 3.214052954231602676e-36
1.172582281796425363e+01 3.070763253909675232e-36
1.227853854928595290e+01 2.933918172107641923e-36
1.285730743563081013e+01 2.803211059310751952e-36
1.346335753483795195e+01 2.678244908668541554e-36
1.409797479125027486e+01 2.558880483244571074e-36
1.476250576428894234e+01 2.444865365382421605e-36
1.545836048564370024e+01 2.335958588683854924e-36
1.618701545114149809e+01 2.231930114493214709e-36
1.695001675364170168e+01 2.132561173295228326e-36
1.774898336360546125e+01 2.037642684178405926e-36
1.858561056429985214e+01 1.946974280976401327e-36
1.946167354892635615e+01 1.860364782545752008e-36
2.037903118730541863e+01 1.777638802914063203e-36
2.133962997011005314e+01 1.698561287427287235e-36
2.234550813901722677e+01 1.623037538731648635e-36
2.339880001154068978e+01 1.550906119278559179e-36
2.450174050972180240e+01 1.482013027714712253e-36
2.565666990228758237e+01 1.416211353597060188e-36
2.686603877033809695e+01 1.353363482871130088e-36
2.813241320709959226e+01 1.293337438947568149e-36
2.945848026277644394e+01 1.236005046288119746e-36
3.084705364605513722e+01 1.181241626096157323e-36
3.230107969435756843e+01 1.128860356863908776e-36
3.382364362551263071e+01 1.078690422711779109e-36
3.541797608410980303e+01 1.030681857192663788e-36
3.708745999642615487e+01 9.847447072236741085e-37
3.883563774847134198e+01 9.407926442455713687e-37
4.066621870238154202e+01 8.987428221229321449e-37
4.258308706711070357e+01 8.585163735941719722e-37
4.459031014011974747e+01 8.200374396742855523e-37
4.669214693755112222e+01 7.832326665262903411e-37
4.889305723120071434e+01 7.480326178203995886e-37
5.119771101146213255e+01 7.143816696121168899e-37
5.361099839632230157e+01 6.821955609299517939e-37
5.613804000743323996e+01 6.514343055214019382e-37
5.878419783527787246e+01 6.220359652350234887e-37
6.155508661648205049e+01 5.939412581473431564e-37
6.445658574741520397e+01 5.670934454926778005e-37
6.749485175935787140e+01 5.414385927257218243e-37
7.067633138170644713e+01 5.169249741261941371e-37
7.400777522093346761e+01 4.935027577849809628e-37
7.749625208432786394e+01 4.711301469760238773e-37
8.114916397890793576e+01 4.498086408881317315e-37
8.497426181733268891e+01 4.294859752476154908e-37
8.897966186413680134e+01 4.101256583602182842e-37
9.317386295718490885e+01 3.916801839270101450e-37
9.756576454088877881e+01 3.741044945972724503e-37
1.021646855494479382e+02 3.573558499335559926e-37
1.069803841801832078e+02 3.413938469045719713e-37
1.120230785989184170e+02 3.261801083377859295e-37
1.173034686213440807e+02 3.116780887731032324e-37
1.228327584163671418e+02 2.978474074801233551e-37
1.286226802796203117e+02 2.846249542402857964e-37
1.346855195275742574e+02 2.719734987299365437e-37
1.410341405650743241e+02 2.598752914759805073e-37
1.476820141816130842e+02 2.483065592079203343e-37
1.546432461342571401e+02 2.372445362692482768e-37
1.619326070778755025e+02 2.266674222015876696e-37
1.695655639061807278e+02 2.165544132882282570e-37
1.775583125700781295e+02 2.068855667322782948e-37
1.859278124429625905e+02 1.976417227725336795e-37
1.946918223058796116e+02 1.888045136927565161e-37
2.038689380289049211e+02 1.803560779075091296e-37
2.134786320286977173e+02 1.722764351561864397e-37
2.235412945859495437e+02 1.645529789049475844e-37
2.340782771103983748e+02 1.571702526360341312e-37
2.451119374452096906e+02 1.501134800560016521e-37
2.566656873068529308e+02 1.433685329357169788e-37
2.687640419611346374e+02 1.369219388432484200e-37
2.814326722407890884e+02 1.307608008075703656e-37
2.946984590150083250e+02 1.248727488998113274e-37
3.085895502264766606e+02 1.192456573418178313e-37
3.231354206169413601e+02 1.138673267436608490e-37
3.383669342680444174e+02 1.087254204327908594e-37
3.543164100901183815e+02 1.038112641128575363e-37
3.710176903979030953e+02 9.911494467896118882e-38
3.885062127186903922e+02 9.462698305801074088e-38
4.068190849852624638e+02 9.033831420628120082e-38
4.259951642731713832e+02 8.624029211985482184e-38
4.460751392494299807e+02 8.232463932491528950e-38
4.671016165075506592e+02 7.858341675988855079e-38
4.891192109721361021e+02 7.501316332113996603e-38
5.121746405648282234e+02 7.161354640875719094e-38
5.363168253324951138e+02 6.837559029574007516e-38
5.615969912479857840e+02 6.529190092593606272e-38
5.880687789037016273e+02 6.235478800017821116e-38
6.157883573286167120e+02 5.955696297625996440e-38
6.448145431702483847e+02 5.689151703997421961e-38
6.752089254944635286e+02 5.435191863464449836e-38
7.070359964679274754e+02 5.193196903371155692e-38
7.403632882004818612e+02 4.962577417359679041e-38
7.752615160378124983e+02 4.742220931684086814e-38
8.118047286084423604e+02 4.530960187285933410e-38
8.500704649434494513e+02 4.328424962779231221e-38
8.901399190022622179e+02 4.134311721863666594e-38
9.320981119536537562e+02 3.948300779794146706e-38
9.760340725774799466e+02 3.770083461248985518e-38
1.022041026169945894e+03 3.599361742393858301e-38
1.070216592353230226e+03 3.435849514096115534e-38
1.120662992209187678e+03 3.279270054124436406e-38
1.173487265176634992e+03 3.129355205746974894e-38
1.228801496172444104e+03 2.986381521527064225e-38
1.286723053418359996e+03 2.850485814737878384e-38
1.347374837478158042e+03 2.721287683331718743e-38
1.410885542033600814e+03 2.598441086302009345e-38
1.477389926952466794e+03 2.481612974332546622e-38
1.547029104228097367e+03 2.370489097151612397e-38
1.619950837397167788e+03 2.264772857276499491e-38
1.696309855071001721e+03 2.164185758421942334e-38
1.776268179245692863e+03 2.068464324420484635e-38
1.859995469087660240e+03 1.977353833085071521e-38
1.947669380924093502e+03 1.890287523660986507e-38
2.039475945202133516e+03 1.806887487030774038e-38
2.135609961216637657e+03 1.727015517085203723e-38
2.236275410444084173e+03 1.650519640986639499e-38
2.341685889359620887e+03 1.577263926189513047e-38
2.452065062655692600e+03 1.507117712263122648e-38
2.567647137823823869e+03 1.439955410314686236e-38
2.688677362106604505e+03 1.375657801368072913e-38
2.815412542874315932e+03 1.314109799763910938e-38
2.948121592530349062e+03 1.255202527147808676e-38
3.087086099101633408e+03 1.198902204478364967e-38
3.232600923724767654e+03 1.145125954318982093e-38
3.384974826295635012e+03 1.093757685582207441e-38
3.544531120610028665e+03 1.044692769395579820e-38
3.711608360385396736e+03 9.978279616652619331e-39
3.886561057619347139e+03 9.530646487726807605e-39
4.069760434809106300e+03 9.103086441310142328e-39
4.261595212628149056e+03 8.694714853040424041e-39
4.462472434731165777e+03 8.304681875593850336e-39
4.672818331437591951e+03 7.932177377029599699e-39
4.893079224126261579e+03 7.576589866887165786e-39
5.123722472260169525e+03 7.237200996732825918e-39
5.365237465050788160e+03 6.913355780105976854e-39
5.618136659866097034e+03 6.604231313684936197e-39
5.882956669585657437e+03 6.309148423524833667e-39
6.160259401209947100e+03 6.027459799205101579e-39
6.450633248139899479e+03 5.758548518645095044e-39
6.754694338656420769e+03 5.501841669941350431e-39
7.073087843249149955e+03 5.256788183652713718e-39
7.406489343568153345e+03 5.022846546047878964e-39
7.755606265903447820e+03 4.799475851113630865e-39
8.121179382233905926e+03 4.586190793344498405e-39
8.503984382030535926e+03 4.382607552474298196e-39
8.904833518149271185e+03 4.188194706371491213e-39
9.324577330305590294e+03 4.002533169892765967e-39
9.764106449787916063e+03 3.825223346868222353e-39
1.022435348923913443e+04 3.655884257432545320e-39
1.070629502151594897e+04 3.494168041943622768e-39
1.121095365182524620e+04 3.339737843068494811e-39
1.173940018753354707e+04 3.192291003844561131e-39
1.229275591025432550e+04 3.051661967947442054e-39
1.287219495503389589e+04 2.917550417215061911e-39
1.347894680168357263e+04 2.789722143618608624e-39
1.411429888354562718e+04 2.667783934534884920e-39
1.477959931922677970e+04 2.551452538415167377e-39
1.547625977309731934e+04 2.440458875418550223e-39
1.620575845062354165e+04 2.334547359812649733e-39
1.696964323489104572e+04 2.233491071826893516e-39
1.776953497097214131e+04 2.137069101052479850e-39
1.860713090510829716e+04 2.045007418370536896e-39
1.948420828600304958e+04 1.956923345552781758e-39
2.040262813586836637e+04 1.872635327900171203e-39
2.136433919922549467e+04 1.792064095767626290e-39
2.237138207783811595e+04 1.714955146003047060e-39
2.342589356055355529e+04 1.641159784662302526e-39
2.453011115723671901e+04 1.570535739950471635e-39
2.568637784641982944e+04 1.502946943853382755e-39
2.689714704673882443e+04 1.438279582196937738e-39
2.816498782270811716e+04 1.376419183639055788e-39
2.949259033587630256e+04 1.317323429903204364e-39
3.088277155293276155e+04 1.261061081050743554e-39
3.233848122287338629e+04 1.207501545017911514e-39
3.386280813591094193e+04 1.156593302494241514e-39
3.545898667740937526e+04 1.108100279464210587e-39
3.713040369074716000e+04 1.061898261221647586e-39
3.888060566367490537e+04 1.017869924319531966e-39
4.071330625341131963e+04 9.759045018272163553e-40
4.263239416644925222e+04 9.359158033516100370e-40
4.464194140978666110e+04 8.978163065608757747e-40
4.674621193109542219e+04 8.614320898266869026e-40
4.894967066615578369e+04 8.265474700158807671e-40
5.125699301275926700e+04 7.931043839760024688e-40
5.367307475117652211e+04 7.611380872850913880e-40
5.620304243224453967e+04 7.304793678466637196e-40
5.885226425511335401e+04 7.010739296070123607e-40
6.162636145773071621e+04 6.728698713264097658e-40
6.453122024423932453e+04 6.458176369069735294e-40
6.757300427458740887e+04 6.198861366722281788e-40
7.075816774286152213e+04 5.950401559117295922e-40
7.409346907208379707e+04 5.713300372537454897e-40
7.758598525453849288e+04 5.488160578099705532e-40
8.124312686805332487e+04 5.274398515178029224e-40
8.507265380009438377e+04 5.072463119664415598e-40
8.908269171304679185e+04 4.880589662643526707e-40
9.328174928560768603e+04 4.697976863555705145e-40
9.767873626688595687e+04 4.521331757183318104e-40
1.022829823815054842e+05 4.357378078553960177e-40
1.071042571258373064e+05 4.204261924732759054e-40
1.121527904973529367e+05 4.054827563902864598e-40
1.174392947010961943e+05 3.917362863179156719e-40
1.229749868793183850e+05 3.784728700605548311e-40
1.287716129125161387e+05 3.658074207802108791e-40
1.348414723423703108e+05 3.540538130062400120e-40
1.411974444694627018e+05 3.429579740818726617e-40
1.478530156811592751e+05 3.321879925019616572e-40
1.548223080676286481e+05 3.219550958547366602e-40
1.621201093867324525e+05 3.120751344899962926e-40
1.697619044413497322e+05 3.030018154497447454e-40
1.777639079357330338e+05 2.950930488460247195e-40
1.861430988805912202e+05 2.864835593677946057e-40
1.949172566199233406e+05 2.789379164917345883e-40
2.041049985560239584e+05 2.716194985421699514e-40
2.137258196527304244e+05 2.645848175215530020e-40
2.238001338007078739e+05 2.585152209548773306e-40
2.343493171325623116e+05 2.526454539587765236e-40
2.453957533796826610e+05 2.472636114561516155e-40
2.569628813670414675e+05 2.421522367572058407e-40
2.690752447467552265e+05 2.372989619924899815e-40
2.817585440759003977e+05 2.325036277279178161e-40
2.950396913491194719e+05 2.266252924405847679e-40
3.089468671016916633e+05 2.228999220961562739e-40
3.235095802042689174e+05 2.197913589691233203e-40
3.387587304761143168e+05 2.174387770701297183e-40
3.547266742497378145e+05 2.155625458621941035e-40
3.714472930260077701e+05 2.141106037673553042e-40
3.889560653654460330e+05 2.130065929636578841e-40
4.072901421682376531e+05 2.122436479322017081e-40
4.264884255026697065e+05 2.118067923694940955e-40
4.465916511493015569e+05 2.116867746231962315e-40
4.676424750359611935e+05 2.123004817129162759e-40
4.896855637470250367e+05 2.137974525650980315e-40
5.127676892989693442e+05 2.161870746410113668e-40
5.369378283833526075e+05 2.195085950091756161e-40
5.622472662877453258e+05 2.238121395683563046e-40
5.887497057151751360e+05 2.288820906906328894e-40
6.165013807329209521e+05 2.343305228892259524e-40
6.455611760924911359e+05 2.401011920930512074e-40
6.759907521739435615e+05 2.461009922631739879e-40
7.078546758196342271e+05 2.519385933493122460e-40
7.412205573350669583e+05 2.569292326332698267e-40
7.761591939474558458e+05 2.593193359594483885e-40
8.127447200264886487e+05 2.546405192248828985e-40
8.510547643859394593e+05 2.323204752927257141e-40
8.911706149999996414e+05 1.676184335938458528e-40
