5.109905999999998913e-04 1.554038898605545635e-35
5.350716019068128305e-04 1.995711934026871569e-35
5.602874478847998021e-04 2.450967947557963711e-35
5.866916187264498194e-04 2.893911748963285138e-35
6.143401155662399577e-04 3.423606851039387663e-35
6.432915786545674499e-04 4.001265436696422041e-35
6.736074117290258767e-04 4.463740895247265052e-35
7.053519122468233319e-04 4.832836989075577717e-35
7.385924077545488135e-04 5.141074869950367107e-35
7.733993986845080684e-04 5.478187284527318813e-35
8.098467078805081419e-04 5.820357891047380393e-35
8.480116371701990584e-04 6.102327897967786593e-35
8.879751313160691786e-04 6.397504547413207636e-35
9.298219496928157623e-04 6.721647621302762480e-35
9.736408460551935779e-04 6.969709175757527150e-35
1.019524756777632482e-03 7.173295907806067181e-35
1.067570997964858211e-03 7.402322424059429207e-35
1.117881471851558733e-03 7.664319915890317302e-35
1.170562882928882342e-03 7.949926626547635552e-35
1.225726964256121680e-03 8.202835374612299801e-35
1.283490714437598903e-03 8.402981931032883489e-35
1.343976645767350382e-03 8.542794488611041066e-35
1.407313044067896131e-03 8.758671823371514976e-35
1.473634240774218630e-03 9.062439451430855951e-35
1.543080897839982325e-03 9.303710453058371727e-35
1.615800306070291209e-03 9.531072690531682275e-35
1.691946697513710364e-03 9.809826605785301371e-35
1.771681572576096122e-03 1.005951280856593242e-34
1.855174042550043366e-03 1.025770695799704813e-34
1.942601188286418104e-03 1.042275585384789175e-34
2.034148435768663721e-03 1.062555509258669517e-34
2.130009949386499086e-03 1.092022014407128220e-34
2.230389043743040596e-03 1.114258705827159325e-34
2.335498614868831719e-03 1.127745326429979586e-34
2.445561591757282240e-03 1.142728778507657660e-34
2.560811409179235276e-03 1.158827657962693995e-34
2.681492502779457120e-03 1.174914824668538889e-34
2.807860827505071974e-03 1.188295166868134578e-34
2.940184400465540270e-03 1.200920061634810273e-34
3.078743869375520897e-03 1.219687811890582187e-34
3.223833107786209379e-03 1.235958074061811497e-34
3.375759838367642113e-03 1.244096804030310453e-34
3.534846285563875840e-03 1.254012715213393759e-34
3.701429859005254952e-03 1.266675022072728938e-34
3.875863869127241755e-03 1.279185747000396374e-34
4.058518276513597284e-03 1.289956671190501255e-34
4.249780476553204761e-03 1.298288860765995452e-34
4.450056121074678038e-03 1.306328078245331219e-34
4.659769978701455186e-03 1.313651079029275678e-34
4.879366835752092964e-03 1.318515796563192132e-34
5.109312439596442115e-03 1.323450398532882272e-34
5.350094486468580379e-03 1.329588709621260950e-34
5.602223655831532236e-03 1.334666129289816668e-34
5.866234693487556995e-03 1.337597270514251764e-34
6.142687545731185909e-03 1.337180354959872682e-34
6.432168546950592716e-03 1.335525638138710297e-34
6.735291663195900128e-03 1.333701025010775057e-34
7.052699794352054567e-03 1.331492138162423157e-34
7.385066137678071227e-03 1.328620170387158679e-34
7.733095615604603477e-03 1.324704076991661192e-34
8.097526370817989885e-03 1.320225998942752503e-34
8.479131331801873298e-03 1.314955514111434850e-34
8.878719852156727321e-03 1.306757752138475314e-34
9.297139427174043805e-03 1.297013672213733221e-34
9.735277491306102218e-03 1.287997805597062311e-34
1.019406330034347552e-02 1.278108050940398128e-34
1.067446990229220169e-02 1.266704606676882351e-34
1.117751620113080144e-02 1.253830122060938088e-34
1.170426911782410442e-02 1.239458013259220507e-34
1.225584585317730096e-02 1.223543189641059174e-34
1.283341625732948091e-02 1.206150135206412978e-34
1.343820531091221779e-02 1.187336517654427801e-34
1.407149572313549056e-02 1.167190593213807269e-34
1.473463065231135453e-02 1.145785196310083587e-34
1.542901655458527206e-02 1.123192841255890660e-34
1.615612616691710843e-02 1.099498661946968835e-34
1.691750163063843876e-02 1.074791581643644665e-34
1.771475776221094131e-02 1.049163631861544362e-34
1.854958547812298603e-02 1.022836194677140451e-34
1.942375538118825892e-02 9.960638723875227657e-35
2.033912151585269903e-02 9.689185574192290209e-35
2.129762530047445840e-02 9.414531214134401974e-35
2.230129964491701228e-02 9.137542838384684767e-35
2.335227326218834026e-02 8.857568122431648351e-35
2.445277518327097430e-02 8.573630421825712552e-35
2.560513948471843104e-02 8.286678969639725759e-35
2.681181023904485178e-02 7.997658019558253622e-35
2.807534669840738850e-02 7.707490179682543315e-35
2.939842872257529896e-02 7.415468030245869040e-35
3.078386246269817703e-02 7.120523498315690217e-35
3.223458631292810961e-02 6.823914088742039997e-35
3.375367714251858997e-02 6.526648794678302500e-35
3.534435682161822523e-02 6.230128933932869779e-35
3.700999905459952805e-02 5.936727020807490647e-35
3.875413653541611575e-02 5.648950929979397127e-35
4.058046844016394150e-02 5.367372457866408280e-35
4.249286827273804357e-02 5.092497226289662544e-35
4.449539208022441905e-02 4.824775651615121041e-35
4.659228705545147980e-02 4.564237093430636926e-35
4.878800054494639854e-02 4.310806526208251056e-35
5.108718948140126420e-02 4.064906625672332747e-35
5.349473026065500875e-02 3.826649553270056820e-35
5.601572908413874480e-02 3.596598434401226051e-35
5.865553278872091131e-02 3.374762636044828658e-35
6.141974018692018117e-02 3.161072024729077616e-35
6.431421394153950810e-02 2.955767693496639474e-35
6.734509299990454334e-02 2.759032078869602270e-35
7.051880561408015169e-02 2.570989083573612123e-35
7.384208297467903526e-02 2.391638228222100060e-35
7.732197348717817498e-02 2.220921807558358624e-35
8.096585772102372902e-02 2.058838427103376540e-35
8.478146406322790984e-02 1.905077093284508898e-35
8.877688510965994761e-02 1.759812580971248302e-35
9.296059482879497071e-02 1.623410368135512932e-35
9.734146653432268481e-02 1.496208987109148014e-35
1.019287917047367598e-01 1.377747971321059676e-35
1.067322996898169285e-01 1.267570534445824695e-35
1.117621783458019047e-01 1.165230246836127152e-35
1.170290956430179857e-01 1.070769260729550454e-35
1.225442222917902113e-01 9.842442095710233244e-36
1.283192554346258007e-01 9.049900429357376631e-36
1.343664434549182440e-01 8.321512118298141154e-36
1.406986119547878888e-01 7.654149197713515805e-36
1.473291909571593228e-01 7.045652404120788796e-36
1.542722433897648626e-01 6.494315367177044246e-36
1.615424949114898090e-01 5.994277023026525412e-36
1.691553651443178097e-01 5.540305771959829975e-36
1.771270003771143742e-01 5.127743860722643514e-36
1.854743078106158016e-01 4.754955144746116806e-36
1.942149914162481783e-01 4.420853132826696085e-36
2.033675894848354093e-01 4.120926043249264538e-36
2.129515139448318883e-01 3.849220688546519414e-36
2.229870915334687120e-01 3.604377388238352648e-36
2.334956069081392527e-01 3.384061864856192826e-36
2.444993477894536194e-01 3.186358489000996848e-36
2.560216522317119159e-01 3.008702835250596716e-36
2.680869581210516550e-01 2.848865147050904092e-36
2.807208550062479380e-01 2.704909886736408780e-36
2.939501383721016547e-01 2.573788471047127343e-36
3.078028664705177997e-01 2.452449944946820471e-36
3.223084198298141745e-01 2.340047692466670716e-36
3.374975635684732134e-01 2.234270894549857218e-36
3.534025126454956034e-01 2.136067687826711929e-36
3.700570001857526603e-01 2.043767365477142122e-36
3.874963490252471554e-01 1.955545802539967325e-36
4.057575466280207155e-01 1.871211577556297284e-36
4.248793235336097984e-01 1.790592208999506661e-36
4.449022355014194963e-01 1.713523218073912887e-36
4.658687495262465172e-01 1.639907842148966509e-36
4.878233339073801411e-01 1.569667461280500182e-36
5.108125525623049557e-01 1.502640109266849494e-36
5.348851637850492446e-01 1.437547074295868787e-36
5.600922236586236558e-01 1.375420405389313994e-36
5.864871943408909161e-01 1.316012640867981314e-36
6.141260574535281069e-01 1.259052477577991928e-36
6.430674328145652430e-01 1.204445982726764965e-36
6.733727027663352072e-01 1.152103780895186880e-36
7.051061423625075708e-01 1.101939752041152009e-36
7.383350556903391926e-01 1.054123070119817595e-36
7.731299186172617688e-01 1.008871541483205870e-36
8.095645282645554941e-01 9.660294382079047360e-37
8.477161595251432313e-01 9.247012799526527930e-37
8.876657289574597653e-01 8.855387308489972684e-37
9.294979664029952016e-01 8.482213514864172918e-37
9.733015946915181127e-01 8.123920347095992961e-37
1.019169517815095238e+00 7.779943170336515648e-37
1.067199017970030361e+00 7.449756415388236760e-37
1.117491961884625296e+00 7.132853370546988044e-37
1.170155016870355391e+00 6.828745035791292519e-37
1.225299877054714548e+00 6.536959626585546325e-37
1.283043500275517834e+00 6.257118337223726724e-37
1.343508356139124782e+00 5.984837829146827589e-37
1.406822685768682302e+00 5.724965636101912076e-37
1.473120773793281213e+00 5.476946600656723556e-37
1.542543233154924476e+00 5.240212530321717918e-37
1.615237303337321517e+00 5.014224062130783135e-37
1.691357162649059553e+00 4.798469198914263740e-37
1.771064255223470330e+00 4.592461726993713168e-37
1.854527633428712630e+00 4.395739735958211858e-37
1.941924316414337381e+00 4.207864423880316492e-37
2.033439665554732656e+00 4.028419205569207603e-37
2.129267777585778898e+00 3.854120357480082117e-37
2.229611896268507198e+00 3.687680570249941635e-37
2.334684843452848213e+00 3.528754485318881703e-37
2.444709470455760147e+00 3.376987608224620540e-37
2.559919130711053814e+00 3.232042935150007127e-37
2.680558174693347340e+00 3.093600098065688219e-37
2.806882468165895705e+00 2.961354456261734146e-37
2.939159934851393707e+00 2.835016241903289730e-37
3.077671124676770287e+00 2.714309849569752760e-37
3.222709808797152409e+00 2.598972664161210601e-37
3.374583602660967685e+00 2.486760280685932737e-37
3.533614618437732169e+00 2.378936478780895929e-37
3.700140148192176071e+00 2.275368225158332588e-37
3.874513379253743395e+00 2.175910020827799705e-37
4.057104143298682075e+00 2.080420322436126282e-37
4.248299700733421780e+00 1.988761486876156721e-37
4.448505562042953443e+00 1.900799683212513057e-37
4.658146347846106039e+00 1.816404807731807869e-37
4.877666689481928053e+00 1.735450432353575036e-37
5.107532172037208440e+00 1.657813735790923996e-37
5.348230321815176325e+00 1.582872490255696187e-37
5.600271640339840040e+00 1.511726403878811256e-37
5.864190687088823850e+00 1.444176421820985271e-37
6.140547213251335457e+00 1.380023241558981249e-37
6.429927348915625451e+00 1.319079771356001051e-37
6.732944846204047984e+00 1.261170313002891765e-37
7.050242380992168378e+00 1.206129789182415326e-37
7.382492915972972192e+00 1.153803028197317907e-37
7.730401127956875840e+00 1.104044116591566733e-37
8.094704902434829208e+00 1.056715790621527845e-37
8.476176898574518503e+00 1.011154445858420437e-37
8.875626187968611802e+00 9.673931335578671792e-38
9.293899970610848271e+00 9.253574821695194925e-38
9.731885371739565471e+00 8.849872570103253380e-38
1.019051132335932230e+01 8.462241539483068860e-38
1.067075053443132582e+01 8.090117244962470569e-38
1.117362155391144896e+01 7.732953054835832349e-38
1.170019093101103103e+01 7.390219531742609082e-38
1.225157547726248630e+01 7.061403816883841313e-38
1.282894463518714012e+01 6.746009050990640485e-38
1.343352295858943535e+01 6.442021593807739027e-38
1.406659270973752918e+01 6.152753220967604994e-38
1.472949657893892450e+01 5.877657851228678129e-38
1.542364053227938747e+01 5.615988963212801081e-38
1.615049679356447854e+01 5.367042798665281752e-38
1.691160696678839770e+01 5.130155663384686764e-38
1.770858530575293699e+01 4.904701449850485869e-38
1.854312213777056328e+01 4.690089327420323525e-38
1.941698744871352389e+01 4.485761552531292750e-38
2.033203463701213920e+01 4.291191445253822493e-38
2.129020444456488903e+01 4.104828252585210493e-38
2.229352907289663577e+01 3.926010209875001334e-38
2.334413649329537321e+01 3.754223561473481382e-38
2.444425496006939014e+01 3.589227387633565051e-38
2.559621773649632459e+01 3.430787852507813643e-38
2.680246804348779222e+01 3.278677965704524321e-38
2.806556424146581463e+01 3.132677419269425036e-38
2.938818525644052215e+01 2.992572429339563674e-38
3.077313626179776307e+01 2.858155520750948077e-38
3.222335462784784710e+01 2.729225354850928554e-38
3.374191615175277548e+01 2.605229752320917152e-38
3.533204158104619097e+01 2.486779992577367051e-38
3.699710344458095790e+01 2.373774679558410560e-38
3.874063320539356425e+01 2.265961273359603108e-38
4.056632875065456290e+01 2.163099160456906085e-38
4.247806223459123487e+01 2.064959035565987082e-38
4.447988829101749531e+01 1.971322388672055977e-38
4.657605263288766650e+01 1.881981015510922275e-38
4.877100105711379285e+01 1.796736479668001318e-38
5.106938887374585789e+01 1.715399640571617300e-38
5.347609077951167222e+01 1.637639052982289913e-38
5.599621119665897595e+01 1.563631338377367575e-38
5.863509509902629446e+01 1.493293490239214533e-38
6.139833934830559059e+01 1.426428790013746078e-38
6.429180456453799763e+01 1.362852187781174668e-38
6.732162755601974879e+01 1.302389493642102377e-38
7.049423433498246538e+01 1.244876702395602361e-38
7.381635374665083305e+01 1.190159365445175694e-38
7.729503174058464765e+01 1.138091933819013055e-38
8.093764631457514724e+01 1.088537186898594679e-38
8.475192316278777582e+01 1.041306836527103637e-38
8.874595206134111436e+01 9.960866296421757191e-39
9.292820402607596009e+01 9.525306587049170240e-39
9.730754927890171757e+01 9.105923441637616999e-39
1.018932760608280006e+02 8.702259615345532657e-39
1.066951103315800680e+02 8.313865011443239121e-39
1.117232363975827383e+02 7.940297041942128758e-39
1.169883185120591378e+02 7.581120953913546680e-39
1.225015234930581443e+02 7.235909367473865992e-39
1.282745444073837007e+02 6.904242259456745663e-39
1.343196253706535401e+02 6.585515619220764191e-39
1.406495875160883884e+02 6.280609900052716541e-39
1.472778561871114960e+02 5.990882583639209494e-39
1.542184894114273277e+02 5.715569387489345743e-39
1.614862077169743770e+02 5.453905754320759572e-39
1.690964253529864152e+02 5.205170520675846039e-39
1.770652829823839340e+02 4.968683602377438715e-39
1.854096819148286102e+02 4.743803815272836050e-39
1.941473199530478553e+02 4.529926084116394541e-39
2.032967289284612207e+02 4.326479234332604867e-39
2.128773140057116109e+02 4.132892313724474260e-39
2.229093948394659606e+02 3.948380753495060153e-39
2.334142486707802391e+02 3.771586887376360610e-39
2.444141554544245878e+02 3.602149354576951661e-39
2.559324451128839542e+02 3.439788292467638531e-39
2.679935470172605392e+02 3.284233239032830745e-39
2.806230418000139935e+02 3.135223207507251966e-39
2.938477156094381826e+02 2.992506721062722813e-39
3.076956169209365726e+02 2.855841088590736466e-39
3.221961160255989398e+02 2.724992109681657992e-39
3.373799673222379738e+02 2.599760662703391755e-39
3.532793745450070446e+02 2.480021341604471587e-39
3.699280590649489113e+02 2.366165081130196320e-39
3.873613314103244534e+02 2.257973674810059645e-39
4.056161661574165009e+02 2.155146481685490369e-39
4.247312803506534920e+02 2.057399541359488172e-39
4.447472156183608831e+02 1.964464937491040070e-39
4.657064241583139506e+02 1.876090171659064941e-39
4.876533587754501013e+02 1.792036863672238319e-39
5.106345671627180423e+02 1.712079909366527802e-39
5.346987906250093374e+02 1.636043998798597959e-39
5.598970674555638425e+02 1.563649610711750080e-39
5.862828411841139769e+02 1.494334017496501049e-39
6.139120739263340738e+02 1.427877127110195116e-39
6.428433650750073411e+02 1.364170936841571875e-39
6.731380755846585089e+02 1.303110917335763193e-39
7.048604581132273097e+02 1.244596228589475368e-39
7.380777932968125015e+02 1.188529884059048038e-39
7.728605324465277135e+02 1.134818275296667094e-39
8.092824469700919963e+02 1.083371056120933685e-39
8.474207848350889662e+02 1.034117354441144282e-39
8.873564344057194830e+02 9.869601890692030455e-40
9.291740960005636225e+02 9.419336086691274697e-40
9.729624615351767716e+02 8.989910364041300426e-40
1.018814402630542304e+03 8.580345820017681196e-40
1.066827167586363430e+03 8.189708322645064801e-40
1.117102587636923545e+03 7.817108798503875311e-40
1.169747292926981345e+03 7.461703110042791324e-40
1.224872938665793754e+03 7.122687347894269816e-40
1.282596441938878115e+03 6.799295857131241943e-40
1.343040229679789263e+03 6.490388767932307281e-40
1.406332498327871690e+03 6.195704370165892859e-40
1.472607485722641286e+03 5.913165217698246039e-40
1.542005755811513154e+03 5.641328029748697124e-40
1.614674496774679255e+03 5.379911982542108511e-40
1.690767833199483221e+03 5.128637642747407152e-40
1.770447152966335352e+03 4.887227656036619052e-40
1.853881449539487448e+03 4.654981029924410932e-40
1.941247680388674326e+03 4.427710811010113635e-40
2.032731142301744740e+03 4.219022419418010505e-40
2.128525864384313991e+03 4.024133220584105504e-40
2.228835019580002609e+03 3.831698976953945685e-40
2.333871355583984496e+03 3.651273130731519227e-40
2.443857646063839638e+03 3.471283940459474461e-40
2.559027163144665337e+03 3.306904585479212904e-40
2.679624172160626586e+03 3.157540174920591379e-40
2.805904449722177560e+03 3.008589652454194575e-40
2.938135826197778442e+03 2.864521680021776829e-40
3.076598753760717045e+03 2.727030312506944448e-40
3.221586901205722825e+03 2.589567898509732863e-40
3.373407776796970211e+03 2.449565929833027461e-40
3.532383380468551877e+03 2.319269928709173443e-40
3.698850886760564663e+03 2.191017373146398337e-40
3.873163359939319889e+03 2.071405527081051837e-40
4.055690502818454206e+03 1.956771814035802162e-40
4.246819440869002392e+03 1.844665831478195140e-40
4.446955543281568680e+03 1.737298993321941802e-40
4.656523282721929718e+03 1.638638975681477444e-40
4.875967135603652423e+03 1.542820217377092114e-40
5.105752524786998038e+03 1.449889605800324748e-40
5.346366806703549628e+03 1.350145248395456519e-40
5.598320305000283042e+03 1.255207853189080573e-40
5.862147392895177290e+03 1.164425883464052798e-40
6.138407626540030833e+03 1.074520391059953600e-40
6.427686931794379234e+03 9.873737427799918440e-41
6.730598846927326122e+03 9.045187511666225493e-41
7.047785823883171361e+03 8.255471842767074324e-41
7.379920590870540764e+03 7.440632212837758548e-41
7.727707579165193238e+03 6.614252193946138601e-41
8.091884417152377864e+03 5.805691241363670470e-41
8.473223494777586893e+03 5.012841945868828849e-41
8.872533601723951506e+03 4.238480912973681502e-41
9.290661642790422775e+03 3.505746618718834453e-41
9.728494434109059512e+03 2.824690983791898783e-41
1.018696058401122900e+04 2.196206996976261593e-41
1.066703246253151519e+04 1.626829871316676913e-41
1.116972826372676172e+04 1.128401799190943578e-41
1.169611416518442638e+04 7.164772200156092645e-42
1.224730658929964375e+04 4.125711540459496266e-42
1.282447457111820222e+04 2.093838253929460174e-42
1.342884223776603903e+04 9.591774918097950048e-43
1.406169140472510298e+04 4.464799995688877062e-43
1.472436429446164220e+04 2.056522963563952358e-43
1.541826638317236939e+04 4.465936558572169731e-44
1.614486938168721281e+04 6.058407106431098643e-45
1.690571435685048345e+04 0.000000000000000000e+00
1.770241500000000451e+04 0.000000000000000000e+00
