5.109905999999998913e-04 1.289569997635743129e-34
5.350753439963835522e-04 1.560863873168705029e-34
5.602952847916341109e-04 1.874572170186649891e-34
5.867039281142067417e-04 2.228979608517991789e-34
6.143573016015142167e-04 2.612323657412801775e-34
6.433140736661690584e-04 2.990475005069006446e-34
6.736356779648007380e-04 3.300731863610976711e-34
7.053864437335106681e-04 3.571985585103473217e-34
7.386337322664909746e-04 3.821897180818074287e-34
7.734480798273498476e-04 4.048361944282246787e-34
8.099033472963330232e-04 4.264690702724577346e-34
8.480768768709395907e-04 4.496088711789417499e-34
8.880496561523768114e-04 4.706428240236258053e-34
9.299064899659666541e-04 4.882767761776840144e-34
9.737361802800457771e-04 5.057316785948457420e-34
1.019631714605063501e-03 5.229112091053479983e-34
1.067690463272566838e-03 5.391390392854058388e-34
1.118014386012631655e-03 5.552229306453659908e-34
1.170710248268000712e-03 5.714457523748764422e-34
1.225889847703836785e-03 5.876316837882334757e-34
1.283670251393673667e-03 6.045009671996209785e-34
1.344174044184754443e-03 6.226614658080832885e-34
1.407529588769671500e-03 6.378145496141245884e-34
1.473871298016088231e-03 6.492726910976681115e-34
1.543339920132297738e-03 6.605479679830355194e-34
1.616082837273602468e-03 6.730421610336809940e-34
1.692254378223050776e-03 6.876598474754263821e-34
1.772016145809894062e-03 7.003115675522299183e-34
1.855537359760384879e-03 7.101140766341138247e-34
1.942995215708329115e-03 7.186399879330716281e-34
2.034575261127038234e-03 7.269443364342352924e-34
2.130471788980231509e-03 7.357536665561486057e-34
2.230888249927077179e-03 7.437682454004634427e-34
2.336037683955871549e-03 7.506534616298315196e-34
2.446143172362081220e-03 7.565024147493749221e-34
2.561438311029683428e-03 7.614745117639415699e-34
2.682167706019883673e-03 7.657201521007611038e-34
2.808587492518610507e-03 7.695257301226262262e-34
2.940965878243816459e-03 7.731395961001538047e-34
3.079583712465428121e-03 7.769864500859804143e-34
3.224735081845144218e-03 7.787302297512266792e-34
3.376727934360231054e-03 7.772621667379195900e-34
3.535884732635000832e-03 7.771918990411958277e-34
3.702543138066011728e-03 7.786907533157974885e-34
3.877056727192474891e-03 7.799377976207392074e-34
4.059795741831663529e-03 7.796106245855192424e-34
4.251147874570747678e-03 7.773594543628786836e-34
4.451519091281592663e-03 7.762046694165227676e-34
4.661334492403514281e-03 7.750025724386466337e-34
4.881039214821209643e-03 7.704323152091578524e-34
5.111099376251333065e-03 7.660856002959661168e-34
5.352003064141271430e-03 7.633612584423289168e-34
5.604261371178036362e-03 7.585356957686080920e-34
5.868409479604379426e-03 7.514943653811315892e-34
6.145007796642355455e-03 7.431298865916330321e-34
6.434643143433293327e-03 7.345296276626172727e-34
6.737930000016707603e-03 7.258887691893762401e-34
7.055511808989239735e-03 7.155440168171187083e-34
7.388062340609515347e-03 7.046395544441884810e-34
7.736287122245223170e-03 6.951386064751593785e-34
8.100924935194814616e-03 6.847534522809752483e-34
8.482749382059558835e-03 6.726290711584383107e-34
8.882570527991365261e-03 6.593788348264549322e-34
9.301236619298132793e-03 6.455344384232666416e-34
9.739635883052846083e-03 6.316575928676592609e-34
1.019869841152463638e-02 6.171744939397900818e-34
1.067939813542933408e-02 6.019062622847829122e-34
1.118275489018621081e-02 5.859281269344728917e-34
1.170983657956452782e-02 5.695408862112241060e-34
1.226176144131012509e-02 5.530879584126077038e-34
1.283970041955880513e-02 5.366038739612430124e-34
1.344487964906973879e-02 5.201052213443002558e-34
1.407858305654931599e-02 5.036394683110461718e-34
1.474215508458429601e-02 4.872389287422076569e-34
1.543700354396338077e-02 4.709348745158827015e-34
1.616460260043844216e-02 4.547543300570694743e-34
1.692649590226206341e-02 4.387227744103245939e-34
1.772429985513676240e-02 4.228644140930924981e-34
1.855970705152375916e-02 4.071394178836412439e-34
1.943448986158684277e-02 3.914972396954022679e-34
2.035050419338987893e-02 3.759743455799645244e-34
2.130969343032520016e-02 3.605888570479199760e-34
2.231409255412668616e-02 3.453915759477892358e-34
2.336583246221452664e-02 3.304246369189951758e-34
2.446714448853129498e-02 3.157292555252861602e-34
2.562036513746064961e-02 3.013288423696524188e-34
2.682794104087181386e-02 2.872446050417139710e-34
2.809243414880660539e-02 2.734956275232526895e-34
2.941652716482151195e-02 2.601696787661440841e-34
3.080302923751598171e-02 2.473587129455110765e-34
3.225488192032205381e-02 2.350518961688229051e-34
3.377516541219946489e-02 2.232215643410872009e-34
3.536710509247603662e-02 2.118729198946612743e-34
3.703407836369761175e-02 2.009544833601398406e-34
3.877962181700508187e-02 1.904114226612219479e-34
4.060743873524025327e-02 1.802448719331181133e-34
4.252140694969876872e-02 1.704551560349510518e-34
4.452558706719903642e-02 1.610414194835261365e-34
4.662423108492104451e-02 1.519911001588058229e-34
4.882179141129210781e-02 1.432901416763034424e-34
5.112293031205818183e-02 1.349383321975181439e-34
5.353252980158085955e-02 1.269208267500148911e-34
5.605570200034509093e-02 1.192494466663569140e-34
5.869779998065206839e-02 1.119064724530787143e-34
6.146442912350702503e-02 1.048727943482938980e-34
6.436145901079562415e-02 9.814877949087712086e-35
6.739503587798009732e-02 9.173374278051689966e-35
7.057159565373379018e-02 8.562569219343907829e-35
7.389787761417783429e-02 7.984804383017009659e-35
7.738093868068968151e-02 7.442278829152003863e-35
8.102816839161640361e-02 6.933215318151248635e-35
8.484730457965576622e-02 6.454882297265096425e-35
8.884644978816674810e-02 6.006687952474612326e-35
9.303408846123735476e-02 5.588603087270134583e-35
9.741910494397855447e-02 5.200623336984898207e-35
1.020108023312348011e-01 4.840550172677779352e-35
1.068189222046991849e-01 4.506355382142650854e-35
1.118536653003056325e-01 4.196159388171833318e-35
1.171257131497474568e-01 3.907314277090246528e-35
1.226462507420349318e-01 3.637319350015222096e-35
1.284269902531691709e-01 3.385062196233000125e-35
1.344801958942779818e-01 3.148803934547065698e-35
1.408187099309299306e-01 2.928293476617989510e-35
1.474559799288270856e-01 2.724698977997783518e-35
1.544060872836817422e-01 2.539162329111435867e-35
1.616837770958050036e-01 2.369865119489802997e-35
1.693044894527853950e-01 2.215188565073105257e-35
1.772843921866295858e-01 2.073692169345360518e-35
1.856404151748596021e-01 1.944441058162580293e-35
1.943902862583372082e-01 1.826639932894256966e-35
2.035525688520203047e-01 1.719114359288158771e-35
2.131467013284438772e-01 1.620369525835571619e-35
2.231930382574778271e-01 1.529982756143282862e-35
2.337128935898583060e-01 1.446693241119478633e-35
2.447285858761073796e-01 1.369314781706824577e-35
2.562634856167739228e-01 1.297361520428137371e-35
2.683420648444559964e-01 1.230397149855479339e-35
2.809899490427948954e-01 1.168024888390319354e-35
2.942339715125871225e-01 1.109943093330745753e-35
3.081022303003607687e-01 1.055883613609240468e-35
3.226241478101917748e-01 1.005517557262085981e-35
3.378305332252266036e-01 9.582497433603527400e-36
3.537536478713496080e-01 9.141387752609989191e-36
3.704272736616641692e-01 8.725682559588080551e-36
3.878867847669947300e-01 8.329144502281476531e-36
4.061692226644692538e-01 7.950862813687786609e-36
4.253133747233992512e-01 7.589998000402633848e-36
4.453598564951795624e-01 7.245748346899703361e-36
4.663511978817966863e-01 6.917202082240126445e-36
4.883319333657565320e-01 6.603474798449716792e-36
5.113486964928538603e-01 6.303875581160526216e-36
5.354503188082440079e-01 6.015813048774045155e-36
5.606879334557122174e-01 5.740813846581842845e-36
5.871150836599277056e-01 5.479079251417975062e-36
6.147878363218444164e-01 5.230883932605002131e-36
6.437649009682434587e-01 4.995451923344977783e-36
6.741077543077714784e-01 4.772061215726524877e-36
7.058807706577384655e-01 4.560037118479914710e-36
7.391513585183793200e-01 4.358517151967812134e-36
7.739901035843245181e-01 4.166656511396851756e-36
8.104709184966985003e-01 3.983932882582565820e-36
8.486711996535465374e-01 3.808609831794870057e-36
8.886719914112803931e-01 3.641621148623238912e-36
9.305581580254943530e-01 3.482640199685585072e-36
9.744185636959505903e-01 3.331372049416473762e-36
1.020346261097704765e+00 3.187409720546226741e-36
1.068438688798342584e+00 3.050372447757282021e-36
1.118797877980177491e+00 2.919900637255665965e-36
1.171530668905979011e+00 2.795651988756928164e-36
1.226748937587462729e+00 2.677303584568333650e-36
1.284569833137457096e+00 2.564465487563488611e-36
1.345116026309294277e+00 2.455342454446390773e-36
1.408515969750704366e+00 2.350442715455832915e-36
1.474904170524383940e+00 2.249623102396627913e-36
1.544421475473395589e+00 2.152744870333414975e-36
1.617215370036805933e+00 2.059673521540682663e-36
1.693440291149547638e+00 1.970280602732049417e-36
1.773257954890325339e+00 1.884441120898328355e-36
1.856837699572682077e+00 1.802031913717354252e-36
1.944356845007140233e+00 1.722933514953833542e-36
2.036001068696603689e+00 1.647024713683231816e-36
2.131964799763126805e+00 1.573810804081787075e-36
2.232451631441821238e+00 1.503732824616199685e-36
2.337674753017023210e+00 1.436661443544242103e-36
2.447857402117073811e+00 1.372472757370230798e-36
2.563233338327331357e+00 1.311048028065783562e-36
2.684047339126190757e+00 1.252274453779431851e-36
2.810555719196252689e+00 1.196043668182737044e-36
2.943026874212435473e+00 1.142250757983382510e-36
3.081741850260690807e+00 1.090795090500202510e-36
3.226994940095357922e+00 1.041576179400609914e-36
3.379094307500199346e+00 9.944451606282509006e-37
3.538362641077724469e+00 9.497378833314489101e-37
3.705137838853818533e+00 9.073171666235962177e-37
3.879773725150173824e+00 8.670543442267870142e-37
4.062640801245384736e+00 8.288286898780684947e-37
4.254127031417247906e+00 7.925273898529762946e-37
4.454638666033965855e+00 7.580444166246304544e-37
4.664601103440485730e+00 7.252796952308391062e-37
4.884459792468449635e+00 6.941391889070205909e-37
5.114681177484591501e+00 6.645310662247680236e-37
5.355753687982517164e+00 6.360396543700069429e-37
5.608188774817272737e+00 6.085854614688298992e-37
5.872521995281334561e+00 5.821397887771734167e-37
6.149314149323867440e+00 5.566746581797615148e-37
6.439152469323886407e+00 5.321625253398411316e-37
6.742651865941640565e+00 5.085764398584289460e-37
7.060456232691139533e+00 4.858898375789856662e-37
7.393239812001667133e+00 4.640764192500614202e-37
7.741708625666590571e+00 4.431103152797951210e-37
8.106601972714029714e+00 4.229641372843005507e-37
8.488693997877295061e+00 4.036101848211056470e-37
8.888795333992888459e+00 3.852504530135052198e-37
9.307754821810224399e+00 3.678323174981665151e-37
9.746461310861880278e+00 3.513029396803865117e-37
1.020584554521523479e+01 3.356127591146727143e-37
1.068688213810588117e+01 3.207154471350203627e-37
1.119059163964230841e+01 3.065674750653955280e-37
1.171804270196879827e+01 2.931277928778445372e-37
1.227035434647970824e+01 2.803578303530931035e-37
1.284869833789534432e+01 2.682203853198362592e-37
1.345430167023641310e+01 2.566104289953586270e-37
1.408844916997078833e+01 2.454507213597034462e-37
1.475248622185550573e+01 2.347202692976835717e-37
1.544782162325732955e+01 2.244052153956981984e-37
1.617593057300701531e+01 2.144920909001178407e-37
1.693835780112851097e+01 2.049677798165960308e-37
1.773672084608338650e+01 1.958195294851081206e-37
1.857271348648274056e+01 1.870349515145982241e-37
1.944810933454747826e+01 1.786019895295853345e-37
2.036476559894107652e+01 1.705083990839640114e-37
2.132462702495726603e+01 1.627311357749299046e-37
2.232973002042225019e+01 1.553179102645721292e-37
2.338220697606530862e+01 1.482560006647983516e-37
2.448429078952293736e+01 1.415280986261807067e-37
2.563831960257480347e+01 1.351177854690939401e-37
2.684674176166239690e+01 1.290095103524163355e-37
2.811212101221353521e+01 1.231885120267611141e-37
2.943714193779319288e+01 1.176407576411164150e-37
3.082461565562076800e+01 1.123529285227525837e-37
3.227748578053610373e+01 1.073121490546204224e-37
3.379883467006774822e+01 1.024980795738081997e-37
3.539188996385330910e+01 9.791175369684617247e-38
3.706003143128462085e+01 9.354247380613824569e-38
3.880679814190591514e+01 8.937945814480178065e-38
4.063589597377820439e+01 8.541249337875971999e-38
4.255120547573801559e+01 8.163190137674827955e-38
4.455679010023139597e+01 7.802851027503065641e-38
4.665690482419041274e+01 7.459362680973398568e-38
4.885600517624050809e+01 7.131900864505826426e-38
5.115875668939108323e+01 6.819673622789211767e-38
5.357004479926479945e+01 6.521443712171101620e-38
5.609498520886357653e+01 6.234794721537866477e-38
5.873893474186159125e+01 5.958599342796355295e-38
6.150750270745233195e+01 5.692585374445989023e-38
6.440656280085893570e+01 5.436484210546262923e-38
6.744226556475646817e+01 5.190030372838445798e-38
7.062105143804502916e+01 4.952961831678436294e-38
7.394966441965524950e+01 4.725020162491544012e-38
7.743516637637586086e+01 4.505950165635633990e-38
8.108495202505970667e+01 4.295496106868905981e-38
8.490676462099132493e+01 4.093316370144865127e-38
8.890871238570115054e+01 3.901192232951616362e-38
9.309928570908061829e+01 3.719639525439465604e-38
9.748737516229060418e+01 3.548012570868061284e-38
1.020822903596800018e+02 3.385709629162441122e-38
1.068937797097332947e+02 3.232169076519117053e-38
1.119320510969463101e+02 3.086867057161235072e-38
1.172077935385098613e+02 2.949315069161833738e-38
1.227321998617493506e+02 2.819056888958896708e-38
1.285169904504280680e+02 2.695665396136232910e-38
1.345744381102953469e+02 2.578714793742977152e-38
1.409173941066357258e+02 2.467124611296371334e-38
1.475593154290551468e+02 2.359966085974916743e-38
1.545142933413501112e+02 2.257081283767700142e-38
1.617970832770327831e+02 2.158317229787463889e-38
1.694231361439328793e+02 2.063525163034116336e-38
1.774086311042921977e+02 1.972561173223900709e-38
1.857705098999014410e+02 1.885286479576543396e-38
1.945265127950953854e+02 1.801566708725519070e-38
2.036952162138647395e+02 1.721272290383467936e-38
2.132960721509384143e+02 1.644293706568127696e-38
2.233494494404417026e+02 1.570627566091606563e-38
2.338766769696881340e+02 1.500344036548592902e-38
2.449000889297901722e+02 1.433286318727071366e-38
2.564430721990826783e+02 1.369302669985057493e-38
2.685301159598894287e+02 1.308248165412796235e-38
2.811868636539037425e+02 1.249985134167188897e-38
2.944401673863999349e+02 1.194383223311170011e-38
3.083181448947017316e+02 1.141318413862373460e-38
3.228502392017763327e+02 1.090673828202758935e-38
3.380672810815020739e+02 1.042371750563165955e-38
3.540015544681382949e+02 9.961975734552960725e-39
3.706868649487748826e+02 9.518927262769308248e-39
3.881586114840604864e+02 9.093817676572357655e-39
4.064538615093742919e+02 8.686002424737127311e-39
4.256114295757822674e+02 8.294851685384876451e-39
4.456719596976041089e+02 7.919758278912583031e-39
4.666780115813044176e+02 7.560141379816812917e-39
4.886741509186559256e+02 7.215439070208826644e-39
5.117070439357216856e+02 6.885122041011131123e-39
5.358255563982559124e+02 6.569087714129796514e-39
5.610808572835784389e+02 6.266888338925569213e-39
5.875265273388530431e+02 5.980028132778393774e-39
6.152186727560882673e+02 5.707874574968626010e-39
6.442160442050443407e+02 5.449607888734392824e-39
6.745801614765593968e+02 5.204450767319940172e-39
7.063754440007422772e+02 4.971674486093959827e-39
7.396693475169504381e+02 4.750600631394773157e-39
7.745325071854812222e+02 4.540591212052010056e-39
8.110388874446074396e+02 4.341062203971719620e-39
8.492659389309062590e+02 4.151907303852846270e-39
8.892947627957674968e+02 3.971910689920053397e-39
9.312102827667030169e+02 3.799514874407587772e-39
9.751014253185142024e+02 3.634213675364301465e-39
1.021061308336530146e+03 3.475732477982711762e-39
1.069187438672190638e+03 3.323798666039793348e-39
1.119581919010123102e+03 3.178151632457396197e-39
1.172351664485557194e+03 3.038547617224544401e-39
1.227608629511661775e+03 2.904751654070740334e-39
1.285470045298058722e+03 2.776554683691503751e-39
1.346058668564362961e+03 2.654216188473483437e-39
1.409503041976486429e+03 2.537015789505667856e-39
1.475937766858173973e+03 2.425114273632925268e-39
1.545503788756370341e+03 2.318373858920115295e-39
1.618348696466291813e+03 2.216547306904188695e-39
1.694627035150550682e+03 2.119390701539476066e-39
1.774500634216660274e+03 2.026674585596817500e-39
1.858138950648562741e+03 1.938189110630886824e-39
1.945719428520524843e+03 1.853734726708543148e-39
2.037427875456154879e+03 1.773140184237329115e-39
2.133458856831264711e+03 1.696717522599106684e-39
2.234016108556833842e+03 1.623735748895222759e-39
2.339312969317848456e+03 1.553925941778150193e-39
2.449572833185088257e+03 1.487098513545489970e-39
2.565029623560019445e+03 1.423127190190237860e-39
2.685928289458339350e+03 1.361879748958898438e-39
2.812525325185116799e+03 1.303232648274808271e-39
2.945089314503962669e+03 1.247077879533564032e-39
3.083901500454763664e+03 1.193311837295141052e-39
3.229256382028935150e+03 1.141854784981232581e-39
3.381462338967980031e+03 1.093117957669191220e-39
3.540842286010948555e+03 1.046440392603996044e-39
3.707734357978890330e+03 1.002043904484795660e-39
3.882492627149633336e+03 9.600390243577871393e-40
4.065487854444898403e+03 9.202838834042412214e-40
4.257108276023514918e+03 8.826325487128204367e-40
4.457760426949412249e+03 8.469531471037843649e-40
4.667870003681908202e+03 8.129970443126672443e-40
4.887882767218213303e+03 7.792693358014770239e-40
5.118265488804067900e+03 7.471508077031080235e-40
5.359506940218963791e+03 7.166914640773505751e-40
5.612118930737013216e+03 6.858565963277988005e-40
5.876637392963250932e+03 6.573890846760202421e-40
6.153623519849131299e+03 6.306447152475629015e-40
6.443664955299584108e+03 6.053690351600450317e-40
6.747377040897367806e+03 5.812568506614694090e-40
7.065404121389819920e+03 5.578959876083723906e-40
7.398420911707809864e+03 5.353082681079019061e-40
7.747133928416880735e+03 5.138499601826863520e-40
8.112282988637585731e+03 4.933869761853939650e-40
8.494642779615247491e+03 4.744148544393615092e-40
8.895024502268788638e+03 4.566894935708806570e-40
9.314277592205666224e+03 4.401742316076572641e-40
9.753291521854316670e+03 4.229789818175832749e-40
1.021299768753713033e+04 4.066574663747600242e-40
1.069437138548770781e+04 3.914849473484100129e-40
1.119843388100468292e+04 3.763670209552991521e-40
1.172625457513182482e+04 3.622262345563651864e-40
1.227895327346104386e+04 3.487022421233235619e-40
1.285770256187233645e+04 3.358721541272887939e-40
1.346373029425006462e+04 3.235935137596410521e-40
1.409832219745407747e+04 3.111568932614631136e-40
1.476282459907204611e+04 2.993722888267276756e-40
1.545864728374019796e+04 2.881224648898480434e-40
1.618726648409195877e+04 2.769369483859440021e-40
1.695022801268091280e+04 2.657697687191016105e-40
1.774915054152144876e+04 2.546335309600819703e-40
1.858572903620571014e+04 2.435422196065464605e-40
1.946173835188227895e+04 2.324885972990835108e-40
2.037903699872572179e+04 2.215365057732600370e-40
2.133957108488528684e+04 2.105235804464995636e-40
2.234537844527915877e+04 1.995739279141839521e-40
2.339859296499213815e+04 1.886551741146231732e-40
2.450144910645033087e+04 1.777145757501812559e-40
2.565628664997708984e+04 1.667277412263908572e-40
2.686555565778775417e+04 1.556451033241847447e-40
2.813182167195396687e+04 1.443792534929283060e-40
2.945777115736703126e+04 1.299284300726727857e-40
3.084621720124577041e+04 1.091787634814403849e-40
3.230010548128229857e+04 8.532194715392949551e-41
3.382252051508694421e+04 6.138655009950031500e-41
3.541669220419112389e+04 3.947965738996288419e-41
3.708600268649087957e+04 2.105616004012001184e-41
3.883399351167104760e+04 8.203928435536337326e-42
4.066437315483042767e+04 3.079822502187698553e-42
4.258102488425066986e+04 1.332642497403907025e-42
4.458801500000004307e+04 5.268811248214094310e-43
