5.109905999999998913e-04 4.486609143918514093e-33
5.350770051570944916e-04 5.412770122218638042e-33
5.602987637108894315e-04 6.402783374364922656e-33
5.867093924617111699e-04 7.407474576087262396e-33
6.143649308146787542e-04 8.423435780564259826e-33
6.433240596869372729e-04 9.396557356596746494e-33
6.736482260197950009e-04 1.024324754805053940e-32
7.054017731599395314e-04 1.093911657224178149e-32
7.386520773864039408e-04 1.147451253834853304e-32
7.734696908729504728e-04 1.190587511675324739e-32
8.099284913892397519e-04 1.226378549820564422e-32
8.481058390584054769e-04 1.258997608076772354e-32
8.880827405036743286e-04 1.285433694263445453e-32
9.299440207323015489e-04 1.304593374290403375e-32
9.737785031215592932e-04 1.318536360991743227e-32
1.019679197888654579e-03 1.328100430487324382e-32
1.067743499444510826e-03 1.334117309833802868e-32
1.118073393050135651e-03 1.335794787018446020e-32
1.170775671214105114e-03 1.333500318280504843e-32
1.225962160290288133e-03 1.329845132476062745e-32
1.283749957756657881e-03 1.324854334123008741e-32
1.344261680678626551e-03 1.318125596426475705e-32
1.407625725884121496e-03 1.307735511535056394e-32
1.473976542402457039e-03 1.293914464769065413e-32
1.543454916745074911e-03 1.279501071357822202e-32
1.616208271633466859e-03 1.262319790990965751e-32
1.692390978808143041e-03 1.240480456339342299e-32
1.772164686582385247e-03 1.219701653121539517e-32
1.855698662835801246e-03 1.199576615910739070e-32
1.943170154175451626e-03 1.174070410015342101e-32
2.034764762026640677e-03 1.146433063537663594e-32
2.130676836451402684e-03 1.119608354468274009e-32
2.231109888530256966e-03 1.092251396439851422e-32
2.336277022182306224e-03 1.064346407836175737e-32
2.446401386339872811e-03 1.036656122469144839e-32
2.561716648437181894e-03 1.009298323992939899e-32
2.682467490217700645e-03 9.820319246842489649e-33
2.808910126912229823e-03 9.523909846245090753e-33
2.941312850889292799e-03 9.215584889016456208e-33
3.079956600931442641e-03 8.932227905200144309e-33
3.225135558345344853e-03 8.652767746043857426e-33
3.377157771170511986e-03 8.364572865228658262e-33
3.536345807811192704e-03 8.079434328582263232e-33
3.703037441478295496e-03 7.799889708911164041e-33
3.877586366893634104e-03 7.526168430262701720e-33
4.060362950777228301e-03 7.250929215384983084e-33
4.251755017710115783e-03 6.973301901851904700e-33
4.452168673040126506e-03 6.711972953723311199e-33
4.662029164576704521e-03 6.467313895937745678e-33
4.881781784903156327e-03 6.234649060358718183e-33
5.111892816220961304e-03 5.999785718852900195e-33
5.352850519730847911e-03 5.759224829581733611e-33
5.605166171650089076e-03 5.530050008637791430e-33
5.869375148064151677e-03 5.310276717452681812e-33
6.146038060914704206e-03 5.093140663408269512e-33
6.435741947534377380e-03 4.880776550327895935e-33
6.739101516252128665e-03 4.674566405800435881e-33
7.056760450712446994e-03 4.476071930824186779e-33
7.389392775675804673e-03 4.280398176023597401e-33
7.737704287198401976e-03 4.081508292048059468e-33
8.102434050225848158e-03 3.898204889749238527e-33
8.484355966778477434e-03 3.733083509929315784e-33
8.884280418055738940e-03 3.569217536401464531e-33
9.303055983943911769e-03 3.406154604083286772e-33
9.741571243575714370e-03 3.245828369170166671e-33
1.020075666076238237e-02 3.092741108803170599e-33
1.068158655829876819e-02 2.948138082171592193e-33
1.118508118533058197e-02 2.811496179882088431e-33
1.171230888217054435e-02 2.680361198007538501e-33
1.226438834715678876e-02 2.552143272224607740e-33
1.284249101036345070e-02 2.427033805424688300e-33
1.344784351920013353e-02 2.305189723756560865e-33
1.408173034117428737e-02 2.186792264802217979e-33
1.474549648933920314e-02 2.072910595769033911e-33
1.544055037621059126e-02 1.964636907017636761e-33
1.616836680220734568e-02 1.861722389944313233e-33
1.693049008495753349e-02 1.763925528352375287e-33
1.772853733610943797e-02 1.671014150337036223e-33
1.856420189260072143e-02 1.582810405572582618e-33
1.943925690966617770e-02 1.499147613051863917e-33
2.035555912320801894e-02 1.419801391632767002e-33
2.131505278951183191e-02 1.344538658037370871e-33
2.231977381066769378e-02 1.273175701382327596e-33
2.337185405444998018e-02 1.205315964039014744e-33
2.447352587782201591e-02 1.140565592353991846e-33
2.562712686366376211e-02 1.078823260105168623e-33
2.683510478077314604e-02 1.019994139546728378e-33
2.810002277766544473e-02 9.639831129146066258e-34
2.942456482119118130e-02 9.110391189693325311e-34
3.081154139151245225e-02 8.614156240378841986e-34
3.226389544552159955e-02 8.148796221544693727e-34
3.378470866135566825e-02 7.711997420436582479e-34
3.537720797725663058e-02 7.301946645050160178e-34
3.704477243865182678e-02 6.915772934684675146e-34
3.879094036798310524e-02 6.550708576832743681e-34
4.061941687249795430e-02 6.205558040173357661e-34
4.253408170593308418e-02 5.879191886579314860e-34
4.453899750077171260e-02 5.570547217157126366e-34
4.663841838854228955e-02 5.278709348898152943e-34
4.883679902644939147e-02 5.002822187212440008e-34
5.113880404949029679e-02 4.741972779030783849e-34
5.354931796811285283e-02 4.495177384162475923e-34
5.607345553241653568e-02 4.261768914897764825e-34
5.871657258488698766e-02 4.041237738321626758e-34
6.148427742469337459e-02 3.833118246122917693e-34
6.438244270766015076e-02 3.636646333914084073e-34
6.741721790716512230e-02 3.451130202939340991e-34
7.059504236240188302e-02 3.275922399676532294e-34
7.392265894169525176e-02 3.110675338005902848e-34
7.740712834985936930e-02 2.955088113833395313e-34
8.105584410995737843e-02 2.808517939602309589e-34
8.487654825125227898e-02 2.670271320557740882e-34
8.887734773663488741e-02 2.539904401858161053e-34
9.306673166438740596e-02 2.417185276738912208e-34
9.745358928078001748e-02 2.301923273840335337e-34
1.020472288417230283e-01 2.193582439768863423e-34
1.068573973634932561e-01 2.091663723142511605e-34
1.118943013044459978e-01 1.995710475984689116e-34
1.171686282215926161e-01 1.904871436961454320e-34
1.226915694479993602e-01 1.818310247585584526e-34
1.284748438391218606e-01 1.735811921998626853e-34
1.345307226384649391e-01 1.657101614998878669e-34
1.408720555153256671e-01 1.582069623843671271e-34
1.475122978298710197e-01 1.510685866632341147e-34
1.544655391833993918e-01 1.442936003728681260e-34
1.617465333143687234e-01 1.378612354522168394e-34
1.693707294036223554e-01 1.317526580363017144e-34
1.773543048552419510e-01 1.259501425819425752e-34
1.857141996225786240e-01 1.204228988716211998e-34
1.944681521523021761e-01 1.151404496152902285e-34
2.036347370227321874e-01 1.100914560378233669e-34
2.132334043563151038e-01 1.052599830928517774e-34
2.232845210898770916e-01 1.006419389478612597e-34
2.338094141902171130e-01 9.623393098635091037e-35
2.448304159067430652e-01 9.203315861977502902e-35
2.563709111571640387e-01 8.802909163437366702e-35
2.684553871467910136e-01 8.421194271078830087e-35
2.811094853267228633e-01 8.057243646172972865e-35
2.943600558011736923e-01 7.710205251489761474e-35
3.082352142993770583e-01 7.379270312207053087e-35
3.227644018329614561e-01 7.063612844700661775e-35
3.379784471653726197e-01 6.762084127119285561e-35
3.539096322259021599e-01 6.474381820317241184e-35
3.705917606071119086e-01 6.199067180766762343e-35
3.880602292910056428e-01 5.934699914810343780e-35
4.063521037561292348e-01 5.680881622920626606e-35
4.255061966249766292e-01 5.437249666565587787e-35
4.455631500185684435e-01 5.203448622650435948e-35
4.665655217929587928e-01 4.978923400725461584e-35
4.885578758406387556e-01 4.763118718492814942e-35
5.115868766484562569e-01 4.555736504664118234e-35
5.357013883126776621e-01 4.356230179752180058e-35
5.609525782212928524e-01 4.164615091373385398e-35
5.873940256235642421e-01 3.981355048494250782e-35
6.150818353171788599e-01 3.806943788142540948e-35
6.440747566942437441e-01 3.640916893316035104e-35
6.744343083987068832e-01 3.482845163012762565e-35
7.062249088597259972e-01 3.332323743995849698e-35
7.395140129779378402e-01 3.188518534272676677e-35
7.743722552546761229e-01 3.050596882468509208e-35
8.108735996678163582e-01 2.918324806545841252e-35
8.490954966122828962e-01 2.791306203464716663e-35
8.891190472382002330e-01 2.669527679064508658e-35
9.310291755354127563e-01 2.553067501753495522e-35
9.749148085294867538e-01 2.442019095863840178e-35
1.020869064971568152e+00 2.336115589693994998e-35
1.068989452922441297e+00 2.235111478305815158e-35
1.119378076650062281e+00 2.138772641362543981e-35
1.172141853279539792e+00 2.046870099587311067e-35
1.227392739655295495e+00 1.959186995586209342e-35
1.285247969896739617e+00 1.875468909557813332e-35
1.345830304151550028e+00 1.794999565479271145e-35
1.409268289074346647e+00 1.717685837381168265e-35
1.475696530583466615e+00 1.643418598510701255e-35
1.545255979474606578e+00 1.572091885840302691e-35
1.618094230497322705e+00 1.503602831688141459e-35
1.694365835529032527e+00 1.437856792423292335e-35
1.774232631510976876e+00 1.374760635310182681e-35
1.857864083842022396e+00 1.314219150730164465e-35
1.945437645958885575e+00 1.256140042629954218e-35
2.037139135865805528e+00 1.200438860498219804e-35
2.133163130412549346e+00 1.147074825720929138e-35
2.233713378157407892e+00 1.096070646128508232e-35
2.339003231691155094e+00 1.047322270856736542e-35
2.449256100339360920e+00 1.000730295369447319e-35
2.564705924203555920e+00 9.561997473486640216e-36
2.685597670547165361e+00 9.136423215150494168e-36
2.812187853579393604e+00 8.729730473889077105e-36
2.944745078740042210e+00 8.341084846755152389e-36
3.083550612640065136e+00 7.969689082805110297e-36
3.228898979867284691e+00 7.614782101620557013e-36
3.381098587923504706e+00 7.275820880833195761e-36
3.540472381619137465e+00 6.952858856543935280e-36
3.707358528313776880e+00 6.645097175819802084e-36
3.882111135456795648e+00 6.351780290023702652e-36
4.065101001950392146e+00 6.072193363205244317e-36
4.256716404929406394e+00 5.805674699276862148e-36
4.457363923627368330e+00 5.551594265823741432e-36
4.667469302076805882e+00 5.309341912371073451e-36
4.887478352474456500e+00 5.078339694401646444e-36
5.117857901128054721e+00 4.858026383278909375e-36
5.359096778991962573e+00 4.647042674577769426e-36
5.611706858893400707e+00 4.444884490501395941e-36
5.876224141649982968e+00 4.251196021411487886e-36
6.153209893383351670e+00 4.065635741862919675e-36
6.443251836441932667e+00 3.887875806828096165e-36
6.746965396459939868e+00 3.717611583630898218e-36
7.064995008198462934e+00 3.554547944893124850e-36
7.398015482939724663e+00 3.398392283814917862e-36
7.746733440335693999e+00 3.248863694430267163e-36
8.111888807749384256e+00 3.105685633748917265e-36
8.494256390269995904e+00 2.968419421828490077e-36
8.894647514733513560e+00 2.837000446111625431e-36
9.313911751236904735e+00 2.711189642967449252e-36
9.752938715798917357e+00 2.590757342022636038e-36
1.021265995799212334e+01 2.475482904310387053e-36
1.069405093755188041e+01 2.365157970561198940e-36
1.119813309415610725e+01 2.259581438614679766e-36
1.172597601476740259e+01 2.158556896785565703e-36
1.227869970313675196e+01 2.061895736119867003e-36
1.285747695628395526e+01 1.969412675760021040e-36
1.346353585299765143e+01 1.880903275829546692e-36
1.409816235963471343e+01 1.796413143392921119e-36
1.476270305874868960e+01 1.715759441474466427e-36
1.545856800633655403e+01 1.638766061895139389e-36
1.618723372376683400e+01 1.565265099126921992e-36
1.695024633073698439e+01 1.495098620386465006e-36
1.774922482590831407e+01 1.428115460841764422e-36
1.858586452217900842e+01 1.364169544763630734e-36
1.946194064388473421e+01 1.303121593617647469e-36
2.037931209355904016e+01 1.244836266661625235e-36
2.133992539624670570e+01 1.189115217451375248e-36
2.234581882973874301e+01 1.135871826855455107e-36
2.339912674949329841e+01 1.084995175860697454e-36
2.450208411741849446e+01 1.036380752680332366e-36
2.565703124412755542e+01 9.899286539147023736e-37
2.686641875472815144e+01 9.455442200405593734e-37
2.813281278868211999e+01 9.031367323475215842e-37
2.945890044476993097e+01 8.626187199886764338e-37
3.084749548271236108e+01 8.239065721259451514e-37
3.230154429354815449e+01 7.869188949757982019e-37
3.382413215143488117e+01 7.515474137083531479e-37
3.541848976013960026e+01 7.177549850494806004e-37
3.708800010810902847e+01 6.854716604553424792e-37
3.883620564666551189e+01 6.546306093232528749e-37
4.066681580655856720e+01 6.251679516973129384e-37
4.258371486882258239e+01 5.970237185241719542e-37
4.459097020664020050e+01 5.701402810892736451e-37
4.669284091570039408e+01 5.444615858979087841e-37
4.889378685136211544e+01 5.199340611404546452e-37
5.119847809180089371e+01 4.965056844020546172e-37
5.361180484721619877e+01 4.741134893019291737e-37
5.613888783612668476e+01 4.527438068024135052e-37
5.878508915076860575e+01 4.323510792702654819e-37
6.155602363465415294e+01 4.128898338899314285e-37
6.445757079642960719e+01 3.943167927495847215e-37
6.749588728531402637e+01 3.765901580699668424e-37
7.067741995458757742e+01 3.596703055028113960e-37
7.400891954085057023e+01 3.435200326998525027e-37
7.749745498807753563e+01 3.281039050381421066e-37
8.115042844685852685e+01 3.133877278765286495e-37
8.497559098065639205e+01 2.993315585263771551e-37
8.898105901240411697e+01 2.859212583532303031e-37
9.317533154634143955e+01 2.731278917577484275e-37
9.756730820162989914e+01 2.609224176069481088e-37
1.021663080960146885e+02 2.492771986529878834e-37
1.069820896195986961e+02 2.381663268903147393e-37
1.120248711406879352e+02 2.275650292885704219e-37
1.173053526876400383e+02 2.174493797229623604e-37
1.228347386527251643e+02 2.077966045319113029e-37
1.286247615661707187e+02 1.985848015524041479e-37
1.346877069908371141e+02 1.897868559141115699e-37
1.410364395903436616e+02 1.813593280710510247e-37
1.476844304259621481e+02 1.732786957260943859e-37
1.546457855401939412e+02 1.655318709385584282e-37
1.619352758876843836e+02 1.581062503848544912e-37
1.695683686769778546e+02 1.509896974465137036e-37
1.775612601896228000e+02 1.441705160811110096e-37
1.859309101462588671e+02 1.376374291279049880e-37
1.946950776926094875e+02 1.313795638084641130e-37
2.038723590817315312e+02 1.253863279908483072e-37
2.134822271324845815e+02 1.196466564516844762e-37
2.235450725479423681e+02 1.141789598498122864e-37
2.340822471814130097e+02 1.089811834507390472e-37
2.451161093418809287e+02 1.040391042922839037e-37
2.566700712349942251e+02 9.933930499744252868e-38
2.687686486402665196e+02 9.486916406400177833e-38
2.814375129298921365e+02 9.061675646650038029e-38
2.947035455395616168e+02 8.657078892246565521e-38
3.085948950068473096e+02 8.272059587245514964e-38
3.231410366981937159e+02 7.905605874900397788e-38
3.383728353512343574e+02 7.556676040712006255e-38
3.543226105651519333e+02 7.223173615825848109e-38
3.710242053780339688e+02 6.903609893532497139e-38
3.885130580767422543e+02 6.597437317498522791e-38
4.068262773916541732e+02 6.304128758930817604e-38
4.260027212358425572e+02 6.023178195124887286e-38
4.460830791557555131e+02 5.754098032202761924e-38
4.671099586683532721e+02 5.496417630062048215e-38
4.891279756678830495e+02 5.249683937217266661e-38
5.121838490941374857e+02 5.013459148897787449e-38
5.363265000630630084e+02 4.787294978930231024e-38
5.616071556700462679e+02 4.571099422859099439e-38
5.880794576861547966e+02 4.364703793891703473e-38
6.157995763779523486e+02 4.167661744085959644e-38
6.448263296924103543e+02 3.979547410541060260e-38
6.752213080597891803e+02 3.799956652557063541e-38
7.070490050793268892e+02 3.628503179240172095e-38
7.403769543650101923e+02 3.464816533691286023e-38
7.752758728418114060e+02 3.308543243266511345e-38
8.118198107964203700e+02 3.159345793989524353e-38
8.500863090008861036e+02 3.016898489833327157e-38
8.901565632425373451e+02 2.880882656731202627e-38
9.321155966093098186e+02 2.750985036805324149e-38
9.760524398960145618e+02 2.626930830877083180e-38
1.022060320514379328e+03 2.508457762306873123e-38
1.070236860307672487e+03 2.395316942792605678e-38
1.120684282689665224e+03 2.287270129310905452e-38
1.173509629547419081e+03 2.184088379465333130e-38
1.228824988368171717e+03 2.085553029646097155e-38
1.286747730072220975e+03 1.991455669811228765e-38
1.347400758056477343e+03 1.901603657334301789e-38
1.410912768977080077e+03 1.815854467189394788e-38
1.477418525824464950e+03 1.734131507721173563e-38
1.547059143870288381e+03 1.656242327089260842e-38
1.619982390092916376e+03 1.582000429520468982e-38
1.696342996716868583e+03 1.511230682506455183e-38
1.776302989531455296e+03 1.443766185461751455e-38
1.860032031685291258e+03 1.379446822667723761e-38
1.947707783686104221e+03 1.318120535843257667e-38
2.039516280369783317e+03 1.259643645721947225e-38
2.135652325638474849e+03 1.203890211313156891e-38
2.236319905805351937e+03 1.150684403662539987e-38
2.341732622423044177e+03 1.099812267433566046e-38
2.452114145514209213e+03 1.051165680771834904e-38
2.567698688165867679e+03 1.004648069966995943e-38
2.688731503494573190e+03 9.601688022476141966e-39
2.815469405036824355e+03 9.176406749239703259e-39
2.948181311669005936e+03 8.769788898166313426e-39
3.087148818213025152e+03 8.381023700401544370e-39
3.232666792938443450e+03 8.009344901031484560e-39
3.385044003228813835e+03 7.654142764571586982e-39
3.544603770739919582e+03 7.314573552963411728e-39
3.711684657440005140e+03 6.990036585614743910e-39
3.886641183987604109e+03 6.679874853424413091e-39
4.069844581971397474e+03 6.383451106754014311e-39
4.261683581608116583e+03 6.100175847281514242e-39
4.462565236569975241e+03 5.829480273084332749e-39
4.672915787691644255e+03 5.570805850224073267e-39
4.893181567389601696e+03 5.323619434493058456e-39
5.123829946712763558e+03 5.087422008851316438e-39
5.365350327034007023e+03 4.861868556677876000e-39
5.618255178486643672e+03 4.646379762024714625e-39
5.883081127349454619e+03 4.440825548854481257e-39
6.160390094687390047e+03 4.244787494850279827e-39
6.450770488664100412e+03 4.057806277548401710e-39
6.754838453056000617e+03 3.879463166601048032e-39
7.073239174617282515e+03 3.709354901376345225e-39
7.406648252069707269e+03 3.547084243253442861e-39
7.755773129622133638e+03 3.392274014265881470e-39
8.121354598061259821e+03 3.244576778030347885e-39
8.504168366598960347e+03 3.103799551811599106e-39
8.905026708811214121e+03 2.969424823542565174e-39
9.324780186161246093e+03 2.840921085526316171e-39
9.764319452763669688e+03 2.717969358825600638e-39
1.022457714521937123e+04 2.600330401940746188e-39
1.070652986153106031e+04 2.487794556273183289e-39
1.121120023329790456e+04 2.380155104870421818e-39
1.173965909558723979e+04 2.277198911091070669e-39
1.229302775908609328e+04 2.178722372752696932e-39
1.287248038935512523e+04 2.084542534339858402e-39
1.347924649823224172e+04 1.994627309761479917e-39
1.411461355267269937e+04 1.908629985877924356e-39
1.477992970656180114e+04 1.826603263878008144e-39
1.547660666129570200e+04 1.748435775696806232e-39
1.620612266120049026e+04 1.673930727835036657e-39
1.697002563014605039e+04 1.602922976002139526e-39
1.776993645600853415e+04 1.535250826066944975e-39
1.860755242995254957e+04 1.470746125161815686e-39
1.948465084782901613e+04 1.409250577033457224e-39
2.040309278133097177e+04 1.350627716999864651e-39
2.136482702690988663e+04 1.294900438727450807e-39
2.237189424083012636e+04 1.241742514353718603e-39
2.342643126913610831e+04 1.190921751623477073e-39
2.453067568172076062e+04 1.142268673097932496e-39
2.568697052011348205e+04 1.095684681664039846e-39
2.689776926906460358e+04 1.051095752583180698e-39
2.816564106247289601e+04 1.008425617469920006e-39
2.949327613470319920e+04 9.675867104764100637e-40
3.088349152886213778e+04 9.284961882399194425e-40
3.233923707414207092e+04 8.910898815051896985e-40
3.386360164491715113e+04 8.554728160603450239e-40
3.545981971487364353e+04 8.213653804714967512e-40
3.713127822007908981e+04 7.888955810974194456e-40
3.888152374555373535e+04 7.581332680879757079e-40
4.071427005059469229e+04 7.289784401938591062e-40
4.263340594881661673e+04 7.013612447814082953e-40
4.464300355963384209e+04 6.752093701170285163e-40
4.674732694868840917e+04 6.503732932698937979e-40
4.895084117555920966e+04 6.261183080760410455e-40
5.125822176795207633e+04 6.029579214491813162e-40
5.367436464246887772e+04 5.810179533137101513e-40
5.620439649301193276e+04 5.595868609212361700e-40
5.885368566886127519e+04 5.396519506888093544e-40
6.162785356550839788e+04 5.211543489891232445e-40
6.453278655241858360e+04 5.034702814766856142e-40
6.757464846302480146e+04 4.862918684318260980e-40
7.075989367346237123e+04 4.696194974233222463e-40
7.409528079778923711e+04 4.534249373965798939e-40
7.758788702875355375e+04 4.389237743598495524e-40
8.124512315454019699e+04 4.253913112181789144e-40
8.507474928335438017e+04 4.126985324927066762e-40
8.908489130920977914e+04 4.008356213159776318e-40
9.328405815386270115e+04 3.893772994955059769e-40
9.768115982147079194e+04 3.781355428551288942e-40
1.022855263042882725e+05 3.674653092354018420e-40
1.071069273795172630e+05 3.576413457757863807e-40
1.121555933393108426e+05 3.486541172078585035e-40
1.174422366979262733e+05 3.402817053988648884e-40
1.229780749220772414e+05 3.319081491525698382e-40
1.287748542327193863e+05 3.238178734676179049e-40
1.348448745287776692e+05 3.167785860960593003e-40
1.412010154856914305e+05 3.099361511679780255e-40
1.478567638841579901e+05 3.016742132295780433e-40
1.548262422270686657e+05 2.960885662585814667e-40
1.621242387053435086e+05 2.911539603243739895e-40
1.697662385762654303e+05 2.867287571462638327e-40
1.777684570208790537e+05 2.827865924613161861e-40
1.861478735501779302e+05 2.792628688690337597e-40
1.949222680330922594e+05 2.760840309146392205e-40
2.041102584227102925e+05 2.732699587440560919e-40
2.137313402607882454e+05 2.711658435961760318e-40
2.238059280443796888e+05 2.693567697504303824e-40
2.343553985423435224e+05 2.681640816621989301e-40
2.454021361536481418e+05 2.678842817707785450e-40
2.569695804037256457e+05 2.685021490941946596e-40
2.690822756796320318e+05 2.700050879877574816e-40
2.817659233095737291e+05 2.723595360427822027e-40
2.950474360972799477e+05 2.745505198410344240e-40
3.089549954269445152e+05 2.749373375230075777e-40
3.235181110599160311e+05 2.732132693150667255e-40
3.387676837499960093e+05 2.689946086583718559e-40
3.547360708102133358e+05 2.617171248535419849e-40
3.714571547702140524e+05 2.504995546863731666e-40
3.889664152699115803e+05 2.340408034453673196e-40
4.073010043419876019e+05 2.110670507079643067e-40
4.264998252429460408e+05 1.787710972402504952e-40
4.466036150000001071e+05 1.247691076724078964e-40
