5.109905999999998913e-04 1.028851605349001357e-34
5.350438664285339738e-04 1.269859049520913612e-34
5.602293643029735088e-04 1.523956839912369174e-34
5.866003898378223435e-04 1.780613568028594662e-34
6.142127479983268456e-04 2.068678149863947254e-34
6.431248705919828538e-04 2.372083906053082487e-34
6.733979399188266390e-04 2.636028262448663566e-34
7.050960182421725292e-04 2.857068846539885508e-34
7.382861833537763879e-04 3.039275381956601279e-34
7.730386705202996374e-04 3.222712143113656771e-34
8.094270211114535556e-04 3.397486535375069882e-34
8.475282382243486210e-04 3.536719552432351161e-34
8.874229496333576423e-04 3.685907450050538735e-34
9.291955784103386783e-04 3.861340567095536471e-34
9.729345215762593476e-04 4.024367483406903673e-34
1.018732337162284044e-03 4.168115691467162280e-34
1.066685940076168761e-03 4.292892478846718426e-34
1.116896807188447194e-03 4.433107915951941150e-34
1.169471192072401656e-03 4.591908991606454605e-34
1.224520349852237233e-03 4.711841425687028103e-34
1.282160772635274190e-03 4.820430079742334986e-34
1.342514436026364701e-03 4.964238233603608911e-34
1.405709057246198011e-03 5.105319940829678649e-34
1.471878365399706835e-03 5.225765000795531344e-34
1.541162384466504423e-03 5.317051968838489736e-34
1.613707729612203368e-03 5.401314087964444857e-34
1.689667917447649267e-03 5.505678217664887235e-34
1.769203690892629790e-03 5.606373393962626594e-34
1.852483359331513800e-03 5.698172658647939331e-34
1.939683154780640984e-03 5.793960870490093361e-34
2.030987604821166831e-03 5.891842690707463135e-34
2.126589923086539841e-03 5.987067530502087377e-34
2.226692418130942364e-03 6.062275485590861573e-34
2.331506921543922018e-03 6.118521427710496916e-34
2.441255236217161530e-03 6.178563130207527390e-34
2.556169605711989742e-03 6.241959512195967956e-34
2.676493205720896756e-03 6.305331321464556434e-34
2.802480658663017779e-03 6.353767605426938709e-34
2.934398572502597800e-03 6.388158629503724372e-34
3.072526104930620953e-03 6.424271801234742451e-34
3.217155554103506756e-03 6.450758169912973759e-34
3.368592977188960939e-03 6.459467034313462769e-34
3.527158838027917315e-03 6.476336980690485839e-34
3.693188685283120207e-03 6.504033943457799862e-34
3.867033862509398727e-03 6.531593149720877984e-34
4.049062251648262965e-03 6.550605748458558991e-34
4.239659051520151649e-03 6.555864388541991139e-34
4.439227592961736586e-03 6.555516458637520653e-34
4.648190192333249114e-03 6.548130308958111569e-34
4.866989045201952808e-03 6.525744241120119380e-34
5.096087162092947584e-03 6.495662548769194473e-34
5.335969348287471214e-03 6.462059184340101604e-34
5.587143229742139519e-03 6.416413243577899690e-34
5.850140327300036233e-03 6.360463967774525258e-34
6.125517181466941762e-03 6.301754297021634033e-34
6.413856530132822954e-03 6.236354021780938146e-34
6.715768541730841173e-03 6.162409663923652628e-34
7.031892106443420574e-03 6.084545027512885738e-34
7.362896188187761232e-03 6.002371541688552170e-34
7.709481240241788068e-03 5.913471514508555093e-34
8.072380687506220884e-03 5.826475053423692232e-34
8.452362478539442170e-03 5.743123307190723481e-34
8.850230710649492974e-03 5.645440871211392212e-34
9.266827331482142133e-03 5.537145055431349163e-34
9.703033920705820409e-03 5.429727346046960758e-34
1.015977355556376381e-02 5.319873761150572182e-34
1.063801276424108759e-02 5.205955482410969505e-34
1.113876357118046695e-02 5.088332980717263143e-34
1.166308563867457168e-02 4.966671071210315927e-34
1.221208850926720074e-02 4.840164730363489060e-34
1.278693395370833312e-02 4.709320944559642123e-34
1.338883842943179060e-02 4.574557091291257109e-34
1.401907565475789090e-02 4.436528907486886303e-34
1.467897930426860162e-02 4.296645859324491538e-34
1.536994583105893986e-02 4.156869388320852622e-34
1.609343742183692513e-02 4.017515965465297144e-34
1.685098509112552961e-02 3.878855787483616107e-34
1.764419192111437579e-02 3.741147315483857673e-34
1.847473645401723902e-02 3.604883809484026122e-34
1.934437624411401713e-02 3.470712318362046532e-34
2.025495157699386956e-02 3.338789826637941154e-34
2.120838936386996998e-02 3.209117246743935302e-34
2.220670721920674912e-02 3.081943719929573250e-34
2.325201773028862107e-02 2.956974529994024392e-34
2.434653292776511185e-02 2.833591942504196478e-34
2.549256896663278094e-02 2.712014519764520699e-34
2.669255102755953291e-02 2.592464011218317040e-34
2.794901844892331427e-02 2.475145080074674094e-34
2.926463010042525473e-02 2.360067266349795990e-34
3.064217000964868792e-02 2.247098618706037248e-34
3.208455325347062820e-02 2.136459325431071600e-34
3.359483212679278269e-02 2.028225250060364777e-34
3.517620260164618096e-02 1.922702568465864715e-34
3.683201109033754084e-02 1.820455836457342633e-34
3.856576152694950882e-02 1.722281954099229526e-34
4.038112278218008305e-02 1.628138706651573802e-34
4.228193642721216061e-02 1.537956364397629820e-34
4.427222486304263627e-02 1.451659599825135435e-34
4.635619983247404180e-02 1.369032255364184665e-34
4.853827133278122014e-02 1.289756132730355646e-34
5.082305694791360712e-02 1.213801096454192246e-34
5.321539161998137951e-02 1.141022629253676493e-34
5.572033788070358123e-02 1.071482017749226039e-34
5.834319656446900620e-02 1.005137322884158529e-34
6.108951802568083483e-02 9.419178118151795798e-35
6.396511388412214061e-02 8.817637514251002394e-35
6.697606932319737083e-02 8.246103977492785177e-35
7.012875596707464354e-02 7.703875948590301873e-35
7.342984536397881290e-02 7.190909440898672694e-35
7.688632310416786131e-02 6.707654605494943258e-35
8.050550360246842840e-02 6.252859595756901563e-35
8.429504557665246089e-02 5.824390207191681054e-35
8.826296825440944904e-02 5.421755215440190012e-35
9.241766834321060720e-02 5.044103347979066817e-35
9.676793779897584213e-02 4.690672184811882979e-35
1.013229824311443761e-01 4.360145911060421118e-35
1.060924413835204055e-01 4.051252837187163604e-35
1.110864075321177646e-01 3.762779650467644915e-35
1.163154488431686617e-01 3.494362538407966038e-35
1.217906307364936408e-01 3.246328403371209320e-35
1.275235395015552609e-01 3.017122701826828641e-35
1.335263068157497013e-01 2.804668580965131995e-35
1.398116354168187081e-01 2.608120532794615973e-35
1.463928259837094237e-01 2.426808418568577042e-35
1.532838052827653896e-01 2.260474912404778871e-35
1.604991556388108975e-01 2.107774666734959139e-35
1.680541457934929539e-01 1.967461853328748961e-35
1.759647632161825404e-01 1.838417103124977649e-35
1.842477479358089754e-01 1.719883453574779613e-35
1.929206279652213030e-01 1.611435902825781376e-35
2.020017563930389115e-01 1.512106334454050167e-35
2.115103502214842890e-01 1.420626926113481663e-35
2.214665310323835901e-01 1.336546783977832689e-35
2.318913675673905661e-01 1.259297158768652908e-35
2.428069203125400588e-01 1.188376845360351083e-35
2.542362881814780873e-01 1.123191200800338461e-35
2.662036573961577557e-01 1.063206039002628186e-35
2.787343526684386563e-01 1.007945837085131829e-35
2.918548907908991019e-01 9.569620705707582029e-36
3.055930367502652234e-01 9.098275716575628718e-36
3.199778624822042228e-01 8.662069833589045466e-36
3.350398083918105785e-01 8.255522224285763414e-36
3.508107477699777266e-01 7.878110963109133520e-36
3.673240542419647925e-01 7.525279252984585763e-36
3.846146723908921428e-01 7.189122590563765305e-36
4.027191917056143766e-01 6.868550378467350843e-36
4.216759240094553052e-01 6.562815551135922856e-36
4.415249845336561840e-01 6.271213709232918977e-36
4.623083768071000188e-01 5.992706572709380917e-36
4.840700815419509695e-01 5.725856619835616715e-36
5.068561497033041707e-01 5.470182079009496041e-36
5.307147999597953136e-01 5.223673587904667155e-36
5.556965207213888647e-01 4.987282946628454636e-36
5.818541769802729746e-01 4.761844068390428013e-36
6.092431221809517794e-01 4.548953030249442536e-36
6.379213153562672822e-01 4.347909679029177466e-36
6.679494437772308668e-01 4.157965408000831950e-36
6.993910513762060521e-01 3.978429960287539870e-36
7.323126732152075435e-01 3.808396592026754384e-36
7.667839762838695172e-01 3.646650870627416493e-36
8.028779069250325806e-01 3.492711246152303195e-36
8.406708451999276299e-01 3.345150092884563893e-36
8.802427665196052020e-01 3.204433836762015145e-36
9.216774108846600422e-01 3.069759415380515086e-36
9.650624600913778606e-01 2.939166149560750634e-36
1.010489723279300422e+00 2.812538279775590880e-36
1.058055331212856887e+00 2.689853917651267390e-36
1.107859939708186747e+00 2.571087706147091483e-36
1.160008942635639251e+00 2.456206493170663032e-36
1.214612694948689953e+00 2.345172477574328273e-36
1.271786746211239105e+00 2.237989797330919967e-36
1.331652085117468243e+00 2.135179246261689156e-36
1.394335395521697718e+00 2.037540026952233224e-36
1.459969324520037137e+00 1.944930607785937450e-36
1.528692763151134226e+00 1.857065425012423871e-36
1.600651140310021647e+00 1.773676735581322634e-36
1.675996730497030907e+00 1.694514178656994385e-36
1.754888976053009975e+00 1.619343561511976778e-36
1.837494824562748708e+00 1.547943429147245972e-36
1.923989082140599161e+00 1.480105776194150550e-36
2.014554783345902322e+00 1.415628138252573007e-36
2.109383578511012658e+00 1.353753290717991490e-36
2.208676139301561481e+00 1.294555135304027226e-36
2.312642583367198856e+00 1.238010677494934253e-36
2.421502918981405017e+00 1.183997962295685603e-36
2.535487510611334816e+00 1.132400830027912910e-36
2.654837566402880267e+00 1.083109048999399517e-36
2.779805648612552194e+00 1.036018026511112215e-36
2.910656208066330297e+00 9.910271799803914591e-37
3.047666143776471159e+00 9.480406369968369468e-37
3.191125388900507787e+00 9.069666049320221799e-37
3.341337524282417704e+00 8.674846357342408338e-37
3.498620420874299697e+00 8.296836785542017374e-37
3.663306912398017534e+00 7.935513430912540453e-37
3.835745499670269343e+00 7.590129067403599417e-37
4.016301088081522863e+00 7.259971747654328568e-37
4.205355759789449976e+00 6.944364740638460548e-37
4.403309582260912514e+00 6.642664868620680919e-37
4.610581454873518226e+00 6.354254715465879580e-37
4.827609995368256968e+00 6.078545251754215866e-37
5.054854468029098769e+00 5.814955211980116790e-37
5.292795755553697745e+00 5.561192884286905424e-37
5.541937376671869586e+00 5.317394082357169476e-37
5.802806551665186774e+00 5.083530779911744615e-37
6.075955318042583819e+00 4.859232043712452744e-37
6.361961698732848447e+00 4.644140463624261246e-37
6.661430925266078162e+00 4.437912352571719210e-37
6.974996718532532114e+00 4.240217285718907277e-37
7.303322629829167134e+00 4.050734652211233709e-37
7.647103445031683933e+00 3.869155100266225550e-37
8.007066654863544741e+00 3.695200110183291153e-37
8.383973994373242533e+00 3.528688583375826249e-37
8.778623054877606080e+00 3.370061077061105849e-37
9.191848971782228261e+00 3.219109025022283694e-37
9.624526191850709012e+00 3.075436554227907974e-37
1.007757032366250805e+01 2.938669659325393798e-37
1.055194007517524213e+01 2.808455211972150785e-37
1.104863928249161198e+01 2.684459814556713004e-37
1.156871903412410596e+01 2.566367494192697553e-37
1.211327989525274695e+01 2.453879401024694693e-37
1.268347423668274487e+01 2.346701668708701398e-37
1.328050867343046271e+01 2.243829691988692006e-37
1.390564661809809621e+01 2.145063726371380747e-37
1.456021095444040547e+01 2.050352587182760153e-37
1.524558683678112914e+01 1.959543951872268108e-37
1.596322462120309105e+01 1.872490622612688865e-37
1.671464293471479579e+01 1.789050484042122197e-37
1.750143188888833734e+01 1.709086390547060683e-37
1.832525644476915616e+01 1.632465584343848465e-37
1.918785993617828467e+01 1.559059837389891534e-37
2.009106775886287366e+01 1.488749741036352267e-37
2.103679123330185519e+01 1.421469541527335421e-37
2.202703164934093749e+01 1.357279740462676736e-37
2.306388450121600187e+01 1.296083182737074832e-37
2.414954392192684551e+01 1.237735936608078822e-37
2.528630732634498557e+01 1.182101288168239149e-37
2.647658027288132132e+01 1.129049382361163361e-37
2.772288155400094212e+01 1.078456871773155392e-37
2.902784852635831925e+01 1.030206473336718757e-37
3.039424269183147587e+01 9.841867115020889992e-38
3.182495554126578696e+01 9.402902945824413886e-38
3.332301467329349975e+01 8.982913451789899321e-38
3.489159020117733689e+01 8.581102076663085179e-38
3.653400146123603065e+01 8.196922438242766428e-38
3.825372403704773205e+01 7.829614725947140468e-38
4.005439711429558258e+01 7.478451962405792951e-38
4.193983118181945002e+01 7.142738435775875452e-38
4.391401609517019722e+01 6.821808244307857919e-38
4.598112951973038065e+01 6.515024311117099523e-38
4.814554577126809676e+01 6.221776884220695818e-38
5.041184507263194803e+01 5.941494206754716927e-38
5.278482324617565524e+01 5.674022698577834010e-38
5.526950186242288510e+01 5.419266497587885391e-38
5.787113886644844030e+01 5.176685275544620963e-38
6.059523970446264229e+01 4.945665861950470559e-38
6.344756897414456631e+01 4.725627589135366307e-38
6.643416262337782996e+01 4.516020268722106666e-38
6.956134072320328698e+01 4.316322351205560420e-38
7.283572084201809105e+01 4.126040278854861590e-38
7.626423204932287092e+01 3.944706383230119086e-38
7.985412957865102612e+01 3.771867509337952885e-38
8.361301018070903979e+01 3.606407192325671495e-38
8.754882819921725456e+01 3.447710877367745399e-38
9.166991240347020664e+01 3.295558372695048185e-38
9.598498361323619577e+01 3.149700190683618236e-38
1.005031731532935879e+02 3.009895556044387166e-38
1.052340421766557910e+02 2.875911868860498188e-38
1.101876018973760978e+02 2.747524241054582496e-38
1.153743347757477125e+02 2.624516463756507660e-38
1.208052167007301847e+02 2.506680009474102684e-38
1.264917402165433060e+02 2.393815798290327404e-38
1.324459388425795510e+02 2.285860103219202325e-38
1.386804125380994037e+02 2.182701565298987189e-38
1.452083543655966764e+02 2.084136941604046328e-38
1.520435784092575489e+02 1.989964798183510572e-38
1.592005490075925991e+02 1.899992431402608925e-38
1.666944113621026986e+02 1.814035221034929938e-38
1.745410235867508959e+02 1.731916036003077700e-38
1.827569902660615924e+02 1.653466246350656785e-38
1.913596975928628865e+02 1.578524587211662324e-38
2.003673501600233351e+02 1.506938777357212865e-38
2.097990094840469624e+02 1.438735290125216509e-38
2.196746343420430492e+02 1.373839668429090461e-38
2.300151230074313560e+02 1.312075367417985802e-38
2.408423574737596766e+02 1.253282296497667343e-38
2.521792497602177718e+02 1.197309387656369389e-38
2.640497903968368405e+02 1.144013745327734425e-38
2.764790991919765588e+02 1.093259840630879673e-38
2.894934783895307078e+02 1.044920465706916714e-38
3.031204683283406780e+02 9.988754250770599297e-39
3.173889057215992011e+02 9.550098128673160402e-39
3.323289846795732387e+02 9.131249773010687234e-39
3.479723206047781332e+02 8.730438112680688721e-39
3.643520170948153805e+02 8.346771931131128239e-39
3.815027359944495515e+02 7.979528837939066945e-39
3.994607707451655187e+02 7.628019608865319640e-39
4.182641231874238201e+02 7.291583504299221050e-39
4.379525839781396144e+02 6.969583399536953554e-39
4.585678167935595866e+02 6.661419532762784449e-39
4.801534464957238129e+02 6.366519128469939965e-39
5.027551514490840532e+02 6.084333299752821196e-39
5.264207601826358314e+02 5.814528410410179486e-39
5.512003526021135258e+02 5.556373547603600890e-39
5.771463659664309489e+02 5.309230264569728971e-39
6.043137058526261853e+02 5.072646527541646150e-39
6.327598623441311929e+02 4.846189614585200298e-39
6.625450316882364632e+02 4.629442314830047387e-39
6.937322436801962340e+02 4.421998488075047042e-39
7.263874950435373421e+02 4.223478488819814140e-39
7.605798890888245296e+02 4.033519113260848211e-39
7.963817819464200056e+02 3.851774819128843337e-39
8.338689356826882886e+02 3.678607044757244217e-39
8.731206786236618882e+02 3.513725518456194151e-39
9.142200732254362947e+02 3.356545371142732827e-39
9.572540918465330151e+02 3.206691432440269038e-39
1.002313800794191025e+03 3.063808689145675551e-39
1.049494553034054661e+03 2.927558023817997620e-39
1.098896189971061858e+03 2.797610880029265801e-39
1.150623252728527405e+03 2.673666497450413114e-39
1.204785203372523256e+03 2.555440684458039195e-39
1.261496656549692489e+03 2.442663606519051793e-39
1.320877622028694987e+03 2.335351538272979328e-39
1.383053758658497600e+03 2.233081206418056436e-39
1.448156640280974216e+03 2.135431312712050580e-39
1.516324034160488054e+03 2.042185610335906578e-39
1.587700192519667098e+03 1.953138874055027795e-39
1.662436157798305203e+03 1.868092995647042202e-39
1.740690082281360674e+03 1.786851401738162500e-39
1.822627562772431475e+03 1.709239324951820553e-39
1.908421991020925816e+03 1.635091797829273115e-39
1.998254920644484173e+03 1.564252134546715552e-39
2.092316451323113142e+03 1.496944771168240856e-39
2.190805631078043916e+03 1.432908997097380175e-39
2.293930877486594454e+03 1.371788427262674079e-39
2.401910418724390183e+03 1.313444814099013149e-39
2.514972755368253274e+03 1.257746772027746054e-39
2.633357143937000274e+03 1.204565675939344008e-39
2.757314103193394203e+03 1.153769093701192890e-39
2.887105944278661354e+03 1.105245485323311772e-39
3.023007325801412208e+03 1.058890244104477776e-39
3.165305835055617081e+03 1.014602419969708081e-39
3.314302596597583488e+03 9.722455080314628172e-40
3.470312909469766055e+03 9.313643068875368626e-40
3.633666914419871773e+03 8.917292248820268015e-40
3.804710292527200181e+03 8.533308505374298342e-40
3.983804996714601657e+03 8.161609370814564250e-40
4.171330017694052003e+03 7.804283341659637396e-40
4.367682185966690668e+03 7.476899883519234056e-40
4.573277011574479729e+03 7.156766257761589202e-40
4.788549563380503059e+03 6.854522218111142485e-40
5.013955389738624035e+03 6.584717590440474563e-40
5.249971482500736784e+03 6.312133116097363495e-40
5.497097286401623933e+03 6.040253202758616707e-40
5.755855755957404654e+03 5.790501844877026669e-40
6.026794462114141425e+03 5.559768459832962017e-40
6.310486750988428867e+03 5.333567965488726919e-40
6.607532957152024210e+03 5.119198405947561933e-40
6.918561674028024754e+03 4.913585814990290796e-40
7.244231084086920418e+03 4.721372378903370258e-40
7.585230351657422034e+03 4.532712698724084591e-40
7.942281081299453035e+03 4.337895349827923315e-40
8.316138844825440174e+03 4.158855290323075616e-40
8.707594780201292451e+03 3.999296978344200959e-40
9.117477265710585925e+03 3.846912470753085423e-40
9.546653672924807324e+03 3.694700072764929790e-40
9.996032202188955125e+03 3.545843742610209104e-40
1.046656380450698452e+04 3.413576071187540381e-40
1.095924419389391005e+04 3.285614098009499499e-40
1.147511595445290186e+04 3.150791900728062248e-40
1.201527074663651183e+04 3.017716670345566068e-40
1.258085161736059126e+04 2.899597756085114355e-40
1.317305541885953971e+04 2.784406288621163291e-40
1.379313534140150841e+04 2.670307534243648489e-40
1.444240356522315960e+04 2.558493722062764562e-40
1.512223403729588244e+04 2.451399071205343186e-40
1.583406537879947246e+04 2.348551667369858400e-40
1.657940392945596614e+04 2.240532194021442722e-40
1.735982693516583458e+04 2.129421254339691903e-40
1.817698588569210187e+04 2.025070444149315642e-40
1.903261000945534761e+04 1.921078344323926003e-40
1.992850993283517892e+04 1.809133294663913679e-40
2.086658151172170619e+04 1.689312746638912593e-40
2.184880984342519878e+04 1.566366829221006519e-40
2.287727346743371163e+04 1.434952665812483278e-40
2.395414876390808422e+04 1.292433491411573490e-40
2.508171455922217137e+04 1.139902409409317484e-40
2.626235694829432396e+04 9.793711154978948750e-41
2.749857434391488641e+04 8.164196235088436011e-41
2.879298276375477508e+04 6.537734118755549400e-41
3.014832136624332270e+04 4.908159983414228374e-41
3.156745824703001199e+04 3.367181186979538258e-41
3.305339650829634047e+04 2.155823911806424205e-41
3.460928061376135884e+04 1.261125080918959997e-41
3.623840304282894067e+04 7.743868638564092822e-42
3.794421125795807893e+04 4.224613483251215655e-42
3.973031500000000233e+04 1.811682195441292676e-42
