5.109905999999998913e-04 1.345310563886787873e-33
5.350768582309993948e-04 1.629073680604085950e-33
5.602984560075215462e-04 1.935225169315683321e-33
5.867089091505489195e-04 2.247958030457759335e-33
6.143642560243043520e-04 2.561506301838974327e-33
6.433231764398604502e-04 2.860850939513557709e-33
6.736471161634431052e-04 3.128137040703854733e-33
7.054004172936023578e-04 3.360112489383478516e-33
7.386504547838975906e-04 3.555669298508827228e-33
7.734677794007695228e-04 3.729074255362360875e-33
8.099262674199319938e-04 3.887990132032094822e-33
8.481032773789144415e-04 4.043509207802487739e-33
8.880798142183504631e-04 4.185318131859835896e-33
9.299407011603043815e-04 4.310329100190579207e-33
9.737747596883160025e-04 4.430499350095320376e-33
1.019674998011060440e-03 4.540262594876639784e-33
1.067738808409506588e-03 4.630590896465060859e-33
1.118068173886311223e-03 4.720315848243508133e-33
1.170769884555915817e-03 4.811528396786115411e-33
1.225955764234507202e-03 4.881656606866102048e-33
1.283742907710599653e-03 4.938319781810849640e-33
1.344253929199706443e-03 4.993490977892670170e-33
1.407617222510267919e-03 5.041162023799594810e-33
1.473967233472865896e-03 5.078254600489375800e-33
1.543444745210771282e-03 5.101381317869888253e-33
1.616197176857119867e-03 5.111872120806742276e-33
1.692378896352533021e-03 5.112219535339053908e-33
1.772151547986909343e-03 5.110649422013295489e-33
1.855684395380340903e-03 5.104410600086490794e-33
1.943154680630924773e-03 5.077479880716135722e-33
2.034748000391509160e-03 5.046229001704461380e-33
2.130658699673334579e-03 5.023439948735124859e-33
2.231090284212183979e-03 4.981098246915367673e-33
2.336255852271965864e-03 4.919438517255289560e-33
2.446378546801975147e-03 4.858448054459394602e-33
2.561692028907222498e-03 4.796608832569822253e-33
2.682440973636444816e-03 4.731969863326624767e-33
2.808881589139784751e-03 4.664950587036599561e-33
2.941282160297693446e-03 4.594449097103110112e-33
3.079923617974531826e-03 4.517534148977909607e-33
3.225100135104766192e-03 4.430633898477779340e-33
3.377119750876493836e-03 4.334381540957385530e-33
3.536305024336748766e-03 4.249696900958204602e-33
3.702993718805409201e-03 4.172036138982028432e-33
3.877539518549898059e-03 4.083580754469850253e-33
4.060312779241382307e-03 3.990481279959827441e-33
4.251701313784747409e-03 3.895316209148099298e-33
4.452111215189781708e-03 3.788735678400409693e-33
4.661967718229543915e-03 3.677534064108641328e-33
4.881716101714210325e-03 3.576338525467483377e-33
5.111822633294862972e-03 3.480352437431896097e-33
5.352775558801921990e-03 3.384718779099147652e-33
5.605086138217444877e-03 3.277470836988668618e-33
5.869289730479423234e-03 3.165500166758392592e-33
6.145946929419835586e-03 3.062010791002614316e-33
6.435644753246779100e-03 2.960558711762130228e-33
6.738997890094466925e-03 2.858999988707924424e-33
7.056650002283958861e-03 2.761295780720318255e-33
7.389275092062115580e-03 2.666463407129888475e-33
7.737578931716505327e-03 2.572381119765658929e-33
8.102300561100813162e-03 2.477666572281760914e-33
8.484213855748200597e-03 2.382156631644067682e-33
8.884129168899900300e-03 2.287062919597372785e-33
9.302895050933106952e-03 2.194917891655584074e-33
9.741400049836533223e-03 2.108384226800182508e-33
1.020057459655390221e-02 2.023612948501200735e-33
1.068139297919572239e-02 1.939354796690134900e-33
1.118487541030833456e-02 1.855849302518331733e-33
1.171209019158658653e-02 1.774306918609275675e-33
1.226415598062323420e-02 1.696019550646774391e-33
1.284224416450479959e-02 1.620878143670874788e-33
1.344758134529013688e-02 1.548741563773379405e-33
1.408145194264560571e-02 1.479533545944189580e-33
1.474520091915901797e-02 1.412841198902697140e-33
1.544023663411509505e-02 1.348225886810335382e-33
1.616803383178768219e-02 1.285682155579118946e-33
1.693013677058925054e-02 1.225206175997534104e-33
1.772816249971724892e-02 1.166789446225360928e-33
1.856380429024981349e-02 1.110507178620057327e-33
1.943883522797096308e-02 1.056437470243536072e-33
2.035511197554863358e-02 1.004526387705050369e-33
2.131457871204823704e-02 9.546954227907890113e-34
2.231927125814078122e-02 9.069142788147292158e-34
2.337132139575839873e-02 8.610026500095904173e-34
2.447296139136285673e-02 8.167725601878616482e-34
2.562652873242479701e-02 7.742102546097990224e-34
2.683447108716344870e-02 7.333032897431506103e-34
2.809935149807063146e-02 6.940350675033075730e-34
2.942385382023888704e-02 6.564711646186654431e-34
3.081078841603273125e-02 6.206771766428778287e-34
3.226309811818627027e-02 5.865900240333832922e-34
3.378386447397972031e-02 5.541291434433560435e-34
3.537631428374405501e-02 5.232523164439832451e-34
3.704382644756715193e-02 4.939124163385111317e-34
3.878993913472896654e-02 4.660638552871908177e-34
4.061835729107828724e-02 4.396437960022845735e-34
4.253296050028000652e-02 4.145929155886042086e-34
4.453781121561342649e-02 3.908533816790979588e-34
4.663716337978781462e-02 3.683668381360235612e-34
4.883547145106521131e-02 3.470756459120153424e-34
5.113739985484205830e-02 3.269243086721704556e-34
5.354783288074429354e-02 3.078457110183083006e-34
5.607188504623620423e-02 2.898039478568169339e-34
5.871491194873217773e-02 2.727799721650240349e-34
6.148252162923815989e-02 2.567562134117064761e-34
6.438058647163422132e-02 2.416750685652991092e-34
6.741525566284629900e-02 2.274829677953656371e-34
7.059296824034608231e-02 2.141291950225198153e-34
7.392046675466262817e-02 2.015811784572062113e-34
7.740481157589576555e-02 1.898088693770281533e-34
8.105339587458713912e-02 1.787620836455878948e-34
8.487396130873549327e-02 1.683832573251493953e-34
8.887461445024162632e-02 1.586403774156710019e-34
9.306384398563628813e-02 1.495501955160401773e-34
9.745053872758942248e-02 1.411313792810587071e-34
1.020440064754163517e-01 1.333258510152298836e-34
1.068539937646006549e-01 1.260813104657880817e-34
1.118907065472384832e-01 1.193505053245786286e-34
1.171648318472847533e-01 1.130734103073380768e-34
1.226875604365490757e-01 1.071938881264589192e-34
1.284706105795577202e-01 1.016825303577277042e-34
1.345262528976618188e-01 9.650441393177785340e-35
1.408673364051506449e-01 9.164382268662048231e-35
1.475073157726136119e-01 8.706431130676143510e-35
1.544602798753989537e-01 8.273096808817697503e-35
1.617409816877442286e-01 7.862941762177136677e-35
1.693648695860076325e-01 7.474637928729811994e-35
1.773481201274229313e-01 7.106938020253811111e-35
1.857076723739249369e-01 6.761245834544159296e-35
1.944612638338778232e-01 6.439095325855924061e-35
2.036274680979666407e-01 6.138586741421982912e-35
2.132257342491095664e-01 5.857409316747082808e-35
2.232764281300119447e-01 5.594660678987426798e-35
2.338008755559228269e-01 5.346640719583755705e-35
2.448214075642879961e-01 5.109660687906167090e-35
2.563614077973063732e-01 4.883211939962970971e-35
2.684453621179308525e-01 4.666828209058371116e-35
2.810989105645884112e-01 4.460064376430661112e-35
2.943489017548594489e-01 4.262149454515557187e-35
3.082234498535501022e-01 4.072318488733992577e-35
3.227519942260338448e-01 3.890269630392777244e-35
3.379653619034398426e-01 3.715301745910572040e-35
3.538958329922219925e-01 3.547597961881141555e-35
3.705772091669017332e-01 3.388080724690881954e-35
3.880448853913119334e-01 3.237723175230533339e-35
4.063359250205221818e-01 3.095923312098755391e-35
4.254891384427971213e-01 2.962131525242423490e-35
4.455451654284572904e-01 2.835841824040390603e-35
4.665465613603652639e-01 2.715484429832135275e-35
4.885378875290082301e-01 2.599454244268658578e-35
5.115658056837661949e-01 2.487619296087858327e-35
5.356791770409857767e-01 2.379581151448660011e-35
5.609291659589399348e-01 2.275539297085940300e-35
5.873693484996485026e-01 2.175810541755352054e-35
6.150558261079184241e-01 2.080728299769492169e-35
6.440473446487996467e-01 1.990063149589050054e-35
6.744054190560402340e-01 1.903602047883442408e-35
7.061944638560212484e-01 1.821142195459681085e-35
7.394819298441203115e-01 1.742305744519149084e-35
7.743384472035075294e-01 1.666718258510983883e-35
8.108379753700428738e-01 1.594248170058621509e-35
8.490579599612734230e-01 1.524589651209039970e-35
8.890794971024905680e-01 1.457829190745211451e-35
9.309875054985309317e-01 1.394021160980702066e-35
9.748709066164216175e-01 1.333229559071271264e-35
1.020822813361186965e+00 1.275301739281584477e-35
1.068940727645155020e+00 1.220096889769926828e-35
1.119326747269965505e+00 1.167481088551519058e-35
1.172087782560260472e+00 1.117324085466563544e-35
1.227335783208699072e+00 1.069502721623775181e-35
1.285187975813632866e+00 1.023870226356593127e-35
1.345767112613453831e+00 9.799541407388868803e-36
1.409201731945384672e+00 9.377545363289112992e-36
1.475626430981351600e+00 8.972126804461671569e-36
1.545182151319660857e+00 8.582714803524723746e-36
1.618016478038423633e+00 8.208754533403045793e-36
1.694283952845290431e+00 7.849732404510827224e-36
1.774146401987936494e+00 7.505143295439293684e-36
1.857773279621067086e+00 7.174472848005477346e-36
1.945342027358510251e+00 6.857222023292806009e-36
2.037038450773291487e+00 6.552943168383332906e-36
2.133057113644586167e+00 6.261515335504439930e-36
2.233601750788035911e+00 5.983510772649290576e-36
2.338885700345411767e+00 5.718287885810287327e-36
2.449132356450849812e+00 5.465237488991301415e-36
2.564575643234151769e+00 5.223781049363835439e-36
2.685460511166889663e+00 4.993384178209357541e-36
2.812043456804476094e+00 4.773535630265133678e-36
2.944593067027021949e+00 4.563735676436560042e-36
3.083390588933733412e+00 4.363509449991802975e-36
3.228730526600084527e+00 4.172380128600507132e-36
3.380921265963979572e+00 3.988953770882248491e-36
3.540285729166797513e+00 3.813083178263396363e-36
3.707162059737723059e+00 3.644481361899312857e-36
3.881904340075182702e+00 3.482871302547755612e-36
4.064883342747811490e+00 3.327985633913989517e-36
4.256487317209009191e+00 3.179574187701764922e-36
4.457122813594403432e+00 3.037393554479287374e-36
4.667215545350161143e+00 2.901201621418751514e-36
4.887211292522499306e+00 2.770764888621245560e-36
5.117576847624986769e+00 2.645849510745528489e-36
5.358801006090680552e+00 2.526413468786687213e-36
5.611395603410552546e+00 2.412826518754180090e-36
5.875896601158928867e+00 2.304781915858698756e-36
6.152865224210244399e+00 2.201990280288715739e-36
6.442889151560110328e+00 2.104178534936739944e-36
6.746583763277393508e+00 2.011092859034375523e-36
7.064593446233141449e+00 1.922492639026607325e-36
7.397592961376860288e+00 1.838147050019412737e-36
7.746288875461297074e+00 1.757838042746073767e-36
8.111421060253501736e+00 1.681354090699200559e-36
8.493764262413449728e+00 1.608112240045468275e-36
8.894129747370950412e+00 1.537803363712138710e-36
9.313367020689071296e+00 1.470320034729751871e-36
9.752365630566417920e+00 1.405560207033209274e-36
1.021205705530289443e+01 1.343425215286136724e-36
1.069341667973380261e+01 1.283821413816002120e-36
1.119746586482594708e+01 1.226657767498669055e-36
1.172527411482702142e+01 1.171844625419957012e-36
1.227796134656665927e+01 1.119295300799507615e-36
1.285670026572414315e+01 1.068922678056705728e-36
1.346271885510483024e+01 1.020663727708661689e-36
1.409730298020497941e+01 9.747104483510096340e-37
1.476179911759355612e+01 9.309521507720072275e-37
1.545761721189998283e+01 8.892783005909978306e-37
1.618623366747032932e+01 8.495843163399232537e-37
1.694919448103908621e+01 8.117720441328304547e-37
1.774811852206398655e+01 7.757483565000247878e-37
1.858470096768396118e+01 7.414243355694632302e-37
1.946071689958865747e+01 7.087157695278468996e-37
2.037802507043146250e+01 6.775410866342903484e-37
2.133857184777764715e+01 6.477280887327981918e-37
2.234439534395606586e+01 6.191026651699636503e-37
2.339762974057719092e+01 5.916129961132306240e-37
2.450050981689338059e+01 5.652202591836480223e-37
2.565537569160972708e+01 5.398868335464608622e-37
2.686467778820689745e+01 5.155765938668991962e-37
2.813098203431112410e+01 4.922544092474955089e-37
2.945697530614435067e+01 4.698858882145870315e-37
3.084547112960561677e+01 4.484376646643659756e-37
3.229941565008117976e+01 4.278763431890570342e-37
3.382189388364993476e+01 4.081789517937726862e-37
3.541613626294821415e+01 3.894725895012332891e-37
3.708552549158301304e+01 3.717195190703855712e-37
3.883360372163769370e+01 3.548668467232380560e-37
4.066408006949941267e+01 3.388649206149603546e-37
4.258083848595560994e+01 3.236672632690024605e-37
4.458794599725856500e+01 3.092301663486595441e-37
4.668966133464408585e+01 2.955124103721040052e-37
4.889044397061458369e+01 2.824752336991205249e-37
5.119496358116023060e+01 2.700816792566501062e-37
5.360810995399455692e+01 2.582735892159003769e-37
5.613500336382973899e+01 2.469397965507842858e-37
5.878100543670392852e+01 2.360455259844696507e-37
6.155173052641445253e+01 2.255765657673907469e-37
6.445305762719499398e+01 2.155190776949108771e-37
6.749114284791355090e+01 2.058596516932966508e-37
7.067243247425915342e+01 1.965852067598367691e-37
7.400367664663312439e+01 1.876829415836610500e-37
7.749194368276683065e+01 1.791403872929285723e-37
8.114463507545623600e+01 1.709451571267751873e-37
8.496950119723548767e+01 1.630844771135862074e-37
8.897465774531255533e+01 1.556007077702773509e-37
9.316860296165995692e+01 1.484890925587937105e-37
9.756023566479774445e+01 1.417297397771521798e-37
1.021588741315317321e+02 1.353039332985921510e-37
1.069742758687070250e+02 1.291940912935733593e-37
1.120166583169318102e+02 1.233836448831329771e-37
1.172967205302000195e+02 1.178569498904850922e-37
1.228256658774133996e+02 1.125992592054970757e-37
1.286152258139715912e+02 1.075965597008562346e-37
1.346776847738695437e+02 1.028329680715353147e-37
1.410259062351186401e+02 9.828039560735064354e-38
1.476733600137983160e+02 9.392159532504042201e-38
1.546341508446505770e+02 8.974863783881367149e-38
1.619230483088614108e+02 8.575391238772089784e-38
1.695555181725297871e+02 8.193013591441047858e-38
1.775477552023199053e+02 7.827031063586061861e-38
1.859167175279230548e+02 7.476769928342075190e-38
1.946801626242464067e+02 7.141583419450190691e-38
2.038566849896687359e+02 6.820846644566350181e-38
2.134657556003153331e+02 6.513892863283430075e-38
2.235277632240653816e+02 6.220738502485904161e-38
2.340640576819527325e+02 5.941090553898750976e-38
2.450969951487536207e+02 5.674313251988186652e-38
2.566499855888808952e+02 5.419801433339834662e-38
2.687475424282358176e+02 5.176980623492632258e-38
2.814153345674120601e+02 4.945303464492011004e-38
2.946802408466152201e+02 4.724247462730334574e-38
3.085704070778623418e+02 4.513315163128597089e-38
3.231153057654748864e+02 4.312031973053653623e-38
3.383457986415778009e+02 4.119929662367805395e-38
3.542942021493033735e+02 3.936293598843554761e-38
3.709943560126308739e+02 3.760445622889049604e-38
3.884816950383655580e+02 3.592072850919197677e-38
4.067933243026033665e+02 3.430874812583952920e-38
4.259680978812156127e+02 3.276564292422671772e-38
4.460467012914047586e+02 3.128864885825592651e-38
4.670717378192591696e+02 2.987509729893840351e-38
4.890878189164777154e+02 2.852242365187392007e-38
5.121416588580707412e+02 2.722816866426124289e-38
5.362821738618846439e+02 2.599006171700694093e-38
5.615605858802645116e+02 2.480833160804917583e-38
5.880305312840808938e+02 2.368447317945637777e-38
6.157481746697337712e+02 2.261551715997943046e-38
6.447723280306014431e+02 2.159860387337473201e-38
6.751645755458155236e+02 2.063104851997406332e-38
7.069894042511177759e+02 1.971031314908766615e-38
7.403143408690768865e+02 1.883399014662711108e-38
7.752100950889876003e+02 1.799980564407384888e-38
8.117507096004698042e+02 1.720562391145712956e-38
8.500137171991104879e+02 1.644962614332809608e-38
8.900803052975011269e+02 1.572822915937631871e-38
9.320354881907333038e+02 1.503649947004487246e-38
9.759682874418695064e+02 1.437316229628103382e-38
1.021971920770136535e+03 1.373714329537399677e-38
1.070143999842628318e+03 1.312741896308634359e-38
1.120586737389200380e+03 1.254299761914210994e-38
1.173407164080003213e+03 1.198291124059291596e-38
1.228717355625866730e+03 1.144622603081227656e-38
1.286634670583354136e+03 1.093205709736367230e-38
1.347281999369103914e+03 1.043979407779510055e-38
1.410788025011809395e+03 9.968852162399664786e-39
1.477287496195107451e+03 9.520265904764706737e-39
1.546921513170726712e+03 9.093092501005290048e-39
1.619837827148554425e+03 8.686257638682947351e-39
1.696191153798870801e+03 8.298756705869060493e-39
1.776143501531953234e+03 7.929633994431728182e-39
1.859864515251599414e+03 7.577972997846355633e-39
1.947531836311952929e+03 7.242905251444896891e-39
2.039331479441400234e+03 6.923625535671936630e-39
2.135458227433308366e+03 6.619634815856407626e-39
2.236116044441040231e+03 6.329725479581797172e-39
2.341518508754254526e+03 6.052461870750779934e-39
2.451889265974680256e+03 5.787182003774498151e-39
2.567462503552987528e+03 5.533374425060750086e-39
2.688483447693614835e+03 5.290562523130725625e-39
2.815208883681901170e+03 5.058286003065940086e-39
2.947907700737569030e+03 4.836093398193347831e-39
3.086861462550637498e+03 4.623552646277159330e-39
3.232365004710346966e+03 4.420269560390225890e-39
3.384727060294733747e+03 4.226142894688647481e-39
3.544270914948245263e+03 4.040476504993794900e-39
3.711335092837357479e+03 3.863130306886824290e-39
3.886274074939679394e+03 3.693774851541886060e-39
4.069459051190584432e+03 3.532039917630316880e-39
4.261278708083400488e+03 3.377586499107517456e-39
4.462140053394168717e+03 3.230088060243379721e-39
4.672469279780990291e+03 3.089223110072943591e-39
4.892712669090336931e+03 2.954685835299940550e-39
5.123337539289108463e+03 2.826206084559088922e-39
5.364833236031653541e+03 2.703814172014687516e-39
5.617712170965694895e+03 2.586893337660215886e-39
5.882510908980265413e+03 2.475269620143628682e-39
6.159791306702591100e+03 2.368718698460567050e-39
6.450141704659626157e+03 2.266998474663489904e-39
6.754178175633790488e+03 2.169892002368627573e-39
7.072545831861705665e+03 2.077189349259527950e-39
7.405920193849592579e+03 1.988680681189350186e-39
7.755008623709622952e+03 1.904166850282548059e-39
8.120551826058741426e+03 1.823481482497581494e-39
8.503325419664308356e+03 1.746769751958973097e-39
8.904141583171536695e+03 1.673482791953534753e-39
9.323850778404579614e+03 1.603435562522238082e-39
9.763343554897841386e+03 1.536465312026957876e-39
1.022355243948638054e+04 1.472430964118599936e-39
1.070545391496485900e+04 1.411210280915419167e-39
1.121007049201325754e+04 1.352683001089021349e-39
1.173847287878580937e+04 1.296724680092033773e-39
1.229178225276650301e+04 1.243216900676834816e-39
1.287117263971168359e+04 1.192072273632938860e-39
1.347787340472751384e+04 1.143535727782472309e-39
1.411317186076757935e+04 1.097096558205426369e-39
1.477841600008623391e+04 1.052695005239059700e-39
1.547501735444228507e+04 1.010264090063280106e-39
1.620445399012265625e+04 9.697100375192135193e-40
1.696827364414064505e+04 9.309541227303641598e-40
1.776809700826325934e+04 8.939183572673808918e-40
1.860562116783581951e+04 8.585157741378413776e-40
1.948262320270033888e+04 8.246311928634539699e-40
2.040096395784828565e+04 7.929408858390836306e-40
2.136259199180829455e+04 7.631511707350960082e-40
2.236954771114672621e+04 7.336202242659809284e-40
2.342396769985364517e+04 7.060677828481879455e-40
2.452808925280053882e+04 6.802187364174706994e-40
2.568425512288886603e+04 6.555269766700335680e-40
2.689491849196213661e+04 6.319335796509296883e-40
2.816264817602889161e+04 6.097974486681256073e-40
2.949013407584117158e+04 5.893016531330026835e-40
3.088019288439363299e+04 5.701137513240026165e-40
3.233577406345363124e+04 5.508118560990525954e-40
3.385996610180345306e+04 5.319577125301626448e-40
3.545600306847353932e+04 5.146568649480524620e-40
3.712727147487154434e+04 4.996485461434370738e-40
3.887731746036751429e+04 4.847658226116859859e-40
4.070985431658160815e+04 4.702480493973003363e-40
4.262877036633976968e+04 4.563292807875251206e-40
4.463813721401492512e+04 4.427879330606300571e-40
4.674221838475984259e+04 4.301924306765301694e-40
4.894547837096134026e+04 4.179155010442242454e-40
5.125259210511374113e+04 4.063660071229835860e-40
5.366845487920753658e+04 3.965462962735924864e-40
5.619819273168336076e+04 3.869177655757280982e-40
5.884717332398936560e+04 3.751595196533650609e-40
6.162101732982037356e+04 3.663911903834976335e-40
6.452561036120479548e+04 3.580808019116330174e-40
6.756711545674438821e+04 3.499618951070322653e-40
7.075198615850466012e+04 3.419502950260491374e-40
7.408698020530285430e+04 3.340429238834594448e-40
7.757917387144832173e+04 3.262324312517621813e-40
8.123597698135935934e+04 3.185715026291724870e-40
8.506514863191526092e+04 3.115688173346182103e-40
8.907481365590328642e+04 3.046387798565499331e-40
9.327347986149345525e+04 2.982819051088894338e-40
9.767005608431997825e+04 2.930674735901589572e-40
1.022738710904729815e+05 2.889189242482902740e-40
1.070946933705092233e+05 2.857764100039018812e-40
1.121427518664811359e+05 2.835918468038215169e-40
1.174287576759641379e+05 2.795420065502756315e-40
1.229639267791310704e+05 2.694413497587356272e-40
1.287600038371040719e+05 2.536113207741721033e-40
1.348292871120703057e+05 2.328886425593369552e-40
1.411846545620447141e+05 2.084868912951501306e-40
1.478395911656453973e+05 1.818030123287907642e-40
1.548082175348606252e+05 1.537128108711483850e-40
1.621053198765189445e+05 1.214182347946407952e-40
1.697463813660347951e+05 7.259066362646906546e-41
1.777476149999999325e+05 4.827328312472424601e-41
