5.109905999999998913e-04 2.155180821567023939e-35
5.351048122437474181e-04 2.760454794572141841e-35
5.603570008654097830e-04 3.390030326057214979e-35
5.868008682303638580e-04 4.007201466514628571e-35
6.144926509780751674e-04 4.709019045624678485e-35
6.434912396172955650e-04 5.430646787627398800e-35
6.738583037650972213e-04 5.970986497732188962e-35
7.056584232960694866e-04 6.425438885798915263e-35
7.389592256805941912e-04 6.856583745357495487e-35
7.738315298042653442e-04 7.274085527790979860e-35
8.103494965743074201e-04 7.670477201330879452e-35
8.485907866332776999e-04 8.036720828402852270e-35
8.886367255154481145e-04 8.438806402223069293e-35
9.305724765971085197e-04 8.873098833280568335e-35
9.744872222085786953e-04 9.174801190233141448e-35
1.020474353293098933e-03 9.469447002514678959e-35
1.068631668015934894e-03 9.950360798573980454e-35
1.119061579746064928e-03 1.039398969753361990e-34
1.171871334852755010e-03 1.073037363376235004e-34
1.227173240780189212e-03 1.106185481526497297e-34
1.285084904885205968e-03 1.140536068850806417e-34
1.345729484546041247e-03 1.176517250629454698e-34
1.409235949073983900e-03 1.209408523379156975e-34
1.475739353984933597e-03 1.239175347196556124e-34
1.545381128214133723e-03 1.271465745741892102e-34
1.618309374884891426e-03 1.299017466974529861e-34
1.694679186270894910e-03 1.315354157091415925e-34
1.774652973621968898e-03 1.333141460580427561e-34
1.858400812554657309e-03 1.356751855403008592e-34
1.946100804742176846e-03 1.388266807504078996e-34
2.037939456672920296e-03 1.418405877312788750e-34
2.134112076282982176e-03 1.439774600903247660e-34
2.234823188306244227e-03 1.459429004338933642e-34
2.340286969225238278e-03 1.478968456881371566e-34
2.450727702747878319e-03 1.498089802915700711e-34
2.566380256778606674e-03 1.521413005472954182e-34
2.687490582898348357e-03 1.550856030523828427e-34
2.814316239415484266e-03 1.574844216554615175e-34
2.947126939100156145e-03 1.592638536221847393e-34
3.086205122766797447e-03 1.608360717863224540e-34
3.231846559924622751e-03 1.623715097351593489e-34
3.384360977773498771e-03 1.639679380278276030e-34
3.544072719882819696e-03 1.656380933349596012e-34
3.711321435954171698e-03 1.673963899547190405e-34
3.886462804134664488e-03 1.692552129437094328e-34
4.069869287417005391e-03 1.708098996334395053e-34
4.261930925734977102e-03 1.719112682050485216e-34
4.463056165438730391e-03 1.729678494420635629e-34
4.673672727913961121e-03 1.739616195311651650e-34
4.894228519192180167e-03 1.747590151673342862e-34
5.125192582486499775e-03 1.753579969540537852e-34
5.367056095678645819e-03 1.757991457577695906e-34
5.620333415878452261e-03 1.762875726396001013e-34
5.885563173277361115e-03 1.765828777718507854e-34
6.163309416621944037e-03 1.763031816632745287e-34
6.454162812743730222e-03 1.754894858596641565e-34
6.758741902696086684e-03 1.743861939139438119e-34
7.077694417169581691e-03 1.739083334684449578e-34
7.411698653983367011e-03 1.736148824527668088e-34
7.761464920581721133e-03 1.728600030483212063e-34
8.127737044603785405e-03 1.718076504195825036e-34
8.511293955738637174e-03 1.705169215171312595e-34
8.912951342229909896e-03 1.689914466387492487e-34
9.333563385552686581e-03 1.674754165816009763e-34
9.774024576951673149e-03 1.661888619356135654e-34
1.023527161970396587e-02 1.647346537020402153e-34
1.071828542115148795e-02 1.629964054406007920e-34
1.122409317873981210e-02 1.609830252379504543e-34
1.175377056449941442e-02 1.587443513022922376e-34
1.230844401261499930e-02 1.563280130541555018e-34
1.288929311494777137e-02 1.537429815398311447e-34
1.349755312960503571e-02 1.509972144027221460e-34
1.413451760789202413e-02 1.481028356641118165e-34
1.480154114523243511e-02 1.450983324945351487e-34
1.550004226190796093e-02 1.420186602987039313e-34
1.623150641974316355e-02 1.388713786116934995e-34
1.699748918115099108e-02 1.356640985527006445e-34
1.779961951725712865e-02 1.324044381672581373e-34
1.863960327213851076e-02 1.290564565886552130e-34
1.951922679054295812e-02 1.255919610670456419e-34
2.044036071680500888e-02 1.220248480640592693e-34
2.140496397303671972e-02 1.183671822174566423e-34
2.241508792505379419e-02 1.146358137179311236e-34
2.347288074489630588e-02 1.108536931126071470e-34
2.458059197922156380e-02 1.070415267743099371e-34
2.574057733328464700e-02 1.032113323353110921e-34
2.695530368068013716e-02 9.937478143612380868e-35
2.822735430949912042e-02 9.554314705198289710e-35
2.955943441605827018e-02 9.172591138106031514e-35
3.095437685788394316e-02 8.793245215696613814e-35
3.241514817818605398e-02 8.417248739241811582e-35
3.394485491463346966e-02 8.045294852273897517e-35
3.554675020584761175e-02 7.678580286977524782e-35
3.722424070966371540e-02 7.316060413608939014e-35
3.898089384787248313e-02 6.957253195240361106e-35
4.082044539284921530e-02 6.603359489984103598e-35
4.274680741220431707e-02 6.255490134479266322e-35
4.476407658835061809e-02 5.914665557005379722e-35
4.687654293068031774e-02 5.583046238145553148e-35
4.908869889887928356e-02 5.262209277981380628e-35
5.140524895678055123e-02 4.952446077900104383e-35
5.383111957707471806e-02 4.653747273042824479e-35
5.637146971815389096e-02 4.366654060345992849e-35
5.903170179536930406e-02 4.091569720523546326e-35
6.181747317003480346e-02 3.828720814185633408e-35
6.473470818060921006e-02 3.578036798097605591e-35
6.778961074164314982e-02 3.339403254078726978e-35
7.098867753728481389e-02 3.112660545277978864e-35
7.433871183740117794e-02 2.897213399948095350e-35
7.784683796569763503e-02 2.692619765999259949e-35
8.152051645060412466e-02 2.498701103359944236e-35
8.536755989114838683e-02 2.315026371599491804e-35
8.939614957155743447e-02 2.141719141588340615e-35
9.361485285991996697e-02 1.979020223167260904e-35
9.803264142791183466e-02 1.826886566490395813e-35
1.026589103303297279e-01 1.684834593244772517e-35
1.075034979850095218e-01 1.552379428665350315e-35
1.125767070956189969e-01 1.429046600500514931e-35
1.178893265618205649e-01 1.315012148318893774e-35
1.234526544233980755e-01 1.210098421706511913e-35
1.292785218871436714e-01 1.113550641105918385e-35
1.353793184875988209e-01 1.024502194797082316e-35
1.417680184351592376e-01 9.426280915228627813e-36
1.484582082075756870e-01 8.679611211638859622e-36
1.554641154435286443e-01 8.002342061423631168e-36
1.628006391997225966e-01 7.387418495899156186e-36
1.704833816358454490e-01 6.828585249739966247e-36
1.785286811947778274e-01 6.320297514189861340e-36
1.869536473486115846e-01 5.865112136604383773e-36
1.957761969843723193e-01 5.461822055890149067e-36
2.050150925068239538e-01 5.103414847268920522e-36
2.146899817393873033e-01 4.782626880003188169e-36
2.248214397080270377e-01 4.496804290305316947e-36
2.354310123969654556e-01 4.239579016603377316e-36
2.465412625692793569e-01 4.006313230078573104e-36
2.581758177498190698e-01 3.794517006576367339e-36
2.703594204724957817e-01 3.601993492264279153e-36
2.831179808987939195e-01 3.426785521908006892e-36
2.964786319194091524e-01 3.264034038448657126e-36
3.104697868561940854e-01 3.110646323588211927e-36
3.251211998871213482e-01 2.965680847983928507e-36
3.404640293227702563e-01 2.827460827637883650e-36
3.565309038688984633e-01 2.696997208849123843e-36
3.733559920160185452e-01 2.574050064802399636e-36
3.909750747035458107e-01 2.458285871612995586e-36
4.094256214130480576e-01 2.349221456712854738e-36
4.287468698524175004e-01 2.246411527519156708e-36
4.489799094004319202e-01 2.149431985338566678e-36
4.701677684891520381e-01 2.056875930668280230e-36
4.923555061099939567e-01 1.967888308231123757e-36
5.155903076380732308e-01 1.882100993813020219e-36
5.399215851786064446e-01 1.798638030304756119e-36
5.654010826487708696e-01 1.718499753512711244e-36
5.920829858184908367e-01 1.641818345560115154e-36
6.200240375441758989e-01 1.568601529720795207e-36
6.492836584404615419e-01 1.498695058536726672e-36
6.799240732465855475e-01 1.431952558254277534e-36
7.120104431561328218e-01 1.368240442269442474e-36
7.456110043915680219e-01 1.307848113030023901e-36
7.807972133182535801e-01 1.250831474449988762e-36
8.176438984065566018e-01 1.196791933339214264e-36
8.562294193652216778e-01 1.145060448226856890e-36
8.966358337844178017e-01 1.096138679461555493e-36
9.389490716428579020e-01 1.049459442737433314e-36
9.832591180501021322e-01 1.004682486396469688e-36
1.029660204612673269e+00 9.617355924115289613e-37
1.078251009830951457e+00 9.205491074040471480e-37
1.129134868953014958e+00 8.810557188830818767e-37
1.182419993731727237e+00 8.431904008772578473e-37
1.238219702552393553e+00 8.068903892374744177e-37
1.296652661420400809e+00 7.719804169259385995e-37
1.357843136321331690e+00 7.381580104421779414e-37
1.421921257490232238e+00 7.058114126710693603e-37
1.489023296152031328e+00 6.748763133992766174e-37
1.559291954321662343e+00 6.452913995009466708e-37
1.632876668280158761e+00 6.169981890011603208e-37
1.709933926372129598e+00 5.899409174013160133e-37
1.790627601800448998e+00 5.640663158580855261e-37
1.875129301125893821e+00 5.393234872502458841e-37
1.963618729212869951e+00 5.156638026172782902e-37
2.056284071397318947e+00 4.929671036805425988e-37
2.153322393689573122e+00 4.711284258924051636e-37
2.254940061863204726e+00 4.503976583657594030e-37
2.361353180321153822e+00 4.307120034902059180e-37
2.472788051672432541e+00 4.120126852922278275e-37
2.589481657996759889e+00 3.942446618652510505e-37
2.711682164820616858e+00 3.773563734648562935e-37
2.839649448876466309e+00 3.612994726920508206e-37
2.973655650767554004e+00 3.460286030804994316e-37
3.113985753713533811e+00 3.315011978531608426e-37
3.260938189607764048e+00 3.176303626644115805e-37
3.414825473675109802e+00 3.042308220856697989e-37
3.575974869079951546e+00 2.913394242674777367e-37
3.744729082897785499e+00 2.789390288292819820e-37
3.921446994930475327e+00 2.670136881169456600e-37
4.106504420915140230e+00 2.555478586730557431e-37
4.300294911749678484e+00 2.445264001295998046e-37
4.503230590434647240e+00 2.339345576690000944e-37
4.715743028511351298e+00 2.237579574455133629e-37
4.938284163860021003e+00 2.139826028913018150e-37
5.171327261809881115e+00 2.045715769529278439e-37
5.415367921605107604e+00 1.954800443820529798e-37
5.670925130367010958e+00 1.867903925751331480e-37
5.938542366793816640e+00 1.784876986387189423e-37
6.218788756945317076e+00 1.705547010709121781e-37
6.512260284570314361e+00 1.629749133886725219e-37
6.819581058550604702e+00 1.557325910318903274e-37
7.141404640157259287e+00 1.488126933736156562e-37
7.478415432941377006e+00 1.422008525200955992e-37
7.831330138215543357e+00 1.358833437861401715e-37
8.200899279220859484e+00 1.298339915036510457e-37
8.587908797221235346e+00 1.240213582942960341e-37
8.993181722919173282e+00 1.184754029738250935e-37
9.417579926747304597e+00 1.131854059970919759e-37
9.862005951758423095e+00 1.081391845184380693e-37
1.032740493301130336e+01 1.033251539081395750e-37
1.081476660753479990e+01 9.873229764997247529e-38
1.132512741914404053e+01 9.435013818218491035e-38
1.185957272258547057e+01 9.016870976257953667e-38
1.241923909169791962e+01 8.617853275776502988e-38
1.300531673649812348e+01 8.236408918954830292e-38
1.361905203433155798e+01 7.870825214344782068e-38
1.426175018047065457e+01 7.521725341529415369e-38
1.493477796379814038e+01 7.188130496912468594e-38
1.563956667347749807e+01 6.869350287727000185e-38
1.637761514279272390e+01 6.564725831502407272e-38
1.715049293663027541e+01 6.273628172267256624e-38
1.795984368938147213e+01 5.995456929640336470e-38
1.880738860036473525e+01 5.729638900022916552e-38
1.969493009420008889e+01 5.475626732567991565e-38
2.062435565392138770e+01 5.232583714209909454e-38
2.159764183497678403e+01 4.999644498388783783e-38
2.261685846865470140e+01 4.777092026510646575e-38
2.368417306387416588e+01 4.564443500837279323e-38
2.480185541670002536e+01 4.361254595889078435e-38
2.597228243738701536e+01 4.167102527140076603e-38
2.719794320521664233e+01 3.981583913758124771e-38
2.848144426187790046e+01 3.804313980859336211e-38
2.982551515464853864e+01 3.634925601173723756e-38
3.123301424116458946e+01 3.473068395357658249e-38
3.270693476812428457e+01 3.318267305524039901e-38
3.425041123685176103e+01 3.170058195405362634e-38
3.586672606925983331e+01 3.028414002113683187e-38
3.755931658838582621e+01 2.892698735149303204e-38
3.933178232834742971e+01 2.762611543901942739e-38
4.118789268926339986e+01 2.637941463835305829e-38
4.313159495341771787e+01 2.518484385342927674e-38
4.516702267971658102e+01 2.404043054555415348e-38
4.729850449428776216e+01 2.294426823183356069e-38
4.953057329591959501e+01 2.189451418706297580e-38
5.186797589591326130e+01 2.088881246481226955e-38
5.431568311285150941e+01 1.992492136744463255e-38
5.687890034375060111e+01 1.900251356377058508e-38
5.956307863407558756e+01 1.812550857849337693e-38
6.237392627016352264e+01 1.729472682704899796e-38
6.531742091870411571e+01 1.650749770069967164e-38
6.839982233909788079e+01 1.576131864112272835e-38
7.162768569572257604e+01 1.505384558753136915e-38
7.500787549842159763e+01 1.438288155244838306e-38
7.854758020085951387e+01 1.374636621177446993e-38
8.225432748778860059e+01 1.314215212854488888e-38
8.613600028374081319e+01 1.256825537280210793e-38
9.020085351718498146e+01 1.202341089088295713e-38
9.445753167580596710e+01 1.150359378278618436e-38
9.891508719023410379e+01 1.100348968189428393e-38
1.035829996853251060e+02 1.052240407569865786e-38
1.084711961399291908e+02 1.005974225012029025e-38
1.135900719980200506e+02 9.614924810142225754e-39
1.189505132760844361e+02 9.187386632446082210e-39
1.245639197137804359e+02 8.776576122768073127e-39
1.304422290171048076e+02 8.381900035422347883e-39
1.365979422456183272e+02 8.002795276104704836e-39
1.430441503977251045e+02 7.638854895816263619e-39
1.497945622505407357e+02 7.290061664351496141e-39
1.568635335135516584e+02 6.958135765385979372e-39
1.642660973580726136e+02 6.642512691801124765e-39
1.720179963874179236e+02 6.342338954826423419e-39
1.801357161157856979e+02 6.056810034151232619e-39
1.886365200270427920e+02 5.785166732233908872e-39
1.975384862879758430e+02 5.526692058669427464e-39
2.068605461940817065e+02 5.280723182299155424e-39
2.166225244296529979e+02 5.046628610230670893e-39
2.268451812277881459e+02 4.823776998174955369e-39
2.375502565199723506e+02 4.611521608176308180e-39
2.487605161691305682e+02 4.407825882993924849e-39
2.604998003844698360e+02 4.211804865603074508e-39
2.727930744210662510e+02 4.023234037387329344e-39
2.856664816720297040e+02 3.841894432564926366e-39
2.991473992661377110e+02 3.667571721679949234e-39
3.132644962891923228e+02 3.500055711592635862e-39
3.280477947528987102e+02 3.339182896358527565e-39
3.435287334409383107e+02 3.184772324119108450e-39
3.597402347680092021e+02 3.036552204847599934e-39
3.767167747940118829e+02 2.894328710122475800e-39
3.944944565422927099e+02 2.758703241847416143e-39
4.131110867778439228e+02 2.630243631103285850e-39
4.326062564087654323e+02 2.508535853557651955e-39
4.530214246819475647e+02 2.393191946969192652e-39
4.744000073520497267e+02 2.283848612339738315e-39
4.967874690112720373e+02 2.180165184453328495e-39
5.202314197762600543e+02 2.081874718942425357e-39
5.447817165377878155e+02 1.988699109733169989e-39
5.704905689885081301e+02 1.900271038076069363e-39
5.974126506542872903e+02 1.816326894640328140e-39
6.256052151652149860e+02 1.736449320271472947e-39
6.551282180135823410e+02 1.659904886076633119e-39
6.860444440577562091e+02 1.586523643567741054e-39
7.184196410430865853e+02 1.516184566971617859e-39
7.523226594238361713e+02 1.448771230742700486e-39
7.878255987834380676e+02 1.384171304576324568e-39
8.250039611645107698e+02 1.322327848654078823e-39
8.639368116346640818e+02 1.263153559866499615e-39
9.047069464295983607e+02 1.206468169802624126e-39
9.474010690310641394e+02 1.152175114865688226e-39
9.921099745541166612e+02 1.100187432739228207e-39
1.038928742835837511e+03 1.050475513951859172e-39
1.087956940636095624e+03 1.002957200325193628e-39
1.139298833380419410e+03 9.575378609108512543e-40
1.193063606895216026e+03 9.141272280708155719e-40
1.249365599606944215e+03 8.726388750210039572e-40
1.308324545699023702e+03 8.330259395182066045e-40
1.370065829743564109e+03 7.952185744233057255e-40
1.434720753349484085e+03 7.590883814627549115e-40
1.502426814394008261e+03 7.245631580879665785e-40
1.573327999431453918e+03 6.915751399861602805e-40
1.647575089901066576e+03 6.602849855709927304e-40
1.725325982785172300e+03 6.307551380042495286e-40
1.806746026399545826e+03 6.028750623853870730e-40
1.892008372030062674e+03 5.765428754581756060e-40
1.981294342163527290e+03 5.516643264974041987e-40
2.074793816095663260e+03 5.280522458339193233e-40
2.172705633736431537e+03 5.042803583052643052e-40
2.275238018471311989e+03 4.810028447141306173e-40
2.382609019977914613e+03 4.587864925774361554e-40
2.495046977939598946e+03 4.372862088355045841e-40
2.612791007642209934e+03 4.167184996682369425e-40
2.736091508486727889e+03 3.973183002581221284e-40
2.865210696499121696e+03 3.791188205145797601e-40
3.000423161969981720e+03 3.617124343935794884e-40
3.142016453409788483e+03 3.446027246166350361e-40
3.290291689061616580e+03 3.283792423461907010e-40
3.445564197271889043e+03 3.124439768787432272e-40
3.608164187080840748e+03 2.970802874002884874e-40
3.778437450458989588e+03 2.827054963573174317e-40
3.956746097682821983e+03 2.693681567913036890e-40
4.143469327413743486e+03 2.559453463779425754e-40
4.339004233117909280e+03 2.425416185171203515e-40
4.543766647541818202e+03 2.301169057229596963e-40
4.758192027039771347e+03 2.185786909383398740e-40
4.982736377633582379e+03 2.069449274693971168e-40
5.217877224774216302e+03 1.953798168603100264e-40
5.464114628867412648e+03 1.842093650248869000e-40
5.721972248723182020e+03 1.731755819626422081e-40
5.991998455190673667e+03 1.620964147162530171e-40
6.274767497346580058e+03 1.516366950570186734e-40
6.570880723717451474e+03 1.418873009432737024e-40
6.880967861132638063e+03 1.326355482600468002e-40
7.205688353927929711e+03 1.234675101875590425e-40
7.545732766347497090e+03 1.144694265139556982e-40
7.901824251126863601e+03 1.059717652745687259e-40
8.274720087379955658e+03 9.711201551303742310e-41
8.665213291060565098e+03 8.768226934214435782e-41
9.074134301423537181e+03 7.853435293515221710e-41
9.502352747071641716e+03 6.957830632271693130e-41
9.950779295344444108e+03 6.045952534834485880e-41
1.042036758898161679e+04 5.155282381416436079e-41
1.091211627417967065e+04 4.285509350937725780e-41
1.142707112435502495e+04 3.454457383488885286e-41
1.196632726412959164e+04 2.680678781261224513e-41
1.253103149826889603e+04 1.980174024951166160e-41
1.312238475052507238e+04 1.370441480655797949e-41
1.374164461757208119e+04 8.654088745192776512e-42
1.439012804346349003e+04 4.825982489423359554e-42
1.506921412030086140e+04 2.346499132138964436e-42
1.578034702106929763e+04 1.063114214880870365e-42
1.652503907087617335e+04 5.195347746078274126e-43
1.730487396312537749e+04 2.077157791273403352e-43
1.812151012746596825e+04 3.698085556489237617e-44
1.897668425667876363e+04 0.000000000000000000e+00
1.987221500000000378e+04 0.000000000000000000e+00
