5.109905999999998913e-04 7.626129944819999779e-33
5.350769911838435498e-04 9.215315920551865293e-33
5.602987344470812580e-04 1.086859192431038736e-32
5.867093464969015204e-04 1.249359944550192213e-32
6.143648666394278118e-04 1.416411529210999092e-32
6.433239756866135405e-04 1.575992665840231986e-32
6.736481204680112161e-04 1.702443305763622174e-32
7.054016442116047740e-04 1.798570545677186784e-32
7.386519230703688385e-04 1.867905297406199954e-32
7.734695090842236059e-04 1.921623582521101445e-32
8.099282798807464151e-04 1.962316688979445379e-32
8.481055954322755733e-04 1.992385150251358042e-32
8.880824622020134238e-04 2.014223069076779767e-32
9.299437050274356534e-04 2.028710457346736855e-32
9.737781471057120651e-04 2.035366242879389242e-32
1.019678798463029626e-03 2.033927882690075788e-32
1.067743053307740287e-03 2.024274484192414809e-32
1.118072896686075988e-03 2.007481713102684977e-32
1.170775120878915151e-03 1.984860783527013028e-32
1.225961551998785678e-03 1.959580602896111200e-32
1.283749287267878366e-03 1.932481839908332391e-32
1.344260943480563757e-03 1.903923727922514316e-32
1.407624917177605246e-03 1.870708198921992995e-32
1.473975657084101521e-03 1.832834864454310012e-32
1.543453949389264439e-03 1.793404756631178739e-32
1.616207216473312946e-03 1.752269174417431745e-32
1.692389829715371151e-03 1.708999252233898086e-32
1.772163437046077273e-03 1.662924165131363956e-32
1.855697305939940601e-03 1.615588972849028218e-32
1.943168682575192006e-03 1.571690074941178850e-32
2.034763167923259262e-03 1.527862688147975970e-32
2.130675111565816324e-03 1.481462575204167569e-32
2.231108024075073408e-03 1.436257245343711022e-32
2.336275008832296943e-03 1.392628797070890634e-32
2.446399214200793096e-03 1.349194228284697907e-32
2.561714307012848829e-03 1.304739372759229235e-32
2.682464968375230553e-03 1.258938930905035061e-32
2.808907412845329347e-03 1.215505964996009326e-32
2.941309932079516892e-03 1.174487290599294162e-32
3.079953464107291518e-03 1.134281656337286805e-32
3.225132189439070245e-03 1.094382666074902099e-32
3.377154155272562002e-03 1.054318895692264901e-32
3.536341929122096238e-03 1.012497143939131517e-32
3.703033283257888171e-03 9.706383112162804579e-33
3.877581911407490881e-03 9.324943388640937267e-33
4.060358179240117563e-03 8.959841683197791889e-33
4.251749910226356073e-03 8.598586415474189895e-33
4.452163208540618235e-03 8.239104951680268373e-33
4.662023320752516943e-03 7.888942720109727686e-33
4.881775538135467267e-03 7.561140327754315475e-33
5.111886141507127577e-03 7.249173772430925607e-33
5.352843390606445116e-03 6.948274307979493392e-33
5.605158560106624985e-03 6.651967921177726606e-33
5.869367024462324861e-03 6.361155781879203594e-33
6.146029393892893898e-03 6.078537780001814743e-33
6.435732703912110456e-03 5.808603677861363280e-33
6.739091660928304278e-03 5.552350488718364002e-33
7.056749946558015310e-03 5.306803484617019448e-33
7.389381583420540599e-03 5.067972286075154893e-33
7.737692365311551849e-03 4.831051488475711481e-33
8.102421354790280764e-03 4.595224117398824323e-33
8.484342451358012349e-03 4.364483850998554548e-33
8.884266033555217670e-03 4.155112643540176959e-33
9.303040678461689875e-03 3.955392201744056738e-33
9.741554962248199015e-03 3.750505964656906937e-33
1.020073934560009922e-02 3.554308163920675141e-33
1.068156814801358469e-02 3.371051790077539356e-33
1.118506161515355965e-02 3.199759920876666869e-33
1.171228808365998471e-02 3.038642087301696923e-33
1.226436624799588648e-02 2.885925335174092853e-33
1.284246753414705448e-02 2.741151558700802502e-33
1.344781858520997797e-02 2.603871850121029119e-33
1.408170386414216678e-02 2.473704917807707405e-33
1.474546837919736737e-02 2.349608251767556024e-33
1.544052053782874780e-02 2.230520754225992135e-33
1.616833513511548720e-02 2.116329144891751846e-33
1.693045648305392323e-02 2.006923025043351569e-33
1.772850168735293219e-02 1.902187839878822177e-33
1.856416407868657914e-02 1.802308891660286747e-33
1.943921680568448662e-02 1.707481352797400553e-33
2.035551659728389653e-02 1.617467523653547421e-33
2.131500770242634318e-02 1.532020639559117476e-33
2.231972601545846938e-02 1.450940398940094610e-33
2.337180339599059103e-02 1.374201688209926994e-33
2.447347219237883814e-02 1.301794227101367072e-33
2.562706997842921497e-02 1.233458232916791506e-33
2.683504451337403313e-02 1.168950760651409234e-33
2.809995893564515984e-02 1.108044157318821022e-33
2.942449720146430095e-02 1.050471655431596765e-33
3.081146977979036181e-02 9.959782849753765818e-34
3.226381961570749801e-02 9.443945354517944288e-34
3.378462837490754656e-02 8.955456980906130967e-34
3.537712298251636384e-02 8.492977234359015671e-34
3.704468247013870813e-02 8.055790890129367529e-34
3.879084514564980907e-02 7.643277571898744063e-34
4.061931610094725309e-02 7.253913713908760086e-34
4.253397507359295282e-02 6.886278212725221493e-34
4.453888467902679393e-02 6.539044202191172394e-34
4.663829903081942452e-02 6.211817445108548640e-34
4.883667276725484063e-02 5.904313723040699276e-34
5.113867050339607201e-02 5.615154633480804097e-34
5.354917672868961254e-02 5.342954055055866599e-34
5.607330617110987264e-02 5.086661784265675969e-34
5.871641464983482633e-02 4.844113179320652080e-34
6.148411043948083521e-02 4.613181668726447498e-34
6.438226617000883389e-02 4.393301612980157015e-34
6.741703128755341390e-02 4.183948769659921799e-34
7.059484510261269941e-02 3.984623045155733278e-34
7.392245045328713071e-02 3.795281109373520346e-34
7.740690801255763198e-02 3.615917848825086353e-34
8.105561126996053967e-02 3.445945829871437629e-34
8.487630221944920950e-02 3.284728371438556108e-34
8.887708778672928633e-02 3.131848534590711892e-34
9.306645703092275568e-02 2.987830782475283297e-34
9.745329915706192614e-02 2.853272319074901240e-34
1.020469223776321738e-01 2.727441354483805188e-34
1.068570736631840462e-01 2.609674122332694891e-34
1.118939594239245355e-01 2.499368673062098912e-34
1.171682671661682662e-01 2.394209722987295149e-34
1.226911881696023110e-01 2.291813154019447800e-34
1.284744412334817842e-01 2.192214901256692241e-34
1.345302975421406033e-01 2.095385812745487688e-34
1.408716067025807539e-01 2.001424146530018843e-34
1.475118240093862276e-01 1.911406716858623036e-34
1.544650389948131475e-01 1.826442884299261459e-34
1.617460053246374818e-01 1.746203865626626678e-34
1.693701721031912466e-01 1.670387575907288910e-34
1.773537166540152532e-01 1.598714888667620820e-34
1.857135788456821257e-01 1.530637538221436027e-34
1.944674970356227717e-01 1.465609453624549459e-34
2.036340457082262412e-01 1.403483177074529559e-34
2.132326748870742028e-01 1.344073706233411082e-34
2.232837514049346161e-01 1.287301566553828656e-34
2.338086021190871333e-01 1.232778007447404913e-34
2.448295591636746038e-01 1.180105737215160535e-34
2.563700073350971831e-01 1.129247615309208370e-34
2.684544337109991963e-01 1.080170912823598572e-34
2.811084796081259607e-01 1.032841991914156300e-34
2.943589949893026247e-01 9.874895060138191900e-35
3.082340954349769291e-01 9.443512065584833946e-35
3.227632218002076114e-01 9.033078675346735238e-35
3.379772026836863064e-01 8.642132494819774670e-35
3.539083198413413567e-01 8.269990211726448732e-35
3.705903766833169022e-01 7.914122235764117669e-35
3.880587699996760342e-01 7.571974935066881547e-35
4.063505650670087288e-01 7.243087264876549947e-35
4.255045742953186827e-01 6.927039256117888885e-35
4.455614395820615137e-01 6.623421359975122444e-35
4.665637185480738802e-01 6.333381448550502442e-35
4.885559748383800915e-01 6.058135660529230590e-35
5.115848726794779422e-01 5.796836450232063760e-35
5.356992758937341170e-01 5.548461014211021841e-35
5.609503515809932672e-01 5.312527241289719632e-35
5.873916786873909501e-01 5.087300284393072657e-35
6.150793616917333839e-01 4.871029884738156469e-35
6.440721496506819355e-01 4.663377562023830036e-35
6.744315608553212993e-01 4.464037235200557687e-35
7.062220133636279984e-01 4.272712695405488575e-35
7.395109616858044355e-01 4.088841459587508012e-35
7.743690399124971702e-01 3.911861587555996348e-35
8.108702115896070373e-01 3.741564562318477683e-35
8.490919266576989477e-01 3.577585239158105719e-35
8.891152857890034511e-01 3.419909760171477578e-35
9.310252124707238952e-01 3.268904928515669665e-35
9.749106331997764441e-01 3.124954933573972482e-35
1.020864666171298785e+00 2.987711704991944492e-35
1.068984818861320463e+00 2.856852603723972030e-35
1.119373194922805625e+00 2.732070270923345068e-35
1.172136710834094098e+00 2.613065701843234167e-35
1.227387322759428523e+00 2.499555658206898352e-35
1.285242264102917309e+00 2.391238697790064432e-35
1.345824294260010046e+00 2.287489708359258097e-35
1.409261959094288530e+00 2.188165037633551730e-35
1.475689863692247972e+00 2.093079266366612694e-35
1.545248957974851844e+00 2.002054629454976108e-35
1.618086835771838761e+00 1.914920707528487494e-35
1.694358047993408611e+00 1.831519446351889019e-35
1.774224430563778654e+00 1.751698077695510634e-35
1.857855447812415406e+00 1.675305237120593785e-35
1.945428552051600590e+00 1.602195873316082117e-35
2.037129560103281722e+00 1.532227246925625291e-35
2.133153047574125161e+00 1.465173558514457678e-35
2.233702761715397944e+00 1.400983478624455366e-35
2.338992053743683464e+00 1.339537979781837843e-35
2.449244331539734532e+00 1.280722837525680304e-35
2.564693533686070559e+00 1.224428445763482346e-35
2.685584625849090301e+00 1.170552841332561937e-35
2.812174120559004731e+00 1.118997412968697341e-35
2.944730621490461608e+00 1.069664604045855440e-35
3.083535393398716185e+00 1.022460853475609072e-35
3.228882958920717527e+00 9.772963408512566090e-36
3.381081723507405989e+00 9.340909865803721371e-36
3.540454629813204246e+00 8.928317399871682007e-36
3.707339842931271612e+00 8.534291697006881877e-36
3.882091467928467043e+00 8.157981155794090344e-36
4.065080301202473656e+00 7.798574728533099965e-36
4.256694617255448954e+00 7.455319005629323331e-36
4.457340992553499248e+00 7.127491543452020928e-36
4.667445168220180740e+00 6.814386555857170667e-36
4.887452953394491040e+00 6.515331605862149478e-36
5.117831171170100113e+00 6.229671860802766583e-36
5.359068649123062578e+00 5.956074676145348851e-36
5.611677256529638669e+00 5.694041395418838231e-36
5.876192990475137989e+00 5.443100919532521909e-36
6.153177113158302625e+00 5.202801929158720638e-36
6.443217342804400616e+00 4.972711915132435429e-36
6.746929100714060823e+00 4.752426199963444701e-36
7.064956817093690944e+00 4.541554156799687793e-36
7.397975298438517200e+00 4.339712040844830825e-36
7.746691159369426316e+00 4.146531744143710598e-36
8.111844321961823923e+00 3.961652950682364907e-36
8.494209585747915625e+00 3.784607049696966449e-36
8.894598271723504368e+00 3.615306692600764523e-36
9.313859943847946354e+00 3.453417950182111795e-36
9.752884211689767824e+00 3.298621803045090173e-36
1.021260261804301983e+01 3.150613405460205486e-36
1.069399061551952634e+01 3.009109900193843158e-36
1.119806963631121022e+01 2.873838622841210156e-36
1.172590925951389451e+01 2.744531129735244704e-36
1.227862948061171089e+01 2.620930722901689708e-36
1.285740308793734066e+01 2.502787506154523981e-36
1.346345815115064326e+01 2.389931372668713690e-36
1.409808062701599596e+01 2.282478440334988828e-36
1.476261708800700845e+01 2.180157781856398206e-36
1.545847757952883050e+01 2.082710488245639314e-36
1.618713861182024161e+01 1.989891747372125793e-36
1.695014629288404251e+01 1.901469724207257916e-36
1.774911960909330944e+01 1.817225132932170812e-36
1.858575386043462885e+01 1.736950669766771179e-36
1.946182425767688784e+01 1.660450064762580598e-36
2.037918968909895412e+01 1.587534628716677790e-36
2.133979666476815495e+01 1.517847364796016838e-36
2.234568344673882834e+01 1.451063247146070022e-36
2.339898437393492614e+01 1.387059356625843855e-36
2.450193439089265368e+01 1.325726767581511987e-36
2.565687378997340318e+01 1.266960937032602037e-36
2.686625317710851490e+01 1.210664226189248550e-36
2.813263867161269616e+01 1.156742078922629197e-36
2.945871735109953704e+01 1.105101172808295859e-36
3.084730295305163850e+01 1.055651820246974350e-36
3.230134184514424334e+01 1.008306157096426241e-36
3.382391927698976275e+01 9.629548452075319922e-37
3.541826592656868655e+01 9.195826971368937571e-37
3.708776475523733751e+01 8.781067770074643750e-37
3.883595818585820325e+01 8.384459035706954330e-37
4.066655561928256191e+01 8.005226008447861813e-37
4.258344130513583536e+01 7.642632274413381213e-37
4.459068258360503734e+01 7.295973414374371771e-37
4.669253851571663461e+01 6.964573228326294012e-37
4.889346892041729831e+01 6.647785195731087182e-37
5.119814383763156229e+01 6.344981316893715678e-37
5.361145343737740632e+01 6.055639311661515302e-37
5.613851839596389937e+01 5.780515639034294973e-37
5.878470076128840560e+01 5.518993991752282916e-37
6.155561533028735255e+01 5.270352580850967475e-37
6.445714156268282125e+01 5.033911320347355917e-37
6.749543605630201171e+01 4.809032551686663319e-37
7.067694561044291390e+01 4.595114098450399340e-37
7.400842090500286474e+01 4.391585014784489843e-37
7.749693082439544867e+01 4.197906589191442825e-37
8.114987745664984686e+01 4.013564990510113193e-37
8.497501179951611050e+01 3.837827169311943925e-37
8.898045020690534557e+01 3.669451075244718923e-37
9.317469161055942095e+01 3.507979828951527775e-37
9.756663555349287265e+01 3.353151867285327694e-37
1.021656010734707820e+02 3.204714844110929290e-37
1.069813464765919520e+02 3.062426523675464996e-37
1.120240900429305526e+02 2.926052850324178717e-37
1.173045317081747783e+02 2.795366958932979717e-37
1.228338757672644732e+02 2.670150012992093545e-37
1.286238546482024958e+02 2.550188074335635691e-37
1.346867538064853420e+02 2.435239461562305469e-37
1.410354377929716634e+02 2.325330340320889656e-37
1.476833775505056678e+02 2.220287772890750543e-37
1.546446789972108604e+02 2.119900559394731632e-37
1.619341129571050999e+02 2.023966555157429241e-37
1.695671465015448121e+02 1.932292894029070618e-37
1.775599757680016353e+02 1.844694791426938138e-37
1.859295603258034362e+02 1.760994843609515043e-37
1.946936591617650834e+02 1.681023251264149125e-37
2.038708683620599516e+02 1.604616032857086563e-37
2.134806605702889044e+02 1.531601871603505250e-37
2.235434263054732753e+02 1.462057892071469390e-37
2.340805172276357382e+02 1.395883795682363639e-37
2.451142914427803419e+02 1.332906897184660288e-37
2.566681609433963445e+02 1.272964047941552100e-37
2.687666412851484097e+02 1.215901403116789575e-37
2.814354036051634012e+02 1.161573420147966471e-37
2.947013290922797069e+02 1.109842167169711615e-37
3.085925660248481108e+02 1.060577167969661280e-37
3.231385894971009520e+02 1.013654273821555382e-37
3.383702639608242180e+02 9.689407455866517197e-38
3.543199087150339324e+02 9.261767094359362027e-38
3.710213664826211470e+02 8.851932780737747289e-38
3.885100752194640563e+02 8.459205370033694140e-38
4.068231433083888646e+02 8.082913496898865011e-38
4.259994282975192164e+02 7.722414572140878702e-38
4.460796193500891036e+02 7.377090417678922054e-38
4.671063235806684588e+02 7.046344856111759579e-38
4.891241564609817374e+02 6.729604717780667638e-38
5.121798364871636977e+02 6.426316024406773643e-38
5.363222843093093388e+02 6.135903745497252221e-38
5.616027265336606433e+02 5.858438778030345938e-38
5.880748044176808662e+02 5.593741594499228805e-38
6.157946876886580867e+02 5.341212490389056019e-38
6.448211937273246122e+02 5.100280996854468830e-38
6.752159123694078744e+02 4.870406241442449288e-38
7.070433365899032196e+02 4.651072980807149446e-38
7.403709993473661370e+02 4.441789263312742930e-38
7.752696168785963664e+02 4.242086845426124414e-38
8.118132387477392058e+02 4.051518836695125246e-38
8.500794049682158402e+02 3.869642163843330705e-38
8.901493105308493341e+02 3.695972556248192241e-38
9.321079776872993534e+02 3.530025770301397168e-38
9.760444363543603004e+02 3.371461101924523314e-38
1.022051913021925770e+03 3.219953064356799444e-38
1.070228028565424665e+03 3.075192249262332270e-38
1.120675005382494192e+03 2.936882371625683345e-38
1.173499884293375999e+03 2.804738773192839142e-38
1.228814751665269341e+03 2.678489350430201131e-38
1.286736977242583862e+03 2.557873999500140668e-38
1.347389463187689898e+03 2.442644216238833027e-38
1.410900904860643777e+03 2.332641431157396369e-38
1.477406063891186477e+03 2.227753096826757365e-38
1.547046054122446549e+03 2.127735677452261286e-38
1.619968641033073254e+03 2.032355885126662674e-38
1.696328555273143593e+03 1.941393782794956489e-38
1.776287820979074695e+03 1.854639930550350018e-38
1.860016099564236811e+03 1.771893965559862678e-38
1.947691049714692099e+03 1.692965493339241980e-38
2.039498704353929952e+03 1.617673837900377216e-38
2.135633865376482845e+03 1.545851223265313940e-38
2.236300516987925221e+03 1.477276561912641837e-38
2.341712258528381881e+03 1.411681446418679929e-38
2.452092757697870638e+03 1.348933847919864100e-38
2.567676225145174158e+03 1.288912651836455260e-38
2.688707911427272848e+03 1.231503524139798814e-38
2.815444627393735573e+03 1.176596462431358092e-38
2.948155289100342998e+03 1.124084771793664940e-38
3.087121488408096411e+03 1.073866291743663243e-38
3.232638090478363210e+03 1.025843728285068774e-38
3.385013859431943729e+03 9.799312019249235076e-39
3.544572113499650641e+03 9.360335328407069902e-39
3.711651411054431264e+03 8.940760139486838187e-39
3.886606268980823643e+03 8.539750238611849673e-39
4.069807914905917187e+03 8.156495394629169044e-39
4.261645074887964256e+03 7.790236229942602798e-39
4.462524798234053378e+03 7.440240853214557702e-39
4.672873321196840152e+03 7.105795673147687397e-39
4.893136971383151831e+03 6.786218047578979187e-39
5.123783114793348432e+03 6.480861202626487573e-39
5.365301147500966181e+03 6.189189107493670167e-39
5.618203534076819778e+03 5.910683097108549733e-39
5.883026894961005382e+03 5.645594214617228100e-39
6.160333145089880418e+03 5.393345364407216702e-39
6.450710686194222035e+03 5.153275118534522776e-39
6.754775655298300080e+03 4.924775576099898274e-39
7.073173232069009828e+03 4.707267095708930982e-39
7.406579007789160642e+03 4.500188221966281323e-39
7.755700418859450110e+03 4.303008353419860530e-39
8.121278247871076928e+03 4.115232814259630900e-39
8.504088195433836518e+03 3.936482314167947153e-39
8.904942526094959248e+03 3.766066446583402144e-39
9.324691791841056329e+03 3.602663662926979007e-39
9.764226636840277934e+03 3.445823812015635330e-39
1.022447968725379906e+04 3.295305210223420901e-39
1.070642753012695175e+04 3.150891489110273147e-39
1.121109278555848141e+04 3.012368323628333582e-39
1.173954627654506294e+04 2.879515304007816415e-39
1.229290930110500449e+04 2.752119990197100648e-39
1.287235601150226830e+04 2.629985013455895460e-39
1.347911590561919547e+04 2.513012042674434714e-39
1.411447643576419614e+04 2.400951852813157317e-39
1.477978574044995548e+04 2.294268852653499182e-39
1.547645550493845803e+04 2.192871032154015865e-39
1.620596395662288705e+04 2.096474949985568440e-39
1.696985900160118763e+04 2.004831240990410951e-39
1.776976150909787248e+04 1.917699296518595118e-39
1.860736875070219685e+04 1.834838214704399096e-39
1.948445800172059171e+04 1.756021022283630243e-39
2.040289031228484600e+04 1.681041821290552413e-39
2.136461445621771782e+04 1.609802642016091824e-39
2.237167106603492357e+04 1.541978849044253137e-39
2.342619696285727696e+04 1.477122268311910902e-39
2.453042969042046388e+04 1.414991012117609196e-39
2.568671226280278279e+04 1.355469972340485508e-39
2.689749813594546140e+04 1.298467233451031896e-39
2.816535641351277081e+04 1.243888768054882284e-39
2.949297729814009654e+04 1.191630005190280427e-39
3.088317779963507564e+04 1.141591091137665395e-39
3.233890771224443597e+04 1.093685431563971938e-39
3.386325587366920081e+04 1.047932299232104681e-39
3.545945671910898818e+04 1.004118582244144513e-39
3.713089714424211707e+04 9.623613689153449432e-40
3.888112369170360762e+04 9.226682706410224362e-40
4.071385007630969631e+04 8.849265084946351595e-40
4.263296506499707175e+04 8.490497379415716223e-40
4.464254072819451540e+04 8.149505083799173306e-40
4.674684108013829245e+04 7.825310835490955513e-40
4.895033112646239897e+04 7.516996494135104620e-40
5.125768633826208679e+04 7.223798377610834495e-40
5.367380257273319876e+04 6.946120212388479055e-40
5.620380646143730701e+04 6.681774449511277827e-40
5.885306628823492792e+04 6.428293044428946706e-40
6.162720337996832677e+04 6.183766079738667363e-40
6.453210403406295518e+04 5.947900103370491421e-40
6.757393200835627795e+04 5.720627209537047094e-40
7.075914159965545696e+04 5.501809674131352155e-40
7.409449133877450367e+04 5.291274987022474592e-40
7.758705833110952517e+04 5.090146788974712030e-40
8.124425327318243217e+04 4.903682053903802124e-40
8.507383617701106414e+04 4.732095560752671050e-40
8.908393283567702747e+04 4.565979351105810137e-40
9.328305206502364308e+04 4.401410865257509083e-40
9.768010375807045784e+04 4.254963250974841975e-40
1.022844177904524986e+05 4.109601898199277307e-40
1.071057638169988350e+05 3.965827907071228769e-40
1.121543720014558494e+05 3.841122690845971179e-40
1.174409547233403136e+05 3.723786938338429441e-40
1.229767293079812953e+05 3.607100525107881778e-40
1.287734418279795354e+05 3.495089786727469086e-40
1.348433920265910856e+05 3.389429163326561656e-40
1.411994594159106782e+05 3.286869145071374729e-40
1.478551306052415166e+05 3.200413814144543831e-40
1.548245279176306794e+05 3.113304106049290060e-40
1.621224393552930851e+05 3.028204003208486103e-40
1.697643499775052187e+05 2.949922248462509925e-40
1.777664747575483634e+05 2.878062242188204326e-40
1.861457929884183104e+05 2.810663399330785575e-40
1.949200843103052757e+05 2.748323646696567009e-40
2.041079664362891635e+05 2.687191236433970583e-40
2.137289346562972059e+05 2.633985418223619348e-40
2.238034032031505485e+05 2.587172406360917118e-40
2.343527485684597341e+05 2.521314813389831934e-40
2.453993548602953670e+05 2.479006882007359259e-40
2.569666612988637644e+05 2.442683172259674884e-40
2.690792119509709883e+05 2.411272217263916150e-40
2.817627078088037088e+05 2.384704582539935726e-40
2.950440613235295750e+05 2.362659333473188024e-40
3.089514535094298190e+05 2.344803895256899773e-40
3.235143937397299451e+05 2.331278571567042690e-40
3.387637823610061896e+05 2.324633913980228709e-40
3.547319762590248720e+05 2.322123024115334976e-40
3.714528575151435216e+05 2.325996922441251970e-40
3.889619052989310585e+05 2.337913566068137100e-40
4.072962711495810654e+05 2.358036789519428449e-40
4.264948578058319981e+05 2.386574372406792186e-40
4.465984017516678432e+05 2.423714856875849250e-40
4.676495596529482282e+05 2.465574353827344018e-40
4.896929988683724077e+05 2.505937621790986768e-40
5.127754922268277151e+05 2.542478339756173994e-40
5.369460172722263960e+05 2.572970874873682788e-40
5.622558601864124648e+05 2.592534884763459771e-40
5.887587246106449747e+05 2.591551758374329727e-40
6.165108455965747125e+05 2.550169809647203035e-40
6.455711089284663321e+05 2.427248817683324085e-40
6.760011760698946891e+05 2.157055444192180797e-40
7.078656149999998743e+05 1.556731406870727659e-40
