5.109905999999998913e-04 2.948773677923874135e-34
5.350761561954661726e-04 3.704219639015821138e-34
5.602969857545616944e-04 4.488902772081006553e-34
5.867065998189726923e-04 5.241003392145786001e-34
6.143610317795426563e-04 6.021753146947407806e-34
6.433189561625556356e-04 6.801552656761537639e-34
6.736418131197323498e-04 7.504521105702295266e-34
7.053939387860579113e-04 8.151129757948504013e-34
7.386427017820364205e-04 8.742376544918657583e-34
7.734586461499802891e-04 9.227897035832466154e-34
8.099156410276053732e-04 9.631894685300096206e-34
8.480910373764960312e-04 1.002252424853748383e-33
8.880658320979701193e-04 1.044018104490323854e-33
9.299248398845499789e-04 1.088972437621111671e-33
9.737568731716579086e-04 1.129905830916655766e-33
1.019654930571337915e-03 1.168336953980639053e-33
1.067716394187811970e-03 1.207784744867405854e-33
1.118043236233499330e-03 1.243364288792684998e-33
1.170742235383900312e-03 1.273328422711499439e-33
1.225925203330365020e-03 1.299666958469002837e-33
1.283709222011436427e-03 1.325947437384490164e-33
1.344216892026099328e-03 1.356071989545413059e-33
1.407576592755994688e-03 1.384845822933109021e-33
1.473922754748498197e-03 1.410426708795532424e-33
1.543396144938594377e-03 1.432919277315421221e-33
1.616144165314672672e-03 1.451666572185361873e-33
1.692321165661961682e-03 1.466139781889669254e-33
1.772088771047125458e-03 1.477867350769631318e-33
1.855616224738857335e-03 1.489724734675438812e-33
1.943080747292044459e-03 1.509224722537714739e-33
2.034667912557376439e-03 1.527914798264379593e-33
2.130572041414174455e-03 1.538005462295144528e-33
2.230996614061832480e-03 1.547336349180270461e-33
2.336154701744621622e-03 1.555457979942680294e-33
2.446269418825858591e-03 1.555118051250102978e-33
2.561574396170609828e-03 1.554815531593347441e-33
2.682314276841281115e-03 1.560753041354229605e-33
2.808745235157856807e-03 1.564295407911742274e-33
2.941135520224044935e-03 1.564195674279628663e-33
3.079766025072545443e-03 1.562563745583688044e-33
3.224930882636991257e-03 1.559510143913366717e-33
3.376938089815064142e-03 1.554884327557879594e-33
3.536110160946805223e-03 1.547518426732470801e-33
3.702784812094680328e-03 1.539003227236071745e-33
3.877315677577187168e-03 1.533229782749309052e-33
4.060073060276296088e-03 1.524182397141691054e-33
4.251444717310659711e-03 1.508678678448952926e-33
4.451836682741537599e-03 1.490718277037635964e-33
4.661674129057006601e-03 1.472065936528384187e-33
4.881402269262234868e-03 1.454521233391176441e-33
5.111487301489817982e-03 1.435344339177032081e-33
5.352417398134345743e-03 1.413433046090489347e-33
5.604703741609853331e-03 1.391032772960112973e-33
5.868881608927727957e-03 1.368138616875959708e-33
6.145511507396245882e-03 1.344141542215224280e-33
6.435180363851289789e-03 1.319092360622771056e-33
6.738502769941540592e-03 1.293231514734191275e-33
7.056122286110197775e-03 1.267496452227197694e-33
7.388712807039907529e-03 1.240788148279543173e-33
7.736979991458017847e-03 1.211356019502131771e-33
8.101662759335666320e-03 1.180878613127519932e-33
8.483534859657462443e-03 1.150068393227333424e-33
8.883406512088009091e-03 1.118900427555567003e-33
9.302126126018415292e-03 1.086850339914850572e-33
9.740582100640122337e-03 1.053310472006289988e-33
1.019970470986526247e-02 1.019489564898313335e-33
1.068046807609278510e-02 9.858744193230845678e-34
1.118389223700809974e-02 9.525175963760495245e-34
1.171104530980141001e-02 9.195581736873981804e-34
1.226304575739647906e-02 8.871460697599230788e-34
1.284106476149821097e-02 8.553061397479228088e-34
1.344632870749385735e-02 8.240353558905057840e-34
1.408012178648015283e-02 7.933809094712253763e-34
1.474378871993700310e-02 7.632584530580147243e-34
1.543873761282881819e-02 7.335671963269007608e-34
1.616644294118680866e-02 7.043479254761130425e-34
1.692844868051106982e-02 6.756387913512141364e-34
1.772637158163002657e-02 6.474748966701790579e-34
1.856190460096749859e-02 6.199180931769080659e-34
1.943682049249561075e-02 5.930304131256211728e-34
2.035297556899445109e-02 5.668289816882016676e-34
2.131231364059883379e-02 5.413040120188513499e-34
2.231687013898852115e-02 5.164930641444801973e-34
2.336877643597232157e-02 4.924347179876961642e-34
2.447026436562875149e-02 4.691680017987632532e-34
2.562367095959791619e-02 4.466892586118089280e-34
2.683144340557154506e-02 4.249937949100413413e-34
2.809614423950149500e-02 4.040753886187910406e-34
2.942045678254326044e-02 3.839178592408956604e-34
3.080719083426991176e-02 3.645023309453414180e-34
3.225928863423580678e-02 3.458193513450995744e-34
3.377983110453888077e-02 3.278382829585255062e-34
3.537204438662612527e-02 3.105692849553721744e-34
3.703930668621169264e-02 2.939777960457500513e-34
3.878515544083036698e-02 2.780274040079302923e-34
4.061329482523394485e-02 2.627124318977235618e-34
4.252760361055447219e-02 2.480266860063711535e-34
4.453214339390963034e-02 2.339624088338203611e-34
4.663116721591060304e-02 2.205044387735234198e-34
4.882912858435649317e-02 2.076363385742857739e-34
5.113069092326089776e-02 1.953477888425519664e-34
5.354073746725841049e-02 1.836121365837777724e-34
5.606438162238446682e-02 1.724334226804240973e-34
5.870697781521072578e-02 1.618107628813820840e-34
6.147413285335476957e-02 1.517423023723592941e-34
6.437171782146774990e-02 1.422079708337700308e-34
6.740588053793968026e-02 1.331883556997065243e-34
7.058305859875220467e-02 1.246640318952978544e-34
7.390999303615307381e-02 1.166231169408016255e-34
7.739374262113327130e-02 1.090537701364620772e-34
8.104169884005149593e-02 1.019328827286425700e-34
8.486160157718231067e-02 9.522730185556901838e-35
8.886155553646157834e-02 8.892733770098281462e-35
9.305004743727146588e-02 8.304041509029831953e-35
9.743596402074913843e-02 7.757377809687563521e-35
1.020286109048231804e-01 7.249577325182447320e-35
1.068377323279833674e-01 6.777745341928596169e-35
1.118735318236723647e-01 6.339211048223430977e-35
1.171466938691666376e-01 5.931383327978664076e-35
1.226684065548772767e-01 5.551860405762482822e-35
1.284503853221692637e-01 5.198542980460193812e-35
1.345048978200633627e-01 4.868747357828679029e-35
1.408447899335593390e-01 4.561512869972803966e-35
1.474835130388050808e-01 4.277024371981805787e-35
1.544351525429384919e-01 4.015552178325080434e-35
1.617144577691566332e-01 3.774942020827400090e-35
1.693368732504166863e-01 3.553270357092263687e-35
1.773185714981681260e-01 3.348812392834458847e-35
1.856764873156389883e-01 3.159809008541026789e-35
1.944283537284802466e-01 2.984658922108460147e-35
2.035927396090018993e-01 2.822168451576463432e-35
2.131890890738287470e-01 2.670746189105157015e-35
2.232377627385653540e-01 2.529988496607700035e-35
2.337600809170010119e-01 2.398916250756449698e-35
2.447783688565113858e-01 2.276629529757790066e-35
2.563160041056296023e-01 2.162441395795402546e-35
2.683974661142917717e-01 2.055730193198291602e-35
2.810483881719901267e-01 1.955928592203194903e-35
2.942956117940326299e-01 1.862456485512024457e-35
3.081672436713006058e-01 1.774776585500215695e-35
3.226927153043346874e-01 1.692465299919426091e-35
3.379028454482749799e-01 1.614786559254359601e-35
3.538299055011451810e-01 1.541774263373698985e-35
3.705076879742167928e-01 1.473113457240772314e-35
3.879715781897222215e-01 1.408514629873712366e-35
4.062586293580456309e-01 1.347700592132714385e-35
4.254076411936768554e-01 1.290418261394825922e-35
4.454592422367313342e-01 1.236434375868599955e-35
4.664559760546970746e-01 1.184859978939211528e-35
4.884423915073031752e-01 1.134772815035071392e-35
5.114651372660257156e-01 1.086163741223494327e-35
5.355730607887723149e-01 1.038794518912935514e-35
5.608173119597446021e-01 9.929147202083759941e-36
5.872514516143620966e-01 9.486496043432865755e-36
6.149315651795173032e-01 9.061288962869169546e-36
6.439163816702654364e-01 8.652977242814141805e-36
6.742673982954253686e-01 8.261030750790701745e-36
7.060490109364706557e-01 7.884926976171697350e-36
7.393286507765454152e-01 7.527850729490998708e-36
7.741769273694939502e-01 7.193169278008093691e-36
8.106677784524509711e-01 6.879248594470525997e-36
8.488786268198579288e-01 6.583096845539696109e-36
8.888905445917306691e-01 6.305026272852967775e-36
9.307884252247260459e-01 6.040096124890951822e-36
9.746611636309504556e-01 5.783217032040672843e-36
1.020601844786673817e+00 5.534313820212573004e-36
1.068707941231121117e+00 5.293327166802349464e-36
1.119081519874374209e+00 5.060186210970757964e-36
1.171829458553171888e+00 4.834801140473384336e-36
1.227063672794070248e+00 4.617074063706529663e-36
1.284901353265092805e+00 4.407140601201707865e-36
1.345465214419675704e+00 4.206488272647320038e-36
1.408883754860439375e+00 4.016273808147898966e-36
1.475291529975227389e+00 3.835893941854326873e-36
1.544829437423845375e+00 3.664784704566716082e-36
1.617645016081226794e+00 3.502418562879981031e-36
1.693892759071293996e+00 3.348307787999214672e-36
1.773734441555678165e+00 3.201994474418122412e-36
1.857339463972770055e+00 3.063044002845296647e-36
1.944885211455350538e+00 2.931048963096816446e-36
2.036557430189391837e+00 2.805573791319422803e-36
2.132550621512521616e+00 2.684880144242331603e-36
2.233068454588348128e+00 2.569058364206001739e-36
2.338324198532190756e+00 2.457925819967324904e-36
2.448541174905074502e+00 2.351306437405803108e-36
2.563953231536035826e+00 2.249030447134919000e-36
2.684805238678062533e+00 2.150940884302161238e-36
2.811353608550350991e+00 2.056884821468953197e-36
2.943866839369205124e+00 1.966708386363753291e-36
3.082626085021857865e+00 1.880263241670717773e-36
3.227925751591857573e+00 1.797397897489606717e-36
3.380074122001720749e+00 1.717718497519927229e-36
3.539394010098123378e+00 1.641507274409267313e-36
3.706223445567415897e+00 1.568616284634844353e-36
3.880916391134650478e+00 1.498903770752190669e-36
4.063843493567805609e+00 1.432233899682105061e-36
4.255392870080616952e+00 1.368465797789674580e-36
4.455970931802516688e+00 1.307466949238791244e-36
4.666003246062883747e+00 1.249120434148327237e-36
4.885935439319032625e+00 1.193314126285842712e-36
5.116234142643787841e+00 1.139934800430786520e-36
5.357387981778617636e+00 1.088724168692819755e-36
5.609908613852953252e+00 1.039828685660555394e-36
5.874331812969307620e+00 9.931429456981965693e-37
6.151218606957470136e+00 9.485663883880101008e-37
6.441156467709647337e+00 9.060030897135959058e-37
6.744760557622087482e+00 8.653810625473796418e-37
7.062675034787755379e+00 8.266270808036269866e-37
7.395574419709310732e+00 7.896531412644152002e-37
7.744165026432137999e+00 7.543754860903234260e-37
8.109186461133862878e+00 7.207111264768299642e-37
8.491413191349927558e+00 6.884826747178660049e-37
8.891656189164724111e+00 6.577387086232572869e-37
9.310764651854434248e+00 6.284090180266361315e-37
9.749627803632568757e+00 6.004267395155382651e-37
1.020917678232077286e+01 5.737282488398091688e-37
1.069038661494790077e+01 5.482414618354367038e-37
1.119427828646903578e+01 5.239004471241663202e-37
1.172192090599361691e+01 5.006530933798609714e-37
1.227443397511880185e+01 4.784496957016301889e-37
1.285298976318078168e+01 4.572410295214892743e-37
1.345881579446363396e+01 4.369241871292270217e-37
1.409319745264282986e+01 4.175115423203629286e-37
1.475748070798927003e+01 3.989624231476749217e-37
1.545307497312014355e+01 3.812383358154472180e-37
1.618145609335569901e+01 3.643025168334073335e-37
1.694416947802654860e+01 3.481232857817478996e-37
1.774283337937524507e+01 3.326695508375723993e-37
1.857914232600897364e+01 3.179084526271183046e-37
1.945487071818807578e+01 3.038086387143581590e-37
2.037187659257881478e+01 2.903393000109583059e-37
2.133210556445747486e+01 2.774397025481227337e-37
2.233759495573073650e+01 2.650880273429553881e-37
2.339047811753022188e+01 2.532597142482098729e-37
2.449298895655269703e+01 2.419338674756918795e-37
2.564746667474943820e+01 2.310903826535941738e-37
2.685636073242099897e+01 2.207096226232271037e-37
2.812223604524757192e+01 2.107727690142978372e-37
2.944777842628154119e+01 2.012619879976929022e-37
3.083580028444848509e+01 1.921601187369917423e-37
3.228924659164720623e+01 1.834501883310799155e-37
3.381120113110915071e+01 1.751097381373224465e-37
3.540489304027449435e+01 1.671756719172757190e-37
3.707370366206675527e+01 1.596336995283337021e-37
3.882117371910258186e+01 1.524630034678839927e-37
4.065101082605797700e+01 1.456439720971145164e-37
4.256709735613020484e+01 1.391581829794307289e-37
4.457349867828546763e+01 1.329882531947124787e-37
4.667447178276994180e+01 1.271177338347566366e-37
4.887447431318362590e+01 1.215311062966017383e-37
5.117817402428214280e+01 1.162135151686806554e-37
5.359045868557179659e+01 1.111425294354903363e-37
5.611644645171103463e+01 1.062762352102860202e-37
5.876149672172100935e+01 1.015971614281254364e-37
6.153122151004532725e+01 9.709935295290065257e-38
6.443149735358507257e+01 9.277699924892047258e-38
6.746847777997217577e+01 8.862443963057621241e-38
7.064860636353533607e+01 8.463614948340038180e-38
7.397863039665904239e+01 8.080673219577395893e-38
7.746561520554271851e+01 7.713092458756137833e-38
8.111695914073342806e+01 7.360351063818945418e-38
8.494040927423779408e+01 7.021804663086575232e-38
8.894407783651772093e+01 6.699028027848748107e-38
9.313645942824439317e+01 6.392072815937022151e-38
9.752644904332878184e+01 6.100119270168506650e-38
1.021233609414681496e+02 5.822392830024460965e-38
1.069369484102503520e+02 5.558161551528700070e-38
1.119774244587466541e+02 5.306733488155253097e-38
1.172554834864953506e+02 5.067454291331664031e-38
1.227823239738556680e+02 4.839705101933895660e-38
1.285696722418712454e+02 4.622897624701617633e-38
1.346298073320554352e+02 4.416406588645480783e-38
1.409755870588860489e+02 4.219552700391379886e-38
1.476204752902852988e+02 4.031708694524767858e-38
1.545785705139657296e+02 3.852451435716183307e-38
1.618646357502518072e+02 3.681378246565787195e-38
1.694941298748430540e+02 3.518105828518364080e-38
1.774832404179767025e+02 3.362269363652006465e-38
1.858489179095795123e+02 3.213521628865588102e-38
1.946089118432795999e+02 3.071532071163439602e-38
2.037818083355826957e+02 2.935985889156553715e-38
2.133870695601148100e+02 2.806581296248073208e-38
2.234450750405992210e+02 2.682789815984193069e-38
2.339771648901786705e+02 2.564097681952699181e-38
2.450056850888242366e+02 2.450311131253792551e-38
2.565540348948981091e+02 2.341243531324754989e-38
2.686467164914571981e+02 2.236714526080134245e-38
2.813093869726411640e+02 2.136550086670470235e-38
2.945689127804382110e+02 2.040582430490734615e-38
3.084534267073296974e+02 1.948649640198740929e-38
3.229923875857558642e+02 1.860596624701352483e-38
3.382166427910463540e+02 1.776298467499850700e-38
3.541584936904282586e+02 1.695664310254138793e-38
3.708517641769743136e+02 1.618691163015106039e-38
3.883318724339017649e+02 1.545216176595006162e-38
4.066359060814822897e+02 1.475080551931735465e-38
4.258027008660044999e+02 1.408132594386419993e-38
4.458729230577424119e+02 1.344227631732773246e-38
4.668891557327544888e+02 1.283227804026871192e-38
4.888959891215781681e+02 1.225001555637022475e-38
5.119401152165118560e+02 1.169425074181107149e-38
5.360704268382144164e+02 1.116416184342056268e-38
5.613381213718100753e+02 1.065880491474903449e-38
5.877968093926037909e+02 1.017872048940075697e-38
6.155026284118603144e+02 9.722636378525552829e-39
6.445143619840064275e+02 9.289248294586300329e-39
6.748935644279473536e+02 8.877329438926356253e-39
7.067046914271286369e+02 8.485729075993347255e-39
7.400152367854340127e+02 8.113369183626319735e-39
7.748958756290777501e+02 7.759236525894233626e-39
8.114206143583209041e+02 7.422398667808254562e-39
8.496669476671665961e+02 7.102387193986831479e-39
8.897160229641834803e+02 6.797353773949437465e-39
9.316528125433079595e+02 6.504330573849192817e-39
9.755662938699233564e+02 6.222625282476555918e-39
1.021549638364727684e+03 5.951854664525852623e-39
1.069700409085934552e+03 5.691644681460242478e-39
1.120120767729229328e+03 5.441634325025263347e-39
1.172917691384676573e+03 5.201477018555954820e-39
1.228203199510466220e+03 4.970837016690231027e-39
1.286094591605075038e+03 4.749411422858355311e-39
1.346714696082122600e+03 4.537338848396580550e-39
1.410192130875925614e+03 4.333916934906778661e-39
1.476661576330727257e+03 4.139727000050808966e-39
1.546264060952556747e+03 3.954520860441225458e-39
1.619147260630011942e+03 3.777870234852897030e-39
1.695465811958821860e+03 3.609363866085121554e-39
1.775381640334971962e+03 3.448611922394656600e-39
1.859064303512507877e+03 3.295247335290821171e-39
1.946691351354945482e+03 3.148921000597289431e-39
2.038448702543573290e+03 3.009325080665565879e-39
2.134531039041912663e+03 2.876617016543851981e-39
2.235142219153271071e+03 2.749959666260159272e-39
2.340495710047770899e+03 2.629147790674012481e-39
2.450815040676559875e+03 2.513924770385574858e-39
2.566334276034136565e+03 2.404020280353279608e-39
2.687298513775048377e+03 2.299172381276279441e-39
2.813964404238633961e+03 2.199134034570984684e-39
2.946600694985139398e+03 2.103675464314620357e-39
3.085488800998559782e+03 2.012578464368391396e-39
3.230923401766034658e+03 1.925661850059895025e-39
3.383213066500538389e+03 1.843222490830787789e-39
3.542680908833517151e+03 1.764512877794128823e-39
3.709665272366456975e+03 1.689535668103272515e-39
3.884520448535944070e+03 1.618186843988424293e-39
4.067617428315318193e+03 1.550275405970884130e-39
4.259344689347803978e+03 1.485613264346481900e-39
4.460109020181183041e+03 1.424025816751830587e-39
4.670336383352794655e+03 1.365355932997809579e-39
4.890472819156064361e+03 1.309455536555671503e-39
5.120985392006100483e+03 1.256213435645955147e-39
5.362363181412255472e+03 1.206020383079671075e-39
5.615118319660206907e+03 1.158153226639488637e-39
5.879787078405217471e+03 1.111877737882461769e-39
6.156931006481986515e+03 1.066676481659556066e-39
6.447138121345215040e+03 1.022565874397259161e-39
6.751024156668747310e+03 9.795488018799691621e-40
7.069233868750315196e+03 9.376314569520654972e-40
7.402442404493788672e+03 8.972059515168540803e-40
7.751356733871153665e+03 8.620816298803454408e-40
8.116717149903775862e+03 8.281735708853061211e-40
8.499298839345248780e+03 7.954228292433454550e-40
8.899913527398435690e+03 7.657667041591846282e-40
9.319411199956297423e+03 7.351363177570096896e-40
9.758681907020585641e+03 7.047123022342376404e-40
1.021865765112472036e+04 6.767538229955003848e-40
1.070031436476760791e+04 6.511981825393275690e-40
1.120467398105360735e+04 6.267248320222132266e-40
1.173280660193265612e+04 6.044325647772189938e-40
1.228583276863977881e+04 5.803564279201455034e-40
1.286492583915259820e+04 5.578832035275725173e-40
1.347131447770955310e+04 5.379615900653378430e-40
1.410628526167247946e+04 5.172961436218963859e-40
1.477118541126285163e+04 4.988203555128033272e-40
1.546742564796512852e+04 4.801860689322092467e-40
1.619648318766007105e+04 4.626524548320296541e-40
1.695990487484040932e+04 4.463691563204206264e-40
1.775931046455722390e+04 4.299861890274768758e-40
1.859639605906092766e+04 4.140553896879728774e-40
1.947293770642915842e+04 3.997481626863489239e-40
2.039079516881494419e+04 3.858760144210124477e-40
2.135191586831265886e+04 3.728963280223477676e-40
2.235833901881109705e+04 3.606114939744688997e-40
2.341219995260300129e+04 3.471163822723054496e-40
2.451573465092795232e+04 3.359901333053999945e-40
2.567128448806407687e+04 3.254538574764094866e-40
2.688130119903105151e+04 3.152606532354173281e-40
2.814835208144756689e+04 3.053294431397406870e-40
2.947512544257679838e+04 2.954455658803684275e-40
3.086443630312028472e+04 2.853393321897163410e-40
3.231923236985841868e+04 2.751105954327931033e-40
3.384260028981348296e+04 2.650593230794817421e-40
3.543777219920079369e+04 2.549283414191103140e-40
3.710813258106695866e+04 2.450267758368161269e-40
3.885722544616087544e+04 2.357697865196293287e-40
4.068876185227747919e+04 2.270984672211705702e-40
4.260662777802447818e+04 2.189463251799706324e-40
4.461489236771922879e+04 2.112310306013320626e-40
4.671781656491078320e+04 2.002421407489678560e-40
4.891986215284055652e+04 1.812880180992055938e-40
5.122570122102842288e+04 1.566403332340198887e-40
5.364022607806356245e+04 1.289681963759191638e-40
5.616855963163705746e+04 1.003829047332089821e-40
5.881606625783748314e+04 7.185874585713141787e-41
6.158836318277010287e+04 4.371694150760131653e-41
6.449133240064871643e+04 1.950990976205152953e-41
6.753113315364962909e+04 9.544259708446170399e-42
7.071421499999996740e+04 5.134213413141275212e-42
