5.109905999999998913e-04 2.114315703367812077e-33
5.350486257463010114e-04 2.567339608965645881e-33
5.602393310424992135e-04 3.052575740479715439e-33
5.866160437458463371e-04 3.543510692659386307e-33
6.142346024505090365e-04 4.043761510681461191e-33
6.431534746959541348e-04 4.534611629068480324e-33
6.734338807407194791e-04 4.988288215377485665e-33
7.051399231635971333e-04 5.382742986423947904e-33
7.383387225665891942e-04 5.703867024045217513e-33
7.731005596669164159e-04 5.972115219828604028e-33
8.094990240788771125e-04 6.198517858936738469e-33
8.476111701005362630e-04 6.402105554604916662e-33
8.875176798350226885e-04 6.595713654005280532e-33
9.293030339917691734e-04 6.780214171608041343e-33
9.730556907292701270e-04 6.931281467043776384e-33
1.018868272917963216e-03 7.052893366511263787e-33
1.066837764219661679e-03 7.156181613704393422e-33
1.117065714398633334e-03 7.237139054087968543e-33
1.169658454298961366e-03 7.296180455791894946e-33
1.224727320943285293e-03 7.343604808468324513e-33
1.282388893229452400e-03 7.381583075922079600e-33
1.342765238724036303e-03 7.410958004725040462e-33
1.405984172075180156e-03 7.424626250117011335e-33
1.472179525591813237e-03 7.421781457389255635e-33
1.541491432562049416e-03 7.409365590688271876e-33
1.614066623910540574e-03 7.381934232420805985e-33
1.690058738822801257e-03 7.334252620954315363e-33
1.769628649994083166e-03 7.290024307734543908e-33
1.852944804191341806e-03 7.247879722541338111e-33
1.940183578849251573e-03 7.176772837684449973e-33
2.031529655455175179e-03 7.086074538902596697e-33
2.127176410513516129e-03 6.988335234860767711e-33
2.227326324917144364e-03 6.891879607095033946e-33
2.332191412592476629e-03 6.797043376687601008e-33
2.441993669325677289e-03 6.697354562193532344e-33
2.556965542720102385e-03 6.585786514589941594e-33
2.677350424279890083e-03 6.457795972868208609e-33
2.803403164661407224e-03 6.324527975353127324e-33
2.935390613183329160e-03 6.188924280465280721e-33
3.073592182737475750e-03 6.050560678934949297e-33
3.218300441296298442e-03 5.912102345855072129e-33
3.369821731269222534e-03 5.775056316969744189e-33
3.528476818018998033e-03 5.634521651048312403e-33
3.694601568910947046e-03 5.486944373834355886e-33
3.868547664332635735e-03 5.326184601627319267e-33
4.050683342189150514e-03 5.164867296454729417e-33
4.241394177450111790e-03 5.010799537550838070e-33
4.441083898398610896e-03 4.856072504098321059e-33
4.650175241310118036e-03 4.700765965180082672e-33
4.869110845370644425e-03 4.548381722668123303e-33
5.098354189728682671e-03 4.398470865001458192e-33
5.338390574664638073e-03 4.250097491811027877e-33
5.589728148954835850e-03 4.099117493454875316e-33
5.852898985605019082e-03 3.948862191818767000e-33
6.128460208230611210e-03 3.806932617702768873e-33
6.416995170468261026e-03 3.667929239718568657e-33
6.719114690915437699e-03 3.529202613172683402e-33
7.035458346212409945e-03 3.393333999226044574e-33
7.366695825004009913e-03 3.260684791279909382e-33
7.713528345647472327e-03 3.131112672556707290e-33
8.076690140667596579e-03 3.006117168393614708e-33
8.456950011101763143e-03 2.885561302446064824e-33
8.855112954025306723e-03 2.765194057812284350e-33
9.272021866702652437e-03 2.647059993809133259e-33
9.708559330971856111e-03 2.535139396744989397e-33
1.016564948164002009e-02 2.426706648326256160e-33
1.064425996284489549e-02 2.320550276599632807e-33
1.114540397652429363e-02 2.216801255748137075e-33
1.167014242732974418e-02 2.116213237384466142e-33
1.221958616852518442e-02 2.019832865486172159e-33
1.279489835362511256e-02 1.927520086808642746e-33
1.339729689875063592e-02 1.839094598169779012e-33
1.402805706091601184e-02 1.754431867384283590e-33
1.468851413770391572e-02 1.673048232057324037e-33
1.538006629404453825e-02 1.594288932752326872e-33
1.610417752208266953e-02 1.518137628845391829e-33
1.686238074039875592e-02 1.444589035941206765e-33
1.765628103914484645e-02 1.373633722026591779e-33
1.848755907796528417e-02 1.305165307746639726e-33
1.935797464389536413e-02 1.239029554683385383e-33
2.026937037677005449e-02 1.175228957022231723e-33
2.122367567002916150e-02 1.113741295961133094e-33
2.222291075517691950e-02 1.054577333045532219e-33
2.326919097854266913e-02 9.980085876007631841e-34
2.436473127939629488e-02 9.444465666475015553e-34
2.551185087889856415e-02 8.937433649138132730e-34
2.671297818981257025e-02 8.457514669407329727e-34
2.797065595737012814e-02 8.003319166846332333e-34
2.928754664217595588e-02 7.572357293806671168e-34
3.066643805654534552e-02 7.161584035576056932e-34
3.211024926620695968e-02 6.770247415687634035e-34
3.362203676986466605e-02 6.397492927436933771e-34
3.520500096970020920e-02 6.042791640716341436e-34
3.686249294651466196e-02 5.705893611632993267e-34
3.859802155385125277e-02 5.386767745347543585e-34
4.041526084611776065e-02 5.084579435270980013e-34
4.231805785643336093e-02 4.798522183532203602e-34
4.431044074066556315e-02 4.527826539979476078e-34
4.639662730489762382e-02 4.272183977487618514e-34
4.858103393437919471e-02 4.031576621729391728e-34
5.086828494286196878e-02 3.805106766311571666e-34
5.326322236211306071e-02 3.591785260455430746e-34
5.577091619232965591e-02 3.390924408469757734e-34
5.839667513515534730e-02 3.201746208570687243e-34
6.114605783201894351e-02 3.023483796705782283e-34
6.402488463158732823e-02 2.855488156914401055e-34
6.703924991124350641e-02 2.697161218172976280e-34
7.019553497867411784e-02 2.547945293630993786e-34
7.350042158087838340e-02 2.407636503778466469e-34
7.696090604919689215e-02 2.276274630167515907e-34
8.058431411030454738e-02 2.153226867729483218e-34
8.437831639452214594e-02 2.037795312635444441e-34
8.835094467427710707e-02 1.929522641766134198e-34
9.251060886708961650e-02 1.827945177201542527e-34
9.686611483907897613e-02 1.732648059594111800e-34
1.014266830466795111e-01 1.643188938378208380e-34
1.062019680560298412e-01 1.559160139205733351e-34
1.112020789813576438e-01 1.480186827422343521e-34
1.164376008856269351e-01 1.405989447430484165e-34
1.219196171887526881e-01 1.336360380810384965e-34
1.276597331308192973e-01 1.270971103836466582e-34
1.336701003399757282e-01 1.209442637744255800e-34
1.399634425570141227e-01 1.151565848659311406e-34
1.465530825710918417e-01 1.097029422837268998e-34
1.534529704236181347e-01 1.045479633890065128e-34
1.606777129400123183e-01 9.967261094587362215e-35
1.682426046518512297e-01 9.505975203954966175e-35
1.761636601748667041e-01 9.069352700435199957e-35
1.844576481113367195e-01 8.655112774803201726e-35
1.931421265486400196e-01 8.260425663752333077e-35
2.022354802291236320e-01 7.884292992195323917e-35
2.117569594699703628e-01 7.525290278327539421e-35
2.217267209154587526e-01 7.183091060548599445e-35
2.321658702078860936e-01 6.857685805896153141e-35
2.430965066674877217e-01 6.549547894896922241e-35
2.545417700759384227e-01 6.257623160875244531e-35
2.665258896624748131e-01 5.980924349816975045e-35
2.790742353963407973e-01 5.718564285416085897e-35
2.922133716941407999e-01 5.469826987902559462e-35
3.059711136557954347e-01 5.234130084746570202e-35
3.203765859481537137e-01 5.010687883270325500e-35
3.354602844609105849e-01 4.798385456764842217e-35
3.512541408653572783e-01 4.596887090749880065e-35
3.677915902126321912e-01 4.404300564538894289e-35
3.851076417145747333e-01 4.217427731490366725e-35
4.032389528570234360e-01 4.036152323502795694e-35
4.222239070024533802e-01 3.860466139998671270e-35
4.421026946462355833e-01 3.690356342550668982e-35
4.629173984985339163e-01 3.526804346696972768e-35
4.847120825719560822e-01 3.371776210148979618e-35
5.075328854635539066e-01 3.224839366882312693e-35
5.314281180286474227e-01 3.085257679429169115e-35
5.564483656532446254e-01 2.952819934620514548e-35
5.826465953415655985e-01 2.826593444646703922e-35
6.100782678453691155e-01 2.705025362105718788e-35
6.388014550724583351e-01 2.587933911460952484e-35
6.688769630229139951e-01 2.475197947478487686e-35
7.003684605133041474e-01 2.366701960360592793e-35
7.333426139613837824e-01 2.262603379251769967e-35
7.678692285166078824e-01 2.163360365489562242e-35
8.040213958352335766e-01 2.068755763374490189e-35
8.418756488128440463e-01 1.978390490969220249e-35
8.815121236018583772e-01 1.892194877625871443e-35
9.230147292570114459e-01 1.809925738182378611e-35
9.664713253679385607e-01 1.731242710562756167e-35
1.011973908054906834e+00 1.655982383287641667e-35
1.059618804721440322e+00 1.583998984772264108e-35
1.109506877976120798e+00 1.515155627881479434e-35
1.161743739155264965e+00 1.449314943546472339e-35
1.216439971898492622e+00 1.386345593008992851e-35
1.273711366250489752e+00 1.326120725736543995e-35
1.333679163784555088e+00 1.268385432712427187e-35
1.396470314266842205e+00 1.213110530214757947e-35
1.462217744404650688e+00 1.160212432207188099e-35
1.531060639247698862e+00 1.109590121347887617e-35
1.603144736838083784e+00 1.061147080381884632e-35
1.678622636732715279e+00 1.014793267271455232e-35
1.757654123051327621e+00 9.704441583493796089e-36
1.840406502733969551e+00 9.280147094071046411e-36
1.927054959724046723e+00 8.874234943389927895e-36
2.017782925826707707e+00 8.485929353538770218e-36
2.112782469027669752e+00 8.113889429014161188e-36
2.212254700094545168e+00 7.757967138021162280e-36
2.316410198321420921e+00 7.417591326859212765e-36
2.425469457317987576e+00 7.092079167540457522e-36
2.539663351786932921e+00 6.780780871639121127e-36
2.659233626277750062e+00 6.483090382951025576e-36
2.784433406951640322e+00 6.198440058741932880e-36
2.915527737440896772e+00 5.926263949345088664e-36
3.052794139937161866e+00 5.666021814400651857e-36
3.196523202696369914e+00 5.417193518645864499e-36
3.347019195204095077e+00 5.178774832980628412e-36
3.504600712303595600e+00 4.950591108127217418e-36
3.669601348650148420e+00 4.732293157035209340e-36
3.842370404919454252e+00 4.523456960398981312e-36
4.023273627265183450e+00 4.323677473693842654e-36
4.212693981590996728e+00 4.132574449102538979e-36
4.411032464276203768e+00 3.949790070305234507e-36
4.618708951071316626e+00 3.774968445287537791e-36
4.836163085960579089e+00 3.607768946164367723e-36
5.063855211873169893e+00 3.447866025733276968e-36
5.302267345213358851e+00 3.294718122235761437e-36
5.551904196272693603e+00 3.148224539297976596e-36
5.813294237684268673e+00 3.008155528887013805e-36
6.086990823181206878e+00 2.874233856172702968e-36
6.373573359027446372e+00 2.746194044583541633e-36
6.673648530600898354e+00 2.623785600917556514e-36
6.987851586725533082e+00 2.506771985931537139e-36
7.316847684471310842e+00 2.394918920481861802e-36
7.661333297268834386e+00 2.288001920046011283e-36
8.022037689319661879e+00 2.185809431783781122e-36
8.399724459423554279e+00 2.088090002021712692e-36
8.795193157490889035e+00 1.994784619096229628e-36
9.209280977162340065e+00 1.905722492910220096e-36
9.642864528119035938e+00 1.820706523136849844e-36
1.009686169183512305e+01 1.739549481797346963e-36
1.057223356470129616e+01 1.662073568960050543e-36
1.106998649263283241e+01 1.588109870945855885e-36
1.159117420146928801e+01 1.517497468522908078e-36
1.213690002767589426e+01 1.450083250201344151e-36
1.270831925406892005e+01 1.385719564059132866e-36
1.330664155550969774e+01 1.324133488719768822e-36
1.393313355974471257e+01 1.265233587824381274e-36
1.458912152881300806e+01 1.208922805498563064e-36
1.527599416669734111e+01 1.155087746076709317e-36
1.599520555916277864e+01 1.103620293162169514e-36
1.674827825200627984e+01 1.054419537989355468e-36
1.753680647423381345e+01 1.007391476657750242e-36
1.836245951298837653e+01 9.624414410147399133e-37
1.922698524737348080e+01 9.194788951318298500e-37
2.013221384865315855e+01 8.784178336916882387e-37
2.108006165466159842e+01 8.391476003055586592e-37
2.207253522662449186e+01 8.016266506162715688e-37
2.311173559698016788e+01 7.657882816539786204e-37
2.419986271719304938e+01 7.315566272546157251e-37
2.533922011497528004e+01 6.988592890983055207e-37
2.653221977077573257e+01 6.676269233306578142e-37
2.778138722385968507e+01 6.377930716208196765e-37
2.908936691878872338e+01 6.092948778157083797e-37
3.045892780361873164e+01 5.820723627955689648e-37
3.189296919166811151e+01 5.560688351016828611e-37
3.339452689926417861e+01 5.312279075404685417e-37
3.496677967246204588e+01 5.075215650198396241e-37
3.661305591634075540e+01 4.849030372021931592e-37
3.833684074112243678e+01 4.633211422131704639e-37
4.014178334003084814e+01 4.427271883163327420e-37
4.203170471450799539e+01 4.230750281144967501e-37
4.401060576314285555e+01 4.043209620908944007e-37
4.608267575143617734e+01 3.864229734894319814e-37
4.825230118033153559e+01 3.693410555661812308e-37
5.052407507228706152e+01 3.530363647192468313e-37
5.290280669454612195e+01 3.374317825599179512e-37
5.539353174019075254e+01 3.224901636907601104e-37
5.800152298853085142e+01 3.081877179840142887e-37
6.073230146739670232e+01 2.944980250163006369e-37
6.359164814096515528e+01 2.813957466069816440e-37
6.658561614786206917e+01 2.688566290720083142e-37
6.972054361544873302e+01 2.568574689525051325e-37
7.300306707741960111e+01 2.453758872589093585e-37
7.644013552311606929e+01 2.343904099115542350e-37
8.003902510829800576e+01 2.238805364439614943e-37
8.380735455851542781e+01 2.138257337385991841e-37
8.775310129768860179e+01 2.042125163805184956e-37
9.188461833604030460e+01 1.950235559341439518e-37
9.621065195313131824e+01 1.862404961007482250e-37
1.007403602134336467e+02 1.778457588426170369e-37
1.054833323536382466e+02 1.698225393282898111e-37
1.104496090827394426e+02 1.621547827237506612e-37
1.156497038378708169e+02 1.548270477286732622e-37
1.210946250408901932e+02 1.478245471957366399e-37
1.267958994028303437e+02 1.411331776892877051e-37
1.327655963255500353e+02 1.347396118856860564e-37
1.390163534522429813e+02 1.286336030539804718e-37
1.455614034208939529e+02 1.228030717835589162e-37
1.524146018773187734e+02 1.172356408335190201e-37
1.595904568070903338e+02 1.119194901646590165e-37
1.671041592484442901e+02 1.068433465477749793e-37
1.749716154511867217e+02 1.019964648703301998e-37
1.832094805496768686e+02 9.736854373909199554e-38
1.918351938211745562e+02 9.294974262404851989e-38
2.008670156041906694e+02 8.873082122092787462e-38
2.103240659549961151e+02 8.471032477250172068e-38
2.202263651241237028e+02 8.088385885275694558e-38
2.305948759385505866e+02 7.724187955616246498e-38
2.414515481792820992e+02 7.377499778907900469e-38
2.528193650482840553e+02 7.047432959881666944e-38
2.647223918231309767e+02 6.733147789159231842e-38
2.771858268023718779e+02 6.433851014526237701e-38
2.902360546494618347e+02 6.148788827296524375e-38
3.039007022481879403e+02 5.877247287806884877e-38
3.182086971878323993e+02 5.618533596192504651e-38
3.331903290018848907e+02 5.370966718113637160e-38
3.488773132899439702e+02 5.133515909085156731e-38
3.653028588585509624e+02 4.905815108408204148e-38
3.825017380230921731e+02 4.687498852521085556e-38
4.005103602195952703e+02 4.478214338541696571e-38
4.193668490822540775e+02 4.277621824034025262e-38
4.391111231498514940e+02 4.085394657539226955e-38
4.597849803719340684e+02 3.901215101264595204e-38
4.814321865936346398e+02 3.724776276066677051e-38
5.040985682064621187e+02 3.555788658537550470e-38
5.278321091611970814e+02 3.394426161188516481e-38
5.526830525482661187e+02 3.240620085844063712e-38
5.787040069606379120e+02 3.094005791353123062e-38
6.059500578644052666e+02 2.954236551228967809e-38
6.344788842128243687e+02 2.820983705631472206e-38
6.643508805506756971e+02 2.693936367030244091e-38
6.956292848674399920e+02 2.572800914633375281e-38
7.283803124699475120e+02 2.457296487416715320e-38
7.626732961579073162e+02 2.347156306042863332e-38
7.985808329990610446e+02 2.242125913379719038e-38
8.361789380146814210e+02 2.141885179041497170e-38
8.755472051007527625e+02 2.046149821287113480e-38
9.167689755255235013e+02 1.954708856058781731e-38
9.599315143600991860e+02 1.867366600373838652e-38
1.005126195215600319e+03 1.783937503508195000e-38
1.052448693677956726e+03 1.704246178977513123e-38
1.101999189849833783e+03 1.628127301971552824e-38
1.153882580428467236e+03 1.555421725315665231e-38
1.208208700768364679e+03 1.485977970362219150e-38
1.265092557398976396e+03 1.419651833425854991e-38
1.324654571489565342e+03 1.356313399880751456e-38
1.387020833776682366e+03 1.295814644743030924e-38
1.452323371493923105e+03 1.238019959792579827e-38
1.520700427869041505e+03 1.182806862081629495e-38
1.592296754780112678e+03 1.130058776682555498e-38
1.667263919190283104e+03 1.079665444728306172e-38
1.745760624009821186e+03 1.031523226473622188e-38
1.827953044064724054e+03 9.855311882634850112e-39
1.914015177883112528e+03 9.415929990667794785e-39
2.004129216044133273e+03 8.996170616916901497e-39
2.098485926869154355e+03 8.595557063257783385e-39
2.197285060271742623e+03 8.213270686799807862e-39
2.300735770621366100e+03 7.848381054517598328e-39
2.409057059516004301e+03 7.500080506119536148e-39
2.522478239401004885e+03 7.167599698468801599e-39
2.641239419015646945e+03 6.850212515477163024e-39
2.765592011695088786e+03 6.547240614149612011e-39
2.895799267603759290e+03 6.258016685071478301e-39
3.032136831026904474e+03 5.981903445508423767e-39
3.174893323900067116e+03 5.718294716800640944e-39
3.324370956811801989e+03 5.466903564474354760e-39
3.480886168773105965e+03 5.227135016743555435e-39
3.644770297107925671e+03 4.998346252306779092e-39
3.816370278882885941e+03 4.780013461080644059e-39
3.996049385361131499e+03 4.571639372352644761e-39
4.184187991035108098e+03 4.372758452641981050e-39
4.381184378866286352e+03 4.182942463298739340e-39
4.587455583436511006e+03 4.001763355310427003e-39
4.803438273795841269e+03 3.828812795855830458e-39
5.029589677875971574e+03 3.663701737568058753e-39
5.266388550426015172e+03 3.506061033803532514e-39
5.514336186519857620e+03 3.355332186334706229e-39
5.773957482780600003e+03 3.211120546144305579e-39
6.045802048568665668e+03 3.073142494092574099e-39
6.330445369485928495e+03 2.941126850686114903e-39
6.628490025658948070e+03 2.814820612201870874e-39
6.940566967380386814e+03 2.693995682276047703e-39
7.267336850809091629e+03 2.578413201561484307e-39
7.609491436556476401e+03 2.467843127894711610e-39
7.967755054119957094e+03 2.362065798477092170e-39
8.342886135263599499e+03 2.261086699627555992e-39
8.735678819592098080e+03 2.164619997636392900e-39
9.146964635717018609e+03 2.072362878308710166e-39
9.577614261574295597e+03 1.984127448146570233e-39
1.002853936761949626e+04 1.899734569070332826e-39
1.050069454680279887e+04 1.819021069455265053e-39
1.099507933540952763e+04 1.741849079102029745e-39
1.151274032904405794e+04 1.668061161038799125e-39
1.205477339823676084e+04 1.597504919030047415e-39
1.262232600836423626e+04 1.530035244842806870e-39
1.321659964879408471e+04 1.465740072437257143e-39
1.383885237639659317e+04 1.404402739924815093e-39
1.449040147880788754e+04 1.345774807703112035e-39
1.517262626308258768e+04 1.289730480080045451e-39
1.588697097563942225e+04 1.236150167487173465e-39
1.663494785968126598e+04 1.184925194895331295e-39
1.741814035656200576e+04 1.135964560224786001e-39
1.823820645787747708e+04 1.089164197931031895e-39
1.909688221537667778e+04 1.044423512869133907e-39
1.999598541612363988e+04 1.001647715047547319e-39
2.093741943069017725e+04 9.612547223826670946e-40
2.192317724252595144e+04 9.232480076534547935e-40
2.295534566703593373e+04 8.873557173903204775e-40
2.403610976929689787e+04 8.534476241349636887e-40
2.516775748976507020e+04 8.214031277396506704e-40
2.635268448776744117e+04 7.911010408671518371e-40
2.759339921303021038e+04 7.623268035116041606e-40
2.889252821598064475e+04 7.346059713582417663e-40
3.025282170806404611e+04 7.076185429559170121e-40
3.167715938384685069e+04 6.813917455458738101e-40
3.316855651723104529e+04 6.565941494725378232e-40
3.473017034468537895e+04 6.326860337732653940e-40
3.636530674900644226e+04 6.102019959482572232e-40
3.807742725775892177e+04 5.890643385125406319e-40
3.987015637121046166e+04 5.686180421151427773e-40
4.174728923527416919e+04 5.488166093090761541e-40
4.371279967570203735e+04 5.301891521663571173e-40
4.577084861053751229e+04 5.121875138749493772e-40
4.792579285863593395e+04 4.950479225589907880e-40
5.018219436290030717e+04 4.793160773106342443e-40
5.254482984775764635e+04 4.646545413256235706e-40
5.501870093132035981e+04 4.514036176633935012e-40
5.760904471364016354e+04 4.384504100102701930e-40
6.032134486346790072e+04 4.256540853284478368e-40
6.316134322699320910e+04 4.137678490474368882e-40
6.613505198313463188e+04 4.032850224220389851e-40
6.924876637111596938e+04 3.930687008100734449e-40
7.250907801727128390e+04 3.831262196204119296e-40
7.592288888929136738e+04 3.736791237521044662e-40
7.949742590745203779e+04 3.645823525939132687e-40
8.324025624375595362e+04 3.557515075553636168e-40
8.715930334137572208e+04 3.483985405506858509e-40
9.126286368831063737e+04 3.413698347312601974e-40
9.555962438076670514e+04 3.346210334337066001e-40
1.000586815134406643e+05 3.281423945092426870e-40
1.047695594356398069e+05 3.219911421512593896e-40
1.097022309140021098e+05 3.161839661474797924e-40
1.148671382445004274e+05 3.107174118051273448e-40
1.202752153584240732e+05 3.055911007983511868e-40
1.259379109691356425e+05 3.009845781885492843e-40
1.318672128086035955e+05 2.973453442124587549e-40
1.380756730050188489e+05 2.946182102476132650e-40
1.445764346552186762e+05 2.927485553628117982e-40
1.513832596481709334e+05 2.916814638091764579e-40
1.585105577984200208e+05 2.913526681601964292e-40
1.659734173511689878e+05 2.893697760143229748e-40
1.737876369235760067e+05 2.828666254187456742e-40
1.819697589498837478e+05 2.717681019747809696e-40
1.905371047011842602e+05 2.562081149421216654e-40
1.995078109539543802e+05 2.365110598762584871e-40
2.089008683849881636e+05 2.132291338468000248e-40
2.187361617740068468e+05 1.872403863581502727e-40
2.290345120990541764e+05 1.586741693032198757e-40
2.398177206137911417e+05 1.129728216350334362e-40
2.511086150000001362e+05 7.538530165018082473e-41
