5.109905999999998913e-04 5.432943611860563861e-36
5.351022505658054908e-04 7.281149436881149147e-36
5.603516357455311453e-04 9.183101872872733061e-36
5.867924407917957932e-04 1.094016449177275386e-35
6.144808841546056883e-04 1.271574969871072239e-35
6.434758370130401646e-04 1.446544794963212336e-35
6.738389484471793639e-04 1.606157355942337706e-35
7.056347765164014321e-04 1.746401323822596817e-35
7.389309255227506168e-04 1.865724165250844022e-35
7.737981897512360117e-04 1.975119154125117156e-35
8.103107039926617586e-04 2.076382911398124723e-35
8.485461011690540812e-04 2.171457167205354082e-35
8.885856773968073795e-04 2.269011732695308142e-35
9.305145648385165780e-04 2.374197131571618456e-35
9.744219127110193392e-04 2.490046679835728162e-35
1.020401076834493402e-03 2.609951974332733886e-35
1.068549818125634748e-03 2.724034226663652764e-35
1.118970510456963321e-03 2.834584371595505295e-35
1.171770358324183189e-03 2.941010939820533317e-35
1.227061624784430132e-03 3.038348023607133362e-35
1.284961870150024780e-03 3.137318793952013950e-35
1.345594201945250539e-03 3.249217722177511256e-35
1.409087536657628115e-03 3.343557027491541823e-35
1.475576873840191540e-03 3.419825110090012285e-35
1.545203583147600505e-03 3.512753971729788907e-35
1.618115704916350166e-03 3.605649031952613475e-35
1.694468264928188301e-03 3.680395666956320344e-35
1.774423604026002192e-03 3.753392718602070934e-35
1.858151723282977291e-03 3.834224851097853809e-35
1.945830645458940158e-03 3.936925611432371176e-35
2.037646793512432573e-03 4.024581406271204145e-35
2.133795386973263292e-03 4.070283443044802474e-35
2.234480857018364755e-03 4.131035940312434860e-35
2.339917281133423784e-03 4.208054711687327666e-35
2.450328838284531949e-03 4.267596469927439602e-35
2.565950285567582170e-03 4.325325414389567289e-35
2.687027457348892083e-03 4.392735468379247389e-35
2.813817787958342378e-03 4.460603541020249997e-35
2.946590859046345143e-03 4.522818027266090528e-35
3.085628972768441735e-03 4.570612784120878809e-35
3.231227752016275351e-03 4.626965891276547594e-35
3.383696768971091503e-03 4.702025355957877894e-35
3.543360203316220803e-03 4.764012997247234787e-35
3.710557531508055194e-03 4.812489961376292982e-35
3.885644248571031543e-03 4.858689936381316774e-35
4.068992623951280842e-03 4.906988920905608210e-35
4.260992493036061535e-03 4.956477620476153907e-35
4.462052086021932838e-03 4.989016312718853975e-35
4.672598895893948466e-03 5.013152969393707428e-35
4.893080587361392335e-03 5.047811665481072013e-35
5.123965948682685650e-03 5.079864035573093181e-35
5.365745888403153883e-03 5.103913552746858033e-35
5.618934479124955764e-03 5.125136151679243503e-35
5.884070050528450273e-03 5.143287648615375692e-35
6.161716333969021082e-03 5.157009645985905520e-35
6.452463661082828532e-03 5.167390992716475694e-35
6.756930218950209059e-03 5.175658526731012432e-35
7.075763364485292313e-03 5.185051859058280315e-35
7.409641000846513628e-03 5.192495285838248753e-35
7.759273018794548074e-03 5.193641016772014335e-35
8.125402806062371683e-03 5.188511079102596683e-35
8.508808827946523490e-03 5.178435030047183749e-35
8.910306282480302820e-03 5.168208539173635279e-35
9.330748833708185641e-03 5.154742068157324185e-35
9.771030426746639755e-03 5.134388628728632375e-35
1.023208718849053823e-02 5.109261441797571164e-35
1.071489941800658416e-02 5.080069258214050547e-35
1.122049367084553689e-02 5.046890712660258517e-35
1.174994494170504729e-02 5.008845144080885333e-35
1.230437895008377330e-02 4.965081771638072036e-35
1.288497453378663685e-02 4.915750484128855876e-35
1.349296615537021876e-02 4.861011260655997516e-35
1.412964652685754462e-02 4.801065085553546593e-35
1.479636935830285979e-02 4.735121215105362624e-35
1.549455223605050551e-02 4.662491135155765790e-35
1.622567963680753358e-02 4.583512585591288174e-35
1.699130608393867661e-02 4.498549028533849176e-35
1.779305945269454153e-02 4.407987000995239490e-35
1.863264443140056487e-02 4.313254562841974478e-35
1.951184614596603722e-02 4.215654005156159299e-35
2.043253395541946502e-02 4.115474981131728160e-35
2.139666542654053427e-02 4.012995433880954088e-35
2.240629049603927447e-02 3.908527580662705968e-35
2.346355582913236051e-02 3.801919605390474681e-35
2.457070938378349417e-02 3.693099143389813325e-35
2.573010519031251539e-02 3.582430274674900984e-35
2.694420835653561774e-02 3.470273995435553942e-35
2.821560030907848543e-02 3.356985587835351188e-35
2.954698428200664556e-02 3.241682357529177628e-35
3.094119106444276346e-02 3.123759405171964574e-35
3.240118501939158457e-02 3.003802003988503547e-35
3.393007038656974811e-02 2.882366186656159873e-35
3.553109788264142976e-02 2.760043192037186222e-35
3.720767161289340735e-02 2.637284655695461534e-35
3.896335630904501635e-02 2.514548942888843548e-35
4.080188490858222689e-02 2.392361810653974599e-35
4.272716649173065318e-02 2.271220221958145188e-35
4.474329459294350275e-02 2.151589877199825029e-35
4.685455590457617003e-02 2.034197354214741338e-35
4.906543939125311560e-02 1.919629103290639279e-35
5.138064583430631410e-02 1.808147346688009411e-35
5.380509782657820483e-02 1.699954590574122572e-35
5.634395023884071485e-02 1.595289520592104166e-35
5.900260118008320009e-02 1.494159234281673977e-35
6.178670347497431520e-02 1.396603911937977348e-35
6.470217668289951485e-02 1.302785558033781284e-35
6.775521968413102114e-02 1.212832600086172105e-35
7.095232385988924084e-02 1.126841184161956925e-35
7.430028689431984745e-02 1.044919763060860131e-35
7.780622722773299083e-02 9.671273487856153584e-36
8.147759919183324151e-02 8.934482040292842297e-36
8.532220885912310260e-02 8.238092979286199107e-36
8.934823064017720362e-02 7.582070229243875417e-36
9.356422466407696148e-02 6.966426997295912449e-36
9.797915497896103609e-02 6.390623785614680026e-36
1.026024086113871830e-01 5.853302552098043571e-36
1.074438155250325017e-01 5.353017825810743782e-36
1.125136695211657323e-01 4.888266969230725251e-36
1.178227501253312076e-01 4.460958616013628973e-36
1.233823455067808994e-01 4.071023656256048451e-36
1.292042764793840393e-01 3.715221668729312519e-36
1.353009216350456734e-01 3.390168122828341226e-36
1.416852436630746392e-01 3.093835729406344436e-36
1.483708169114574538e-01 2.827960444598580461e-36
1.553718562486432475e-01 2.592103133231039308e-36
1.627032472872023683e-01 2.382491459537211233e-36
1.703805780336209441e-01 2.195871414964845024e-36
1.784201720315276019e-01 2.029439172950611377e-36
1.868391230688169757e-01 1.882349187297497881e-36
1.956553315224692502e-01 1.753222994572887210e-36
2.048875424183384253e-01 1.639560608787706055e-36
2.145553852868327671e-01 1.538822081870597277e-36
2.246794158992315438e-01 1.449961112360458077e-36
2.352811599733721781e-01 1.370423339740744800e-36
2.463831589416415613e-01 1.298392271931205348e-36
2.580090178785776067e-01 1.233092659625906741e-36
2.701834556899873618e-01 1.173842702038320933e-36
2.829323576702956755e-01 1.120034552827489792e-36
2.962828305398664264e-01 1.069963118831901953e-36
3.102632600793238105e-01 1.022518794300079736e-36
3.249033714834093090e-01 9.774235115171662238e-37
3.402342925627013237e-01 9.340425648530621093e-37
3.562886199275802634e-01 8.928885259929329319e-37
3.731004882951532431e-01 8.538062014205380298e-37
3.907056430665015734e-01 8.166616274388768034e-37
4.091415163285695433e-01 7.813506972126163426e-37
4.284473064422786859e-01 7.477754929919754990e-37
4.486640613861012095e-01 7.158438006418032308e-37
4.698347660322865771e-01 6.854603421144788238e-37
4.920044335413121805e-01 6.565377606035499275e-37
5.152202010688861078e-01 6.288825301770777512e-37
5.395314299889818477e-01 6.020186795780651139e-37
5.649898108460146284e-01 5.764271090300231508e-37
5.916494732592958439e-01 5.520637587928073540e-37
6.195671010134483625e-01 5.288774598834036907e-37
6.488020525794963023e-01 5.068052518701666245e-37
6.794164873228638601e-01 4.857879043313674493e-37
7.114754976666469721e-01 4.657694999764212269e-37
7.450472474911470355e-01 4.466807193488406067e-37
7.802031170639373014e-01 4.284635501628919075e-37
8.170178548086197701e-01 4.109802813561840039e-37
8.555697362349511392e-01 3.938989480036263424e-37
8.959407303682592749e-01 3.775909710378473488e-37
9.382166740320224685e-01 3.620010130566032839e-37
9.824874543541506355e-01 3.470847510977563283e-37
1.028847199885037256e+00 3.328119882429710376e-37
1.077394480733718574e+00 3.191539411617511854e-37
1.128232518147672891e+00 3.060831696376421387e-37
1.181469403981886268e+00 2.935735099291076466e-37
1.237218330523786936e+00 2.816000117339865402e-37
1.295597831162739855e+00 2.700701883320198119e-37
1.356732032415780997e+00 2.587679151050755302e-37
1.420750917845463146e+00 2.479446847886029998e-37
1.487790604430966113e+00 2.375800076366210830e-37
1.557993631980060023e+00 2.276542871548982030e-37
1.631509266197310737e+00 2.181487794105418058e-37
1.708493816052874426e+00 2.090455543335056072e-37
1.789110966126685076e+00 2.003274589044433795e-37
1.873532124634685880e+00 1.919780821293100831e-37
1.961936787877028854e+00 1.839817217066339293e-37
2.054512921883192345e+00 1.762788061929619252e-37
2.151457362065420487e+00 1.687502697899364624e-37
2.252976231730246415e+00 1.615530931132877716e-37
2.359285380337960980e+00 1.546722458092682486e-37
2.470610842441811617e+00 1.480933995769672617e-37
2.587189318282751671e+00 1.418028944502748854e-37
2.709268677061601682e+00 1.357877067417483470e-37
2.837108483958620031e+00 1.300354185646177423e-37
2.970980552021110110e+00 1.245341888532353558e-37
3.111169520092418761e+00 1.192727258065786864e-37
3.257973458011146572e+00 1.142155035878486694e-37
3.411704500367377157e+00 1.093003014327928359e-37
3.572689510163339133e+00 1.046092903085834684e-37
3.741270773789671100e+00 1.001317351287988885e-37
3.917806728794869908e+00 9.585734982480711480e-38
4.102672725995334169e+00 9.177638011287162571e-38
4.296261827546445033e+00 8.787957362274820867e-38
4.498985642671437191e+00 8.415815186718224704e-38
4.711275202825127018e+00 8.060378392760793911e-38
4.933581878153140643e+00 7.720856174062915356e-38
5.166378337195281389e+00 7.395106549896912086e-38
5.410159551873600314e+00 7.079414600453775007e-38
5.665443849901839357e+00 6.776524642453835796e-38
5.932774016854085453e+00 6.485774929448246584e-38
6.212718450235599654e+00 6.206717757669452693e-38
6.505872368009854689e+00 5.938921140976360136e-38
6.812859074151180749e+00 5.681968188833323620e-38
7.134331283913971866e+00 5.435456517074967254e-38
7.470972511636032820e+00 5.198997689607012250e-38
7.823498524027068690e+00 4.972216689268500297e-38
8.192658862032191180e+00 4.754034281062434076e-38
8.579238434506079258e+00 4.542837045375387662e-38
8.984059187086526066e+00 4.341062690750572091e-38
9.407981849815646669e+00 4.148531954516589068e-38
9.851907767224304280e+00 3.964806526176369690e-38
1.031678081477127051e+01 3.789469992412053972e-38
1.080358940571164794e+01 3.622126657719778084e-38
1.131336859266139605e+01 3.462400435016033287e-38
1.184720226832669709e+01 3.309933801597155186e-38
1.240622547007699517e+01 3.164386816174166166e-38
1.299162679326200021e+01 3.025081393107654281e-38
1.360465091840343632e+01 2.891138961891979526e-38
1.424660125763531759e+01 2.763198796122834882e-38
1.491884272601942563e+01 2.640846187064652932e-38
1.562280464362808452e+01 2.523839265673169202e-38
1.635998377456512287e+01 2.411947688855415898e-38
1.713194750938641420e+01 2.304950932602301647e-38
1.794033719768607682e+01 2.202637874709558506e-38
1.878687163793476245e+01 2.104806395386610256e-38
1.967335073198955797e+01 2.011262994970298564e-38
2.060165931204617351e+01 1.921654572457839007e-38
2.157377114816966213e+01 1.835560993376515397e-38
2.259175314492520315e+01 1.753285976142152301e-38
2.365776973603155398e+01 1.674712378543382652e-38
2.477408748638057290e+01 1.599678483809064935e-38
2.594307991120852819e+01 1.528023982855840127e-38
2.716723252266526245e+01 1.459595877298869654e-38
2.844914811451080539e+01 1.394248142701361511e-38
2.979155229617660083e+01 1.331841407563954779e-38
3.119729928795756280e+01 1.272242647302178815e-38
3.266937798965599882e+01 1.215248018211558306e-38
3.421091833558178052e+01 1.160636535653529246e-38
3.582519794941976699e+01 1.108489461933942676e-38
3.751564911311483996e+01 1.058657737217642578e-38
3.928586606459069230e+01 1.011026555109216416e-38
4.113961263982012184e+01 9.655005697223759711e-39
4.308083027549475474e+01 9.219884920017017715e-39
4.511364638930884752e+01 8.804029196037016336e-39
4.724238315567657764e+01 8.406601738562533903e-39
4.947156669554129849e+01 8.026801435018264438e-39
5.180593669981507787e+01 7.663494579360629935e-39
5.425045650691175325e+01 7.315520619393026229e-39
5.681032365579875432e+01 6.983073635553877267e-39
5.949098093700699508e+01 6.666029930082285886e-39
6.229812796509351358e+01 6.364266384819566030e-39
6.523773329716448188e+01 6.077009045035234214e-39
6.831604712322406670e+01 5.803524819205651665e-39
7.153961455533010394e+01 5.543119788565707235e-39
7.491528954381422523e+01 5.295136977003597601e-39
7.845024945015425999e+01 5.058954257019063086e-39
8.215201030748205824e+01 4.833791395888097584e-39
8.602844280117649589e+01 4.618891996495344373e-39
9.008778900351839525e+01 4.414168639782705375e-39
9.433867989798672227e+01 4.218839742185702982e-39
9.879015373045974968e+01 4.031564802715824514e-39
1.034516752263365902e+02 3.851965898930011663e-39
1.083331557144408492e+02 3.679756454216767172e-39
1.134449742004906057e+02 3.514660566518767536e-39
1.187979994349450124e+02 3.356412480531896901e-39
1.244036130221464731e+02 3.204756097895601968e-39
1.302737336198908622e+02 3.059326750902044421e-39
1.364208422808829937e+02 2.919777699083059988e-39
1.428580089899567156e+02 2.786136862095137408e-39
1.495989204534799626e+02 2.658211262914571017e-39
1.566579092000364142e+02 2.536140351344963344e-39
1.640499840542527181e+02 2.419757251156100367e-39
1.717908620485684708e+02 2.308790823757915961e-39
1.798970018407949567e+02 2.202983751523325095e-39
1.883856387085205597e+02 2.102091746099377997e-39
1.972748211947659911e+02 2.005882807713688632e-39
2.065834494828011998e+02 1.914044710186859670e-39
2.163313155817234303e+02 1.826293149949326514e-39
2.265391454082361804e+02 1.742619316323065351e-39
2.372286428540986662e+02 1.662832181284966833e-39
2.484225359329501828e+02 1.586683797698903044e-39
2.601446251046232305e+02 1.513953081315874430e-39
2.724198338796873600e+02 1.444489508712485798e-39
2.852742618118293194e+02 1.378149122093024349e-39
2.987352399907328504e+02 1.314794239970619142e-39
3.128313891534547793e+02 1.254293181116950924e-39
3.275926805378438189e+02 1.196431694565647236e-39
3.430504996073998996e+02 1.141026194630954117e-39
3.592377127830607151e+02 1.088135037039148574e-39
3.761887373237950669e+02 1.037646499980283112e-39
3.939396145045940330e+02 9.894315673917142230e-40
4.125280862474463106e+02 9.433339482451760639e-40
4.319936753682230233e+02 8.992638467416267028e-40
4.523777696101070660e+02 8.571382369641097295e-40
4.737237096422273339e+02 8.168772230239553349e-40
4.960768812106099404e+02 7.784039300901738413e-40
5.194848116373636913e+02 7.415450869504537816e-40
5.439972708732931324e+02 7.061679502891241137e-40
5.696663773187914330e+02 6.723893968748613864e-40
5.965467086379964030e+02 6.401419129152239652e-40
6.246954178018449966e+02 6.093619714647343334e-40
6.541723546067457846e+02 5.799984471542512983e-40
6.850401929272323969e+02 5.519920522302955492e-40
7.173645639731832944e+02 5.252831028761801250e-40
7.512141958349304787e+02 4.998144136248549167e-40
7.866610596129429496e+02 4.755311958017709538e-40
8.237805224428150268e+02 4.522536025888471064e-40
8.626515077408957950e+02 4.298639270827401494e-40
9.033566630112946996e+02 4.085398476170442217e-40
9.459825355710266876e+02 3.882329963102108761e-40
9.906197565669565392e+02 3.688968101668776225e-40
1.037363233675784841e+03 3.504526159766435092e-40
1.086312352896774655e+03 3.328405641186804458e-40
1.137571189866308941e+03 3.160283964836520226e-40
1.191248731143555005e+03 2.999848699969398889e-40
1.247459105937716231e+03 2.846797291629176580e-40
1.306321828769607464e+03 2.698809842627630095e-40
1.367962053583483794e+03 2.552210767317995593e-40
1.432510839849390550e+03 2.415303591822684786e-40
1.500105431221869821e+03 2.288924606152130750e-40
1.570889547347465850e+03 2.167671578081100701e-40
1.645013689441507267e+03 2.053265474388347357e-40
1.722635460283830071e+03 1.941538101916801526e-40
1.803919899313879569e+03 1.830908219829702838e-40
1.889039833537641016e+03 1.724668831099607784e-40
1.978176244992466536e+03 1.626670142928217802e-40
2.071518655551163192e+03 1.526420758799349766e-40
2.169265529883485669e+03 1.429810432956603589e-40
2.271624697431770983e+03 1.339515962075520904e-40
2.378813794297995173e+03 1.251944255605774336e-40
2.491060725981728410e+03 1.166515520633116138e-40
2.608604151952919892e+03 1.084966562653715279e-40
2.731693993089723335e+03 1.009419909414581712e-40
2.860591963060380294e+03 9.392165274996814172e-41
2.995572124778942907e+03 8.723860682062352027e-41
3.136921473117912683e+03 8.074809826417784763e-41
3.284940545116868179e+03 7.418199336619024578e-41
3.439944058984455296e+03 6.746664699659799307e-41
3.602261583252326091e+03 6.117585016771658545e-41
3.772238237503898745e+03 5.526932029891295318e-41
3.950235426167772857e+03 4.979815594806528383e-41
4.136631606935922719e+03 4.474739328797527411e-41
4.331823095440619909e+03 3.986079547155213299e-41
4.536224907900864309e+03 3.530981057323563157e-41
4.750271643530075380e+03 3.072088704300364632e-41
4.974418408581046606e+03 2.630361162164558025e-41
5.209141783993067293e+03 2.206743094543317434e-41
5.454940838698536936e+03 1.812044747899071792e-41
5.712338190743456835e+03 1.446998104759784026e-41
5.981881118478152530e+03 1.120943296413127832e-41
6.264142724180759615e+03 8.405693038515011450e-42
6.559723152587434015e+03 5.971332667742307433e-42
6.869250866920370754e+03 4.000149773223429687e-42
7.193383985126532025e+03 2.487322162103305845e-42
7.532811679168334194e+03 1.401032610074540339e-42
7.888255640341260005e+03 6.975962383514154489e-43
8.260471613734212951e+03 3.081476311619731520e-43
8.650251005095071378e+03 1.263928450632509253e-43
9.058422563517800882e+03 5.239566226251810427e-44
9.485854143529144494e+03 1.918200720498496000e-44
9.933454550321323040e+03 6.158125954809393549e-45
1.040217547205387382e+04 0.000000000000000000e+00
1.089301350333341361e+04 0.000000000000000000e+00
1.140701226417357611e+04 0.000000000000000000e+00
1.194526461894024033e+04 0.000000000000000000e+00
1.250891500000001179e+04 0.000000000000000000e+00
