5.109905999999998913e-04 2.504929686678996143e-33
5.350769690522533695e-04 3.022963201697211411e-33
5.602986880974839207e-04 3.582346088162255836e-33
5.867092736953588399e-04 4.158408444444536404e-33
6.143647649952105718e-04 4.758344381164214158e-33
6.433238426423838275e-04 5.340578273326336387e-33
6.736479532894256795e-04 5.825308215235704530e-33
7.054014399763124674e-04 6.235606276149212200e-33
7.386516786563596245e-04 6.588606981895200383e-33
7.734692211575007774e-04 6.906152860123437457e-33
8.099279448822781051e-04 7.185346429113797769e-33
8.481052095641885245e-04 7.420388033189283349e-33
8.880820214129806541e-04 7.625902126540218670e-33
9.299432049972272251e-04 7.808987230740628542e-33
9.737775832288397869e-04 7.974543360510116439e-33
1.019678165831457714e-03 8.114560154936742206e-33
1.067742346692595636e-03 8.218034332570552199e-33
1.118072110518304046e-03 8.292167950053512959e-33
1.170774249228831877e-03 8.342483615137958157e-33
1.225960588554448998e-03 8.380368080146634654e-33
1.283748225312229515e-03 8.405477054027568711e-33
1.344259775867260838e-03 8.415816398251696104e-33
1.407623636305473363e-03 8.411984906494688823e-33
1.473974254870137005e-03 8.393915086678667198e-33
1.543452417240095400e-03 8.359970814175190186e-33
1.616205545255048476e-03 8.316317262901522394e-33
1.692388009721736619e-03 8.269551320751177055e-33
1.772161457964750286e-03 8.221191576277629387e-33
1.855695156816976809e-03 8.161056424077905165e-33
1.943166351777457718e-03 8.056945330203928659e-33
2.034760643098732294e-03 7.932141499098744581e-33
2.130672379601665327e-03 7.808386321965857764e-33
2.231105071053386419e-03 7.682294490420115988e-33
2.336271819983298283e-03 7.554887995312490721e-33
2.446395773853484411e-03 7.430915197879140300e-33
2.561710598542836850e-03 7.295418115023214891e-33
2.682460974149691261e-03 7.138375930450724889e-33
2.808903114164863508e-03 6.969917329405457256e-33
2.941305309116784214e-03 6.797927468872908257e-33
3.079948495842213963e-03 6.634595763790987051e-33
3.225126853590455731e-03 6.474836802254102167e-33
3.377148428225904345e-03 6.312847134242350808e-33
3.536335785853396939e-03 6.132893850976567553e-33
3.703026697253245913e-03 5.939890128781012801e-33
3.877574854578231915e-03 5.748988023496196800e-33
4.060350621833264464e-03 5.561509484279208701e-33
4.251741820730119137e-03 5.377765373878083959e-33
4.452154553584707422e-03 5.196814939140179541e-33
4.662014065002944782e-03 5.020491843726648934e-33
4.881765644183574254e-03 4.852132601999860889e-33
5.111875569752489211e-03 4.684159327768999967e-33
5.352832099133381268e-03 4.515028194957031030e-33
5.605146504553896146e-03 4.356372186472281543e-33
5.869354157885751586e-03 4.204950724683389824e-33
6.146015666620377287e-03 4.053253240472416710e-33
6.435718063390794344e-03 3.901514555480222461e-33
6.739076051563338762e-03 3.751389309249673684e-33
7.056733309542568590e-03 3.609320532573632898e-33
7.389363856556483215e-03 3.472612405513041120e-33
7.737673482820454224e-03 3.336480493868695453e-33
8.102401247114062247e-03 3.200198629684676114e-33
8.484321044948754317e-03 3.064420093458486457e-33
8.884243250653588164e-03 2.932410018792132538e-33
9.303016436863343133e-03 2.804991005916345950e-33
9.741529175057491580e-03 2.682589744325208187e-33
1.020071192097048683e-02 2.563604358208436845e-33
1.068153898887392109e-02 2.447533382738083489e-33
1.118503061891966410e-02 2.334482672652101772e-33
1.171225514193056580e-02 2.225103899605848424e-33
1.226433124623207971e-02 2.120080124642024469e-33
1.284243035133465077e-02 2.019283411795721257e-33
1.344777909350350527e-02 1.922559728947091747e-33
1.408166192848971446e-02 1.829811429678525949e-33
1.474542385694528786e-02 1.740724677942216102e-33
1.544047327830506793e-02 1.654974247475081475e-33
1.616828497919098329e-02 1.572504901238443525e-33
1.693040326267956572e-02 1.493265183546823111e-33
1.772844522507256368e-02 1.417199076801765970e-33
1.856410418712345009e-02 1.344664148800280960e-33
1.943915328700031656e-02 1.276035082908151589e-33
2.035544924260891328e-02 1.211090519933817811e-33
2.131493629125891243e-02 1.149600524055086181e-33
2.231965031503260408e-02 1.091391297142680987e-33
2.337172316060964761e-02 1.035696025707889722e-33
2.447338716271368550e-02 9.817295980682588254e-34
2.562697988077896130e-02 9.295327166740362409e-34
2.683494905888735710e-02 8.791433393063398625e-34
2.809985781950014028e-02 8.305896471073807028e-34
2.942439010200461821e-02 7.842393472354442265e-34
3.081135635761549779e-02 7.404573559460889951e-34
3.226369951271467612e-02 6.991057151974303630e-34
3.378450121328264999e-02 6.600353926253410946e-34
3.537698836367138971e-02 6.231389318527557756e-34
3.704453997359271472e-02 5.884155889166163243e-34
3.879069432785072630e-02 5.558719275608931337e-34
4.061915649403101403e-02 5.253562288274971777e-34
4.253380618407711505e-02 4.967292643000581955e-34
4.453870598643493162e-02 4.698624755673264673e-34
4.663810998623274529e-02 4.444441232379832549e-34
4.883647279178727346e-02 4.201678707888344982e-34
5.113845898658872513e-02 3.970019292071525255e-34
5.354895302682058378e-02 3.749013044459695938e-34
5.607306960541476315e-02 3.538484057754218871e-34
5.871616450463349596e-02 3.339923707269079763e-34
6.148384596020513987e-02 3.154813550797603290e-34
6.438198656112696650e-02 2.982109339071384798e-34
6.741673571038436785e-02 2.820861492564341685e-34
7.059453267302624735e-02 2.670201282000795993e-34
7.392212023928261544e-02 2.528701137511507994e-34
7.740655903171522745e-02 2.394994771617006913e-34
8.105524248675909094e-02 2.268632541022246472e-34
8.487591254244304662e-02 2.149089781368306753e-34
8.887667606557649036e-02 2.036086281417025182e-34
9.306602205325817390e-02 1.929729380392347735e-34
9.745283964520592979e-02 1.830152330613959015e-34
1.020464369851266928e-01 1.736853520868259410e-34
1.068565609711477349e-01 1.649372073574723376e-34
1.118934179372165771e-01 1.567285525642543308e-34
1.171676953093517409e-01 1.490360375692319804e-34
1.226905842826969267e-01 1.418396066751179751e-34
1.284738035674932444e-01 1.351010252142841649e-34
1.345296242543578824e-01 1.287776863163002869e-34
1.408708958516269039e-01 1.228468886648116570e-34
1.475110735500108627e-01 1.172272835734705157e-34
1.544642467724139101e-01 1.118375129071046736e-34
1.617451690694947652e-01 1.066695806665380078e-34
1.693692894244034075e-01 1.017162011204767468e-34
1.773527850331173827e-01 9.697027289491726804e-35
1.857125956299319758e-01 9.244815091059314245e-35
1.944664594309382100e-01 8.816703556322400395e-35
2.036329507717547505e-01 8.411247547315020483e-35
2.132315195193752733e-01 8.026519813021065732e-35
2.232825323417568508e-01 7.661909488893012127e-35
2.338073159227176123e-01 7.316609019304539213e-35
2.448282022138380254e-01 6.989853524122034910e-35
2.563685758193842701e-01 6.680465726440702977e-35
2.684529236147963904e-01 6.387385894186650502e-35
2.811068867040242836e-01 6.109642807705502798e-35
2.943573148259567285e-01 5.845503685970495827e-35
3.082323233253854711e-01 5.593251367262580930e-35
3.227613528093892237e-01 5.352310044972501791e-35
3.379752316157146885e-01 5.121731949433655220e-35
3.539062412257093504e-01 4.901461090331397434e-35
3.705881847605968504e-01 4.690610969144438246e-35
3.880564587064354587e-01 4.488296433417855466e-35
4.063481280199487955e-01 4.294194708539075179e-35
4.255020047745913248e-01 4.108013810794278462e-35
4.455587305137233556e-01 3.929474600856892450e-35
4.665608624856365516e-01 3.758961199212211899e-35
4.885529639434064708e-01 3.596875454495772451e-35
5.115816987011753136e-01 3.442739224952463041e-35
5.356959301474979451e-01 3.295830595826381168e-35
5.609468249258419137e-01 3.156049864088982190e-35
5.873879615022361556e-01 3.022526915117119361e-35
6.150754438504314470e-01 2.894394072465961292e-35
6.440680204957945909e-01 2.771448313405685615e-35
6.744272091705296734e-01 2.653505023182426741e-35
7.062174273447244799e-01 2.540385172647731318e-35
7.395061289101898527e-01 2.431785022790939933e-35
7.743639473071117774e-01 2.327391919642727699e-35
8.108648453972104875e-01 2.227053158046224512e-35
8.490862724014169860e-01 2.130442075882701269e-35
8.891093282350521765e-01 2.037628625008692916e-35
9.310189355892201091e-01 1.948543437419499027e-35
9.749040201235308345e-01 1.863123730258126189e-35
1.020857699152501130e+00 1.781230277382771170e-35
1.068977479225992733e+00 1.702734301661047507e-35
1.119365463022925278e+00 1.627510144973496233e-35
1.172128565997259342e+00 1.555431098824032728e-35
1.227378743235937764e+00 1.486374944993184777e-35
1.285233227010144086e+00 1.420245607203058351e-35
1.345814775523922924e+00 1.357039224299668697e-35
1.409251933387971389e+00 1.296799060518147490e-35
1.475679304371281919e+00 1.239378392720887788e-35
1.545237837009376225e+00 1.184638243612254796e-35
1.618075123675146054e+00 1.132446943639618584e-35
1.694345713746881810e+00 1.082683223924884658e-35
1.774211441537982603e+00 1.035231349032822291e-35
1.857841769684164701e+00 9.899783736926261714e-36
1.945414148716781977e+00 9.468172149099629846e-36
2.037114393585215844e+00 9.056358812776725188e-36
2.133137077927258485e+00 8.661287605441638792e-36
2.233685946924066634e+00 8.282583204622048326e-36
2.338974349615711823e+00 7.919605003040223395e-36
2.449225691594602683e+00 7.571737011754014451e-36
2.564673909037366695e+00 7.238386838503645021e-36
2.685563965080979720e+00 6.919008322041384691e-36
2.812152369596392809e+00 6.613070235322108808e-36
2.944707723462526516e+00 6.320039686824285708e-36
3.083511288495502711e+00 6.039404163632053392e-36
3.228857584242415424e+00 5.770669370445281274e-36
3.381055012905937573e+00 5.513535832708764060e-36
3.540426513725765112e+00 5.268287561444677365e-36
3.707310248205385683e+00 5.034353511572755644e-36
3.882060317638123426e+00 4.811192171274161933e-36
4.065047514454934507e+00 4.598289859720756577e-36
4.256660108988194580e+00 4.395165207536087472e-36
4.457304673320875210e+00 4.201359814798882071e-36
4.667406943969181654e+00 4.016432895453730379e-36
4.887412725229135724e+00 3.839965828948995495e-36
5.117788835103850076e+00 3.671550052179601481e-36
5.359024095818658573e+00 3.510341712253297232e-36
5.611630371025686514e+00 3.356161534606731836e-36
5.876143651898880549e+00 3.208701731877379470e-36
6.153125194423712863e+00 3.067669464752954124e-36
6.443162710295065487e+00 2.932785956379997476e-36
6.746871613949812385e+00 2.803798164931278043e-36
7.064896328380512180e+00 2.680461755398724827e-36
7.397911652500524404e+00 2.562532377431017117e-36
7.746624192962322297e+00 2.449776984462690565e-36
8.111773863466636314e+00 2.341966870012113385e-36
8.494135454744217384e+00 2.238611257587107125e-36
8.894520278540966274e+00 2.139557511579394261e-36
9.313777889095240070e+00 2.044635586627749650e-36
9.752797885759488139e+00 1.953682855574960130e-36
1.021251180059164909e+01 1.866543333898283013e-36
1.069389507492105906e+01 1.783067947006481010e-36
1.119796912908295283e+01 1.703113407040575539e-36
1.172580352971349171e+01 1.626541527421594551e-36
1.227851825920340723e+01 1.553219527617550300e-36
1.285728609212638673e+01 1.483015941336219346e-36
1.346333508368387299e+01 1.415825611169022862e-36
1.409795117544714493e+01 1.351809854281049899e-36
1.476248092392483180e+01 1.290816229459144246e-36
1.545833435774634168e+01 1.232695937310424289e-36
1.618698796952276098e+01 1.177307917365156296e-36
1.694998784873447661e+01 1.124520029720097672e-36
1.774895296229198749e+01 1.074206534777730907e-36
1.858557858973183130e+01 1.026246718686745297e-36
1.946163992033543266e+01 9.805260632735231937e-37
2.037899581980457953e+01 9.369336793534999874e-37
2.133959277448463254e+01 8.952876493516551907e-37
2.234546902150571057e+01 8.554798634620000354e-37
2.339875887360410900e+01 8.174259869828097675e-37
2.450169724780186087e+01 7.810494563670348208e-37
2.565662440755220786e+01 7.462770206838056485e-37
2.686599092841451508e+01 7.130391764461649641e-37
2.813236289779379362e+01 6.812692717500257861e-37
2.945842735977835858e+01 6.509030271837237300e-37
3.084699801662926433e+01 6.218789544657000268e-37
3.230102119901783908e+01 5.941370076675697266e-37
3.382358211768097078e+01 5.675985322952041393e-37
3.541791140975727359e+01 5.422561455376030009e-37
3.708739199369649953e+01 5.180570483161658780e-37
3.883556624728500850e+01 4.949491253430884027e-37
4.066614352402036303e+01 4.728826851118759090e-37
4.258300802378110461e+01 4.518106069542391003e-37
4.459022703449458191e+01 4.316878810323531366e-37
4.669205956228781673e+01 4.124713464171390885e-37
4.889296536843589536e+01 3.941198382367793065e-37
5.119761443228006215e+01 3.765934201412549686e-37
5.361089686019733591e+01 3.598351096001509406e-37
5.613793326164382336e+01 3.437939941849523705e-37
5.878408561429132817e+01 3.284355224245325324e-37
6.155496864130797974e+01 3.137320854421332272e-37
6.445646172492726578e+01 2.996571519883831432e-37
6.749472138158046164e+01 2.861853438553071073e-37
7.067619432506657517e+01 2.732922380005244727e-37
7.400763114547457633e+01 2.609542585676745206e-37
7.749610063288375272e+01 2.491487494235029551e-37
8.114900477623639574e+01 2.378536010083164620e-37
8.497409446920426035e+01 2.270439440666759333e-37
8.897948595637907943e+01 2.167329719483576587e-37
9.317367805467816311e+01 2.069036300458940507e-37
9.756557018651166402e+01 1.975328041692244284e-37
1.021644812629694457e+02 1.885985319242993846e-37
1.069801694571005584e+02 1.800800004453716883e-37
1.120228529092350556e+02 1.719574116329824289e-37
1.173032314082880845e+02 1.642118949636370268e-37
1.228325090950436760e+02 1.568255104732249895e-37
1.286224182355984738e+02 1.497810366034888357e-37
1.346852441154010478e+02 1.430584946822246878e-37
1.410338511067164973e+02 1.366351402259302121e-37
1.476817099648185092e+02 1.304937865099576160e-37
1.546429264108364237e+02 1.246222966969366983e-37
1.619322710618961594e+02 1.190090657189059669e-37
1.695652107720717652e+02 1.136430278490007536e-37
1.775579414506383955e+02 1.085135883163069074e-37
1.859274224272716367e+02 1.036105819642104430e-37
1.946914124371027128e+02 9.892428211127205910e-38
2.038685073019875915e+02 9.444530914020563028e-38
2.134781793879473355e+02 9.016375821568280344e-38
2.235408189224928890e+02 8.608642434493455055e-38
2.340777772595156421e+02 8.221036800919364131e-38
2.451114121835313711e+02 7.852492612304168753e-38
2.566651353494207228e+02 7.502005081675308095e-38
2.687634619583105859e+02 7.168629371578677023e-38
2.814320627750170161e+02 6.851473831290690442e-38
2.946978185974056714e+02 6.549695337546943452e-38
3.085888772932629536e+02 6.262498282960886993e-38
3.231347135256827414e+02 5.989129200705164958e-38
3.383661912937159855e+02 5.728831977195617169e-38
3.543156294209646262e+02 5.479528782895990600e-38
3.710168701310971073e+02 5.239628160628641799e-38
3.885053508557707005e+02 5.008842990300099576e-38
4.068181794273482410e+02 4.786893188273144157e-38
4.259942128159325989e+02 4.573507367582110240e-38
4.460741395778123319e+02 4.368420009680094589e-38
4.671005661902341330e+02 4.171370212925020459e-38
4.891181074557178476e+02 3.982103243723066997e-38
5.121734811677165453e+02 3.800369859906142683e-38
5.363156072384950903e+02 3.625918678150129830e-38
5.615957114995717347e+02 3.459130512681223091e-38
5.880674343949464173e+02 3.300414681525641046e-38
6.157869447977774371e+02 3.149364288830353497e-38
6.448130591919729113e+02 3.005591677393447066e-38
6.752073664716191388e+02 2.868731510809666009e-38
7.070343586230113715e+02 2.738437235969999174e-38
7.403615675666153493e+02 2.614379069596159407e-38
7.752597084492734894e+02 2.496244578860289558e-38
8.118028296907446020e+02 2.383738259322260475e-38
8.500684701029057351e+02 2.276588338304363041e-38
8.901378234150480466e+02 2.174439291795237488e-38
9.320959105543105352e+02 2.076908054944484116e-38
9.760317600468606543e+02 1.983781138980411267e-38
1.022038596922546162e+03 1.894858248992329566e-38
1.070214040523904714e+03 1.809950005008664010e-38
1.120660311639188421e+03 1.728875193235855964e-38
1.173484449398973993e+03 1.651459470186670067e-38
1.228798538396508548e+03 1.577536503443182300e-38
1.286719946513775767e+03 1.506948603004758888e-38
1.347371573957856754e+03 1.439560237837704656e-38
1.410882114036018265e+03 1.375223631598843269e-38
1.477386326222888101e+03 1.313838543945310433e-38
1.547025322099048253e+03 1.255268420409432748e-38
1.619946864767856368e+03 1.199380947274286880e-38
1.696305682385712089e+03 1.146051814799196416e-38
1.776263796471133446e+03 1.095162181739369153e-38
1.859990865689157317e+03 1.046597546892760709e-38
1.947664545840632854e+03 1.000248917901863001e-38
2.039470866820130368e+03 9.560137803103661360e-39
2.135604627342437652e+03 9.138122942800969690e-39
2.236269808275059404e+03 8.735036992383209671e-39
2.341680005453885315e+03 8.349068997848804295e-39
2.452058882900249046e+03 7.979425861868578130e-39
2.567640647401187380e+03 7.625450345048205169e-39
2.688670545459724508e+03 7.286528916745322335e-39
2.815405383669797175e+03 6.962066048032085351e-39
2.948114073619809005e+03 6.651474212664987324e-39
3.087078202481182871e+03 6.354188933335337863e-39
3.232592630492436911e+03 6.069681659001670098e-39
3.384966116606736250e+03 5.797634984179551650e-39
3.544521973630253342e+03 5.537476500165266905e-39
3.711598754241635106e+03 5.289676411426309359e-39
3.886550969348038507e+03 5.053774821045101175e-39
4.069749840302040866e+03 4.829164685814472324e-39
4.261584086575586298e+03 4.615289124264812261e-39
4.462460750562101566e+03 4.411616471651278965e-39
4.672806061257127112e+03 4.217630204144945177e-39
4.893066338649790850e+03 4.032841905771546406e-39
5.123708940744389110e+03 3.856804524433566660e-39
5.365223255221206273e+03 3.689294160819745218e-39
5.618121737841031063e+03 3.529607589844364646e-39
5.882940999796384858e+03 3.376970019193043319e-39
6.160242946316990128e+03 3.230967602132399127e-39
6.450615968945056011e+03 3.091309851285119722e-39
6.754676194010593463e+03 2.957737081060056081e-39
7.073068789955424108e+03 2.829995262610900083e-39
7.406469336280240896e+03 2.707826861696013739e-39
7.755585257018979974e+03 2.590985921894430869e-39
8.121157321782558029e+03 2.479253592748758954e-39
8.503961217556494375e+03 2.372628009145103184e-39
8.904809194588011451e+03 2.270642630151509508e-39
9.324551789854423987e+03 2.173239027046675477e-39
9.764079631770262495e+03 2.080256499385150298e-39
1.022432532996201189e+04 1.991484740308220768e-39
1.070626545412038649e+04 1.906741983535074341e-39
1.121092260612930841e+04 1.825849664655135061e-39
1.173936758986771019e+04 1.748623373697304857e-39
1.229272168328867701e+04 1.674887986040559148e-39
1.287215901759643748e+04 1.604494711976597926e-39
1.347890906857019945e+04 1.537521469207034554e-39
1.411425926532008270e+04 1.473542209985164275e-39
1.477955772201128457e+04 1.412402521689262889e-39
1.547621609835213712e+04 1.353962340032946585e-39
1.620571259491651108e+04 1.298096021943158065e-39
1.696959508965497298e+04 1.244702196126368326e-39
1.776948442225084727e+04 1.193678578544999725e-39
1.860707783328931691e+04 1.144913239502040007e-39
1.948415256553801373e+04 1.098299855189465603e-39
2.040256963497911420e+04 1.053757093589331734e-39
2.136427777959555169e+04 1.011446506563566892e-39
2.237131759428917940e+04 9.709772756928055042e-40
2.342582586070583784e+04 9.324764381845532428e-40
2.453004008115289253e+04 8.960076746956904276e-40
2.568630322623071697e+04 8.614517326902550350e-40
2.689706870625153169e+04 8.287174708231553974e-40
2.816490557699353303e+04 7.977138666408390988e-40
2.949250399083778757e+04 7.681787378772876165e-40
3.088268090485217544e+04 7.383766085024959821e-40
3.233838605793581883e+04 7.107818321838618896e-40
3.386270822970507288e+04 6.857976459178053851e-40
3.545888179440359818e+04 6.610847515512634570e-40
3.713029358374026197e+04 6.383251340649129252e-40
3.888049007321883255e+04 6.161799184588841765e-40
4.071318490720600676e+04 5.940286631461166921e-40
4.263226677870732237e+04 5.726011651637031229e-40
4.464180768056744273e+04 5.529382543838464784e-40
4.674607154560516938e+04 5.340965415098227662e-40
4.894952329401397583e+04 5.163166030650146010e-40
5.125683830722844868e+04 4.988603702269480103e-40
5.367291234835498472e+04 4.821119945531067225e-40
5.620287195021791558e+04 4.665721928184205101e-40
5.885208529306505807e+04 4.525018947077695254e-40
6.162617359500922612e+04 4.388387314566469680e-40
6.453102303937812394e+04 4.262448215126353537e-40
6.757279726427755668e+04 4.146441588079075210e-40
7.075795044087310089e+04 4.030477407553975341e-40
7.409324096813502547e+04 3.915972873371388552e-40
7.758574581310870417e+04 3.807151990037741487e-40
8.124287552713671175e+04 3.708271689964518663e-40
8.507238996989330917e+04 3.627711371995335149e-40
8.908241477460015449e+04 3.549517133110369141e-40
9.328145858935307479e+04 3.438393892625061433e-40
9.767843113114898733e+04 3.361364588744316169e-40
1.022826620909159974e+05 3.295673252175481535e-40
1.071039209296670160e+05 3.238851525163661031e-40
1.121524376077727939e+05 3.190140083383252535e-40
1.174389242913455091e+05 3.145574105644657735e-40
1.229745980817849777e+05 3.100354421954530712e-40
1.287712048167236499e+05 3.054873887156423625e-40
1.348410439928628039e+05 3.013629310249818546e-40
1.411969948635901092e+05 2.971486545102377448e-40
1.478525437667470251e+05 2.934136585262621350e-40
1.548218127405407431e+05 2.907669216268235679e-40
1.621195894883076544e+05 2.891559838670707438e-40
1.697613587557178107e+05 2.885289011396161073e-40
1.777633351869909675e+05 2.888319844097419708e-40
1.861424977298502927e+05 2.881269510666954099e-40
1.949166256622023357e+05 2.834298798276318556e-40
2.041043363169964578e+05 2.745331663054795351e-40
2.137251245853066212e+05 2.613726701958862255e-40
2.237994042814506101e+05 2.440066216782855677e-40
2.343485514579297451e+05 2.226394427101024709e-40
2.453949497620797192e+05 1.978007122348683179e-40
2.569620379306860559e+05 1.700868579038868262e-40
2.690743595233288943e+05 1.272218565638975567e-40
2.817576150000001071e+05 8.513680692333820753e-41
