5.109905999999998913e-04 2.659098409954921026e-32
5.350538243872122101e-04 2.977471876463250152e-32
5.602502178932097527e-04 3.307125875839337973e-32
5.866331429531792749e-04 3.641974917097104471e-32
6.142584749100840364e-04 3.975010117183473776e-32
6.431847203508184781e-04 4.298517211459985050e-32
6.734731410149724391e-04 4.604358755804273554e-32
7.051878835386194604e-04 4.884307655195786239e-32
7.383961153079183744e-04 5.130413823664462645e-32
7.731681667102343431e-04 5.335381625730863721e-32
8.095776800840583142e-04 5.492933290818818525e-32
8.477017656831699376e-04 5.598125978964703258e-32
8.876211649853686875e-04 5.647634762546930473e-32
9.294204216916215379e-04 5.639910909921346480e-32
9.731880607777866057e-04 5.575273053062379483e-32
1.019016775978128517e-03 5.455889474746471496e-32
1.067003626097671500e-03 5.297750333599878790e-32
1.117250240569166555e-03 5.143383961115319119e-32
1.169863034690002976e-03 4.995685416363639637e-32
1.224953434994921790e-03 4.854286784366162662e-32
1.282638115241817181e-03 4.718843168155380879e-32
1.343039243510430218e-03 4.589025414803134085e-32
1.406284740937238480e-03 4.464536590756455659e-32
1.472508552634528827e-03 4.345093090507645334e-32
1.541850931367395308e-03 4.230429255973482166e-32
1.614458734589461998e-03 4.120296405981698600e-32
1.690485735466427161e-03 4.014140003213462401e-32
1.770092948546102361e-03 3.909128605959751749e-32
1.853448970764685379e-03 3.804752286852597186e-32
1.940730338511485655e-03 3.701102589354898651e-32
2.032121901508285138e-03 3.598267846022120514e-32
2.127817214295178554e-03 3.496328655615440987e-32
2.228018946152004846e-03 3.395371060982722805e-32
2.332939310323509964e-03 3.295473275216255865e-32
2.442800513457310703e-03 3.196709833863249369e-32
2.557835226206472880e-03 3.099151636193616169e-32
2.678287075993380974e-03 3.002904342478613447e-32
2.804411162978541396e-03 2.908126779271118916e-32
2.936474600327011308e-03 2.814894387717622264e-32
3.074757079916691331e-03 2.723249922267088541e-32
3.219551464686596677e-03 2.633232540602915020e-32
3.371164408879565033e-03 2.544874895451109694e-32
3.529917007493028371e-03 2.458212003005358300e-32
3.696145476313283159e-03 2.373272544865434995e-32
3.870201863973459378e-03 2.290081682399690729e-32
4.052454797543275818e-03 2.208661212359948906e-32
4.243290263229573811e-03 2.129060635300686442e-32
4.443112423841072411e-03 2.051844795201216302e-32
4.652344474748658885e-03 1.977491749937844927e-32
4.871429540153945914e-03 1.905887138542929449e-32
5.100831611564297582e-03 1.836921765442039821e-32
5.341036530461938658e-03 1.770489701493835953e-32
5.592553017248199504e-03 1.706493341508776137e-32
5.855913748642131711e-03 1.644837899759870292e-32
6.131676485815261250e-03 1.585432803220588975e-32
6.420425255651665206e-03 1.528191539460502267e-32
6.722771587635209371e-03 1.473050458992573338e-32
7.039355808983399979e-03 1.419686814354305297e-32
7.370848400770790843e-03 1.367445905154795635e-32
7.717951417914104169e-03 1.316324008406785893e-32
8.081399976026276688e-03 1.266342529333619872e-32
8.461963808288411326e-03 1.217518873069917096e-32
8.860448895637019345e-03 1.169869549710412642e-32
9.277699173718730735e-03 1.123407262130251900e-32
9.714598320227977452e-03 1.078141896193865776e-32
1.017207162641264352e-02 1.034080656816857259e-32
1.065108795671140633e-02 9.912378021265780619e-33
1.115266180067308287e-02 9.497221333179230470e-33
1.167785542150345975e-02 9.100064175905910537e-33
1.222778110579014407e-02 8.720763407698041422e-33
1.280360351916984794e-02 8.358444746979021168e-33
1.340654217292725110e-02 8.012278159610343136e-33
1.403787400674919028e-02 7.681491811260864119e-33
1.469893609310424926e-02 7.365351956746542833e-33
1.539112846897507970e-02 7.063165114669685486e-33
1.611591710094083599e-02 6.774275727229089921e-33
1.687483698988919562e-02 6.498103765681962422e-33
1.766949542193341216e-02 6.234017553152424830e-33
1.850157537241940361e-02 5.980154750079632885e-33
1.937283907023194460e-02 5.735708865380714041e-33
2.028513172994887009e-02 5.500363596061139845e-33
2.124038545974726508e-02 5.273810594861083747e-33
2.224062335333823123e-02 5.055759164340780371e-33
2.328796377459617720e-02 4.845925589182601156e-33
2.438462484395710964e-02 4.644035531269684846e-33
2.553292913608719988e-02 4.449823755368168865e-33
2.673530859877098348e-02 4.263051590240844724e-33
2.799430970343631114e-02 4.083494019067060349e-33
2.931259883822450590e-02 3.911444352098527037e-33
3.069296795502732267e-02 3.746969917428344776e-33
3.213834048245020614e-02 3.589719185544331652e-33
3.365177751722508298e-02 3.439356195904312215e-33
3.523648430718468588e-02 3.295566088291063313e-33
3.689581703952903718e-02 3.158047844525105895e-33
3.863328994876007866e-02 3.026515218200286752e-33
4.045258275933870384e-02 2.900696076640414809e-33
4.235754847882598761e-02 2.780338610314975542e-33
4.435222155801418070e-02 2.665204751498126081e-33
4.644082643532867344e-02 2.554787325194444116e-33
4.862778648359745298e-02 2.448448879639937496e-33
5.091773337813575856e-02 2.346054502198424988e-33
5.331551690598605731e-02 2.247479445286365419e-33
5.582621523708833355e-02 2.152605057884785116e-33
5.845514567913338150e-02 2.061314468965665980e-33
6.120787593887625638e-02 1.973493675528196951e-33
6.409023591376006301e-02 1.889031583733911641e-33
6.710833003882259173e-02 1.807822967748461786e-33
7.026855021503579379e-02 1.729765948648045134e-33
7.357758934645726445e-02 1.654836736669716227e-33
7.704245551486418875e-02 1.583206331142835665e-33
8.067048682189018050e-02 1.514751157595394757e-33
8.446936693009723940e-02 1.449324665761932697e-33
8.844714133589794136e-02 1.386789513501948307e-33
9.261223440879044755e-02 1.327014231910183702e-33
9.697346723299470062e-02 1.269873655570263553e-33
1.015400762892738618e-01 1.215248672811730773e-33
1.063217330165081853e-01 1.163027187288468915e-33
1.113285642944485399e-01 1.113102817120355904e-33
1.165711738910311379e-01 1.065349776734877787e-33
1.220606649196737115e-01 1.019473807949919964e-33
1.278086633541154205e-01 9.753634939687478595e-34
1.338273426506029762e-01 9.329606739316435952e-34
1.401294495295667131e-01 8.922101234735716321e-34
1.467283309713908190e-01 8.530574011847207165e-34
1.536379624834494084e-01 8.154493848175126395e-34
1.608729776982759374e-01 7.793343234973567793e-34
1.684486993655485154e-01 7.446623868312071847e-34
1.763811718035294407e-01 7.113852162398998948e-34
1.846871948786853457e-01 6.794599682684704298e-34
1.933843595854541353e-01 6.490425184856983753e-34
2.024910853015088330e-01 6.201600613349691725e-34
2.120266587974211914e-01 5.927267345729233650e-34
2.220112750833435344e-01 5.666630192855977474e-34
2.324660801792133857e-01 5.418937861104753007e-34
2.434132158990646166e-01 5.183483859875462845e-34
2.548758667442898029e-01 4.959604158302966383e-34
2.668783090051710660e-01 4.746676917707506137e-34
2.794459621746641642e-01 4.544118134502040280e-34
2.926054427833280625e-01 4.351374514851320844e-34
3.063846207694100321e-01 4.167062674211296864e-34
3.208126785034764450e-01 3.989799131138308177e-34
3.359201725925887172e-01 3.819344327395835696e-34
3.517390985949193083e-01 3.655476155394940312e-34
3.683029587818685835e-01 3.497975134742998543e-34
3.856468330911851927e-01 3.346627294703460371e-34
4.038074534213658140e-01 3.201224574517485519e-34
4.228232814246736804e-01 3.061565803560328268e-34
4.427345899635378168e-01 2.927455821036016791e-34
4.635835484028379416e-01 2.798703154940966093e-34
4.854143119187182553e-01 2.675280643782942494e-34
5.082731150130694875e-01 2.557389916827216211e-34
5.322083694317355507e-01 2.444795178410633310e-34
5.572707666938152560e-01 2.337255361561159172e-34
5.835133854492035033e-01 2.234538490958385644e-34
6.109918038917463434e-01 2.136423324917584860e-34
6.397642174660757020e-01 2.042699233888261794e-34
6.698915621174171831e-01 1.953166113521096510e-34
7.014376433453919368e-01 1.867633578868402363e-34
7.344692713351387292e-01 1.785919537124458940e-34
7.690564024519336295e-01 1.707864485429879839e-34
8.052722873989826002e-01 1.633381701806125725e-34
8.431936263521558894e-01 1.562310503568278561e-34
8.829007314002313977e-01 1.494488800609925938e-34
9.244776966346566205e-01 1.429760977658105324e-34
9.680125762490621177e-01 1.367978987681623239e-34
1.013597571025726563e+00 1.309002277918547040e-34
1.061329223603925342e+00 1.252697706962077404e-34
1.111308622943732338e+00 1.198938975126763812e-34
1.163641618418284951e+00 1.147605583455255583e-34
1.218439043987948889e+00 1.098570805227977245e-34
1.275816952931131842e+00 1.051506031842003565e-34
1.335896863628886155e+00 1.006255121463820327e-34
1.398806016923829443e+00 9.627601026057472208e-35
1.464677645598448263e+00 9.209627279468318743e-35
1.533651256543483221e+00 8.808059159814386395e-35
1.605872926213993468e+00 8.422341039083104631e-35
1.681495609998854723e+00 8.051933147978938904e-35
1.760679466158859841e+00 7.696310804804160678e-35
1.843592195019505775e+00 7.354962094295334267e-35
1.930409394136803680e+00 7.027391007505322415e-35
2.021314930188340409e+00 6.713988039698002372e-35
2.116501328377160540e+00 6.414840630840327372e-35
2.216170180173208770e+00 6.129300129611361505e-35
2.320532570255837257e+00 5.856736060774666196e-35
2.429809523561633267e+00 5.596545237006461337e-35
2.544232473384291815e+00 5.348153355038696844e-35
2.664043751517936709e+00 5.111014660183332656e-35
2.789497101481961394e+00 4.884610028113888182e-35
2.920858215914278855e+00 4.668443145337590936e-35
3.058405299271153233e+00 4.462041259748300551e-35
3.202429657025289700e+00 4.264887178609461065e-35
3.353236312610075043e+00 4.076424923462342423e-35
3.511144653416509165e+00 3.896278895211666020e-35
3.676489107211009522e+00 3.724084592705527519e-35
3.849619850406599042e+00 3.559491423747474410e-35
4.030903549687565146e+00 3.402164261208483070e-35
4.220724138558171745e+00 3.251783354389208464e-35
4.419483630460073975e+00 3.108043400576223893e-35
4.627602970180554109e+00 2.970651501568041820e-35
4.845522925354650567e+00 2.839327660368840903e-35
5.073705019949331430e+00 2.713760403006269337e-35
5.312632511706647520e+00 2.593512500949898924e-35
5.562811415616032207e+00 2.478358208398654858e-35
5.824771575583185701e+00 2.368094302649966364e-35
6.099067786565377958e+00 2.262523740462937680e-35
6.386280969549456010e+00 2.161457306665312963e-35
6.687019401861221901e+00 2.064713804671621017e-35
7.001920005411721881e+00 1.972119505208603126e-35
7.331649695608622785e+00 1.883506509248534680e-35
7.676906793789823880e+00 1.798713465564522959e-35
8.038422506170213921e+00 1.717627658163232951e-35
8.416962472434146747e+00 1.640521743816090053e-35
8.813328387253189788e+00 1.567305467918172427e-35
9.228359698163147939e+00 1.497765380760731778e-35
9.662935383396497713e+00 1.431699424639510234e-35
1.011797581343534524e+01 1.368917797827843375e-35
1.059444470022716978e+01 1.309242540102014457e-35
1.109335113819192209e+01 1.252506622744992089e-35
1.161575174134285149e+01 1.198552205824376894e-35
1.216275288104694319e+01 1.147230764898917017e-35
1.273551302916483685e+01 1.098381814474379547e-35
1.333524521153192133e+01 1.051437397262361915e-35
1.396321957697735883e+01 1.006167315622049452e-35
1.462076608732163585e+01 9.625299228653264549e-36
1.530927733404940660e+01 9.204826527228241447e-36
1.603021148762343628e+01 8.799833634095109881e-36
1.678509538568566839e+01 8.409906227933107158e-36
1.757552776668548233e+01 8.034636356553133351e-36
1.840318265578407519e+01 7.673615401641317623e-36
1.926981291020557308e+01 7.326439575134665447e-36
2.017725393154308122e+01 6.992816841622750897e-36
2.112742755288267560e+01 6.674638149655006078e-36
2.212234610897666087e+01 6.372148606442205898e-36
2.316411669808703522e+01 6.084529479890323864e-36
2.425494564452489854e+01 5.810998102168237399e-36
2.539714317133625698e+01 5.550816043639631307e-36
2.659312829303126691e+01 5.303288362775611381e-36
2.784543393871858186e+01 5.067760549901655572e-36
2.915671231649440642e+01 4.843610823194520755e-36
3.052974053044821545e+01 4.630251846971410849e-36
3.196742646218073602e+01 4.427105143658524744e-36
3.347281492928980384e+01 4.233059959820866172e-36
3.504909413386841521e+01 4.047498402407492901e-36
3.669960241467009610e+01 3.870057698331888839e-36
3.842783531724337820e+01 3.700382919401640862e-36
4.023745299700830458e+01 3.538134679410130012e-36
4.213228797095291611e+01 3.382989634557281246e-36
4.411635323436805578e+01 3.234639554170715627e-36
4.619385075981008271e+01 3.092787301987610977e-36
4.836918039629014743e+01 2.957148690184477165e-36
5.064694918753885844e+01 2.827437814762048747e-36
5.303198112908046369e+01 2.703018913283330121e-36
5.552932738477957031e+01 2.583564431870862423e-36
5.814427698450009530e+01 2.468906917265885075e-36
6.088236802552957982e+01 2.358877663371779309e-36
6.374939940149445761e+01 2.253312874401083221e-36
6.675144308360566470e+01 2.152054350058283161e-36
6.989485698024301996e+01 2.054949234405337804e-36
7.318629840211586668e+01 1.961847557466752548e-36
7.663273816151580320e+01 1.872603811710587707e-36
8.024147533552073241e+01 1.787091491662575000e-36
8.402015272441897764e+01 1.705539970939797380e-36
8.797677303809123828e+01 1.627941675686020370e-36
9.211971584462895635e+01 1.554098469589468729e-36
9.645775531708810036e+01 1.483818621954360107e-36
1.010000788159586449e+02 1.416920735715638461e-36
1.057563063467086835e+02 1.353233685210736457e-36
1.107365109336104183e+02 1.292595994385429545e-36
1.159512399529945554e+02 1.234853701787388475e-36
1.214115374711178532e+02 1.179861010511313254e-36
1.271289676339505945e+02 1.127474541731502438e-36
1.331156391584179062e+02 1.077402105286390976e-36
1.393842309769682117e+02 1.029483235037276144e-36
1.459480190897786827e+02 9.836314060591852142e-37
1.528209046814635315e+02 9.397605683105456623e-37
1.600174435618400253e+02 8.977881897169693462e-37
1.675528769930943724e+02 8.576353567589753142e-37
1.754431639686428639e+02 8.192266132092711912e-37
1.837050150120476246e+02 7.824890325946335876e-37
1.923559275675646916e+02 7.473526414016622290e-37
2.014142230572831807e+02 7.137518844691411419e-37
2.108990856833345049e+02 6.816616789913903143e-37
2.208306030573450869e+02 6.510401611958893728e-37
2.312298087431877889e+02 6.218202454036432482e-37
2.421187268031278848e+02 5.939362417820965519e-37
2.535204184417014233e+02 5.673258074708091615e-37
2.654590308461228574e+02 5.419299196223699970e-37
2.779598483266445896e+02 5.176926869131723009e-37
2.910493458651890819e+02 4.945606154255844016e-37
3.047552451856570883e+02 4.724828357225782522e-37
3.191065734646558099e+02 4.514108353533280359e-37
3.341337248069980888e+02 4.312892095937080135e-37
3.498685246161647910e+02 4.120752751452084294e-37
3.663442969960517530e+02 3.937283694285736843e-37
3.835959353267594452e+02 3.762085730326214902e-37
4.016599761638914288e+02 3.594780002450991882e-37
4.205746766178602911e+02 3.435008022505288717e-37
4.403800953770997921e+02 3.282430557084686558e-37
4.611181775467547936e+02 3.136722210573987880e-37
4.828328434825463660e+02 2.997573389926055510e-37
5.055700818079411647e+02 2.864684601831449533e-37
5.293780468116144675e+02 2.737573529812315501e-37
5.543071604314966407e+02 2.615927713508173928e-37
5.804102190413846074e+02 2.499524594751238064e-37
6.077425052662666758e+02 2.388143150769250744e-37
6.363619050631872369e+02 2.281572418805178293e-37
6.663290303156081791e+02 2.179611186026741871e-37
6.977073472008847830e+02 2.082067480592039208e-37
7.305633106027593158e+02 1.988757156494000926e-37
7.649665048534934613e+02 1.899504050866250721e-37
8.009897911037506901e+02 1.814139547314735532e-37
8.387094616323206537e+02 1.732482482006915545e-37
8.782054014224790990e+02 1.654387476708149060e-37
9.195612573472074018e+02 1.579708243954136605e-37
9.628646153215680670e+02 1.508299386884190871e-37
1.008207185797405145e+03 1.440021807425064324e-37
1.055684997993250136e+03 1.374742707846386976e-37
1.105398603270775538e+03 1.312335349258591749e-37
1.157453288088490581e+03 1.252677670427452913e-37
1.211959296983743343e+03 1.195652771434835488e-37
1.269032066055206769e+03 1.141151049053892177e-37
1.328792467440385508e+03 1.089149997983093557e-37
1.391367065305896404e+03 1.039588506989389434e-37
1.456888383892644470e+03 9.923517344274457396e-38
1.525495188183625487e+03 9.473273417348223862e-38
1.597332777788749127e+03 9.044086178714628131e-38
1.672553294669060961e+03 8.634942972413645189e-38
1.751316045352129777e+03 8.244883046527480029e-38
1.833787838320991568e+03 7.872990689133136844e-38
1.920143337291144690e+03 7.518395523249871699e-38
2.010565431123885219e+03 7.180258421484556511e-38
2.105245621159293478e+03 6.857211774013827881e-38
2.204384426789281406e+03 6.548351050429544340e-38
2.308191810129616897e+03 6.253087811401783612e-38
2.416887620690272797e+03 5.970838295443190683e-38
2.530702060985934168e+03 5.701043154487948886e-38
2.649876174072723643e+03 5.443166983793532968e-38
2.774662354043628966e+03 5.196697508309918558e-38
2.905324880563883653e+03 4.961142627716310792e-38
3.042140478578330658e+03 4.736030859933493605e-38
3.185398904376084829e+03 4.520924882194927050e-38
3.335403559253852563e+03 4.316048572168144535e-38
3.492472132077371498e+03 4.121282536383365507e-38
3.656937272101985400e+03 3.936103503183931636e-38
3.829147293477235507e+03 3.760006870924859685e-38
4.009466912927439353e+03 3.592516619541965574e-38
4.198278022170689837e+03 3.433183806595324377e-38
4.395980496712094464e+03 3.281585015558867139e-38
4.602993042724084262e+03 3.137319842067494241e-38
4.819754083807509232e+03 3.000010102819595728e-38
5.046722689511499084e+03 2.869283898445485747e-38
5.284379547578453639e+03 2.744012705234765232e-38
5.533227981973485839e+03 2.623562634117259451e-38
5.793795018854071714e+03 2.507784164590220754e-38
6.066632502737718823e+03 2.396525414104792856e-38
6.352318265231463556e+03 2.289638470144145646e-38
6.651457348798274325e+03 2.186979429013962728e-38
6.964683288152346904e+03 2.088408354062866946e-38
7.292659451997006727e+03 1.993788581506992889e-38
7.636080447946701497e+03 1.902987013645044048e-38
7.995673593608757983e+03 1.815883937577650066e-38
8.372200456940332515e+03 1.732917928270539224e-38
8.766458469142655304e+03 1.654214209099682696e-38
9.179282613508836221e+03 1.579537909938909788e-38
9.611547193801514368e+03 1.508665233885493711e-38
1.006416768590592255e+04 1.441385883850815006e-38
1.053810267667968401e+04 1.377502270500915214e-38
1.103435589410568537e+04 1.316828734803516538e-38
1.155397833304725646e+04 1.259190407138258070e-38
1.209807048110848882e+04 1.204422736890111257e-38
1.266778464931283997e+04 1.152364372706617031e-38
1.326432741253645145e+04 1.102447551649354456e-38
1.388896216486517915e+04 1.054348202099149756e-38
1.454301179528625653e+04 1.008018506646272528e-38
1.522786148938213773e+04 9.634097374880096827e-39
1.594496166295946387e+04 9.204739066787672999e-39
1.669583103382711124e+04 8.791638285490388025e-39
1.748205983822780036e+04 8.394331523838668960e-39
1.830531319873568282e+04 8.012360537718534751e-39
1.916733465075332060e+04 7.645274242553748779e-39
2.006994983507549114e+04 7.292652354767882442e-39
2.101507036434061592e+04 6.955723481839755655e-39
2.200469787155928498e+04 6.634827119959675132e-39
2.304092824929261042e+04 6.329183765848317115e-39
2.412595608845907191e+04 6.038046536568454077e-39
2.526207932617147890e+04 5.760706591146975440e-39
2.645170411244594652e+04 5.496491666353089749e-39
2.769734990609051965e+04 5.244764503281936372e-39
2.900165481056698991e+04 5.004918399355657453e-39
3.036738116112450371e+04 4.776377114894561633e-39
3.179742137503866252e+04 4.558595520132586441e-39
3.329480407734723121e+04 4.351220358937105795e-39
3.486270051505377342e+04 4.153843691757412898e-39
3.650443127338455815e+04 3.965962212166647159e-39
3.822347330832414445e+04 3.787096468784195197e-39
4.002346731032121170e+04 3.616792399970966805e-39
4.190822541476089100e+04 3.454620507187246752e-39
4.388173927553492103e+04 3.300174925078716576e-39
4.594818851880537841e+04 3.153069425935337022e-39
4.811194959486826701e+04 3.012937910181145214e-39
5.037760504686196509e+04 2.879429667244347695e-39
5.274995321595368296e+04 2.751871761955381548e-39
5.523401840355285822e+04 2.629781813149858973e-39
5.783506151207984658e+04 2.512932963055110324e-39
6.055859118682043481e+04 2.401107125275501025e-39
6.341037548246477672e+04 2.294095380205261067e-39
6.639645407904150488e+04 2.191698067562445932e-39
6.952315107311402971e+04 2.093724776942857232e-39
7.279708837133117777e+04 1.999991465724123199e-39
7.622519971470035671e+04 1.910321605254908152e-39
7.981474536327985697e+04 1.824547716026980060e-39
8.357332747239255696e+04 1.742691412237983037e-39
8.750890619292891643e+04 1.664689477504595497e-39
9.162981652983122331e+04 1.590352418537857578e-39
9.594478599446827138e+04 1.519500614549232455e-39
1.004629530882815452e+05 1.451963616828831770e-39
1.051938866568545054e+05 1.387580186872237016e-39
1.101476061553874315e+05 1.326198275687453674e-39
1.153346028684997727e+05 1.267671960809608113e-39
1.207658621293054748e+05 1.211862598771713670e-39
1.264528865848097776e+05 1.158637106738664172e-39
1.324077205569041835e+05 1.107697131756565761e-39
1.386429755505577195e+05 1.058829699750732332e-39
1.451718569632178987e+05 1.011957614361268175e-39
1.520081920519927517e+05 9.670071323215187290e-40
1.591664592178495659e+05 9.239071694879637795e-40
1.666618186688403366e+05 8.825896857975886341e-40
1.745101445272985729e+05 8.429900369986423055e-40
1.827280584490128385e+05 8.050442400704269991e-40
1.913329648255656357e+05 7.686904184680956925e-40
2.003430876443964953e+05 7.338699610315570166e-40
2.097775090846615785e+05 7.006842824623458849e-40
2.196562099306165182e+05 6.691595845693602614e-40
2.300001118881180882e+05 6.392038566166525368e-40
2.408311218938747188e+05 6.107320243948413511e-40
2.521721785112689249e+05 5.836645760754367165e-40
2.640473005110262893e+05 5.579276279399597360e-40
2.764816377396061434e+05 5.334530311612104847e-40
2.895015243830628460e+05 5.101753178397909898e-40
3.031345347391635296e+05 4.880329349471588636e-40
3.174095416158878943e+05 4.669673725327658408e-40
3.323567774800018524e+05 4.468076594773881696e-40
3.480078984851879068e+05 4.274300140387783694e-40
3.643960515153435408e+05 4.088057907869542612e-40
3.815559443850512616e+05 3.909086552416240969e-40
3.995239193458681693e+05 3.737134644629920423e-40
4.183380300541236065e+05 3.571966689823968487e-40
4.380381221632475499e+05 3.413367689003724082e-40
4.586659177112831385e+05 3.261114735336563498e-40
4.802651034823188093e+05 3.114992123407505089e-40
5.028814235289937933e+05 2.974796005215373927e-40
5.265627760519946460e+05 2.841129602591639945e-40
5.513593148417341290e+05 2.714236913119007347e-40
5.773235554970728699e+05 2.593732172317040208e-40
6.045104866460023914e+05 2.479263498231058219e-40
6.329776864038556814e+05 2.370500444549570321e-40
6.627854443157118512e+05 2.267137651286542744e-40
6.939968890412054025e+05 2.168899520541142779e-40
7.266781220521979267e+05 2.075510233258425218e-40
7.608983576264329022e+05 1.986708946914179263e-40
7.967300694337062305e+05 1.902248738885340581e-40
8.342491440249488223e+05 1.821535526045699492e-40
8.735350415493095061e+05 1.744102561679911414e-40
9.146709640396515606e+05 1.669812498222704346e-40
9.577440316228035372e+05 1.598544267748217772e-40
1.002845467027784092e+06 1.530181272266175705e-40
1.050070788782798219e+06 1.464616412548152892e-40
1.099520013510100776e+06 1.401758559257003046e-40
1.151297867747191573e+06 1.341502185917868204e-40
1.205514009742991533e+06 1.283744185479954497e-40
1.262283261698654853e+06 1.228385941629282767e-40
1.321725852944905171e+06 1.175519797953876837e-40
1.383967674570962554e+06 1.125148024543143197e-40
1.449140546044237446e+06 1.077133209953576467e-40
1.517382494385496713e+06 1.031357457079015182e-40
1.588838046490809647e+06 9.877094137939870763e-41
1.663658535219273530e+06 9.460893655818385428e-41
1.742002419894806342e+06 9.064164439593339739e-41
1.824035621900859755e+06 8.685952699706564494e-41
1.909931876078661997e+06 8.325338939559550787e-41
1.999873098673310829e+06 7.981455491882192968e-41
2.094049772606890649e+06 7.654340840762351614e-41
2.192661350894689560e+06 7.343495861019856134e-41
2.295916679058750160e+06 7.047881432536141462e-41
2.404034437433429994e+06 6.766657191034182630e-41
2.517243604299796745e+06 6.499038789436205739e-41
2.635783940829558764e+06 6.244352729423777503e-41
2.759906498865637928e+06 6.002120611419277979e-41
2.889874152614899911e+06 5.771689985417103855e-41
3.025962155378907453e+06 5.552430200279614307e-41
3.168458722501851618e+06 5.343751519127452549e-41
3.317665641770386603e+06 5.145506307212669143e-41
3.473898912557893898e+06 4.957140771687723908e-41
3.637489415066885762e+06 4.777952820879779982e-41
3.808783611087051220e+06 4.607434983966228790e-41
3.988144277752798982e+06 4.445113614752721109e-41
4.175951275854407810e+06 4.290331190670208161e-41
4.372602354330113158e+06 4.140569473829040981e-41
4.578513992642647587e+06 3.995831872878726360e-41
4.794122282824401744e+06 3.856589763093021293e-41
5.019883853059422225e+06 3.725096152903017458e-41
5.256276834757930599e+06 3.606253927159958732e-41
5.503801875171774067e+06 3.485058203120011441e-41
5.762983197695152834e+06 3.375937889884305875e-41
6.034369712096531875e+06 3.274417397765934947e-41
6.318536177032650448e+06 3.166395496087662847e-41
6.616084417306838557e+06 3.066982663756962289e-41
6.927644598449875601e+06 2.976822871523878887e-41
7.253876561322323047e+06 2.895336427985097600e-41
7.595471219565028325e+06 2.821032813136049400e-41
7.953152022857694887e+06 2.750003291942696581e-41
8.327676489083979279e+06 2.676986856503616868e-41
8.719837808648243546e+06 2.614138436002759569e-41
9.130466524342024699e+06 2.555152912909915793e-41
9.560432290317341685e+06 2.498824974567142530e-41
1.001064571389235556e+07 2.448646595088177819e-41
1.048206028409045935e+07 2.399388495421886646e-41
1.097567439099648036e+07 2.358564511803537381e-41
1.149253344020701572e+07 2.321127544383519129e-41
1.203373206685344689e+07 2.285783046648806890e-41
1.260041645388582163e+07 2.252330457066419991e-41
1.319378675952778198e+07 2.212591481454048066e-41
1.381509965904401615e+07 2.191381824204002009e-41
1.446567100620245375e+07 2.176314818025104403e-41
1.514687862006821111e+07 2.166761611196685020e-41
1.586016520303189196e+07 2.162820032027382634e-41
1.660704139625110850e+07 2.165779629213343422e-41
1.738908897897716984e+07 2.176408309125819828e-41
1.820796421854188666e+07 2.194815120218597765e-41
1.906540137810039148e+07 2.221196199282244030e-41
1.996321638955760002e+07 2.255693042691379175e-41
2.090331069945760071e+07 2.298143884158174595e-41
2.188767529598178342e+07 2.348315129508524703e-41
2.291839492558297142e+07 2.407285677069251983e-41
2.399765250818632543e+07 2.476474828524764259e-41
2.512773376030880958e+07 2.558974892587956444e-41
2.631103203588664159e+07 2.690394879059609706e-41
2.755005339506361261e+07 2.895577427910559093e-41
2.884742191167640314e+07 3.193843092206349387e-41
3.020588523067542166e+07 3.616437052836719805e-41
3.162832038725189492e+07 4.213605462692559374e-41
3.311773989999648184e+07 5.068135157011072026e-41
3.467729815099170804e+07 6.325551616246735958e-41
3.631029806635131687e+07 8.278144517974228301e-41
3.802019811135635525e+07 1.175926076019341319e-40
3.981061961500000209e+07 1.049706381035190282e-40
