5.109905999999998913e-04 3.892566613603185729e-35
5.350414707747464318e-04 4.887641616474584045e-35
5.602243474709786477e-04 5.924175449016358761e-35
5.865925103802203293e-04 6.943860754206160205e-35
6.142017475454222483e-04 8.037517495259418032e-35
6.431104727936721738e-04 9.176419335451431657e-35
6.733798493243690723e-04 1.025509957834049205e-34
7.050739191143390707e-04 1.120612521228985020e-34
7.382597384136824203e-04 1.198523493494668989e-34
7.730075196190227572e-04 1.265208454558982188e-34
8.093907798243268588e-04 1.328010273702698921e-34
8.474864963635863517e-04 1.399036881294450862e-34
8.873752696744529418e-04 1.469218957282548298e-34
9.291414938273945311e-04 1.534059628143652187e-34
9.728735350811819121e-04 1.596581910678875414e-34
1.018663918842464952e-03 1.654394714570915213e-34
1.066609525425006718e-03 1.703654410698826870e-34
1.116811795022745876e-03 1.752427054973459396e-34
1.169376942330357157e-03 1.803537148669077180e-34
1.224416181265389723e-03 1.853251261425568369e-34
1.282045960267434682e-03 1.903000257121974942e-34
1.342388208672156509e-03 1.955473809005154494e-34
1.405570594681444145e-03 2.009520913216236730e-34
1.471726795475484118e-03 2.062032586911429268e-34
1.540996780038238418e-03 2.102328082972905697e-34
1.613527105294711118e-03 2.143460392382546867e-34
1.689471226186550941e-03 2.202058891044852991e-34
1.768989820342030958e-03 2.258091344269653893e-34
1.852251128027315600e-03 2.304431748672165486e-34
1.939431308098266658e-03 2.342737663462573936e-34
2.030714810705885973e-03 2.378409627624503518e-34
2.126294767543939358e-03 2.417093619163653505e-34
2.226373400464425317e-03 2.454945041407656509e-34
2.331162449325407948e-03 2.492951654254583567e-34
2.440883619976427429e-03 2.538739877402195439e-34
2.555769053329307820e-03 2.580601449173994887e-34
2.676061816506789676e-03 2.607522816244946389e-34
2.802016417108128040e-03 2.636825291366781029e-34
2.933899341679706459e-03 2.672137163481727520e-34
3.071989619529929758e-03 2.708736779630543339e-34
3.216579413081272973e-03 2.738813637319950330e-34
3.367974636008519863e-03 2.756698010567641402e-34
3.526495600471009871e-03 2.773761134594132409e-34
3.692477694808244792e-03 2.792569429961508744e-34
3.866272093132728117e-03 2.811824864277460999e-34
4.048246498321285414e-03 2.827156188350725581e-34
4.238785919976879521e-03 2.835323517908436954e-34
4.438293489006875196e-03 2.838179929555528684e-34
4.647191310541171072e-03 2.837706300905319960e-34
4.865921356994766696e-03 2.837725077815511363e-34
5.094946403164226333e-03 2.839443618916388149e-34
5.334751005336482547e-03 2.842991530271096991e-34
5.585842526481483127e-03 2.843922161004499859e-34
5.848752209697748346e-03 2.840837153097412128e-34
6.124036302181942032e-03 2.832824820811078229e-34
6.412277232100484746e-03 2.822393249908210648e-34
6.714084840853165245e-03 2.811008715862452033e-34
7.030097673335884353e-03 2.797387181617208851e-34
7.360984328932388375e-03 2.780446824740587534e-34
7.707444876093308070e-03 2.758517062937109392e-34
8.070212333495464102e-03 2.733833561504139199e-34
8.450054220915045183e-03 2.707492822010455418e-34
8.847774183096011533e-03 2.678328122891872210e-34
9.264213690049328750e-03 2.646231831200542843e-34
9.700253817380466090e-03 2.611346490412977605e-34
1.015681711041179804e-02 2.574823111762061368e-34
1.063486953604398690e-02 2.537292975983054253e-34
1.113542252648585043e-02 2.498815724616657295e-34
1.165953511917681637e-02 2.458828973870891954e-34
1.220831619742940993e-02 2.416303201240891832e-34
1.278292683653239718e-02 2.371367707594690505e-34
1.338458276027831850e-02 2.324141802909674278e-34
1.401455691311274086e-02 2.274832954200008202e-34
1.467418215334730623e-02 2.223485129556968575e-34
1.536485407313457202e-02 2.170041361853073984e-34
1.608803395117107057e-02 2.114707001564245276e-34
1.684525184437565826e-02 2.057696329499460496e-34
1.763810982508438180e-02 1.999225433659156223e-34
1.846828537061083811e-02 1.939727433705608232e-34
1.933753491234350627e-02 1.879798520065860391e-34
2.024769755188897402e-02 1.819603021874928791e-34
2.120069895212340835e-02 1.759238549373699114e-34
2.219855541138473706e-02 1.698898506070925052e-34
2.324337812942546891e-02 1.638542954844758954e-34
2.433737767415170353e-02 1.577974459741106261e-34
2.548286865859882011e-02 1.517371377359339819e-34
2.668227463803914123e-02 1.456915242201506850e-34
2.793813323758241249e-02 1.396780121292429876e-34
2.925310152111785036e-02 1.337104548006630169e-34
3.062996161295700528e-02 1.277997121980789790e-34
3.207162658407129718e-02 1.219615238463221703e-34
3.358114661537798390e-02 1.162048151816035992e-34
3.516171545111443364e-02 1.105485923965531697e-34
3.681667715595432488e-02 1.050202020429093068e-34
3.854953319016203583e-02 9.965591202455695515e-35
4.036394981775437429e-02 9.446031344481210056e-35
4.226376586334341934e-02 8.943633537367104571e-35
4.425300083407168045e-02 8.458615754883235670e-35
4.633586342382382817e-02 7.990358628061156604e-35
4.851676041770725673e-02 7.537564554516526445e-35
5.080030601564117232e-02 7.100585392316239036e-35
5.319133159478052486e-02 6.679146732241677121e-35
5.569489593142928907e-02 6.273993195273264065e-35
5.831629590407019087e-02 5.885612906780386453e-35
6.106107770015542502e-02 5.514533605034650305e-35
6.393504855036909185e-02 5.160608006621080722e-35
6.694428901518795216e-02 4.823615546118983736e-35
7.009516584973551900e-02 4.503286087782854972e-35
7.339434547414820653e-02 4.199394352222673924e-35
7.684880807795312074e-02 3.911748421736904267e-35
8.046586238829883664e-02 3.639903812662081960e-35
8.425316113328457091e-02 3.382867043806723802e-35
8.821871723310426017e-02 3.140591245318428613e-35
9.237092075326155949e-02 2.912748875874442972e-35
9.671855665572443028e-02 2.698998086018286735e-35
1.012708233855758588e-01 2.498735570952359662e-35
1.060373523324854850e-01 2.311352591150696769e-35
1.110282282081764826e-01 2.136246163316531025e-35
1.162540103830030092e-01 1.973385620143085646e-35
1.217257552267782955e-01 1.823226278959241454e-35
1.274550395011224135e-01 1.684823854900288974e-35
1.334539848528210615e-01 1.556861915720296187e-35
1.397352834600169291e-01 1.438836711248353135e-35
1.463122248854940854e-01 1.330372686669759386e-35
1.531987241938701505e-01 1.231379365052292354e-35
1.604093513921841518e-01 1.140980148499759239e-35
1.679593622561693644e-01 1.058358074543725834e-35
1.758647306074305472e-01 9.827796971489299867e-36
1.841421821098161160e-01 9.138376601437753961e-36
1.928092296564892227e-01 8.514352125811569601e-36
2.018842104225672118e-01 7.948883053956387944e-36
2.113863246617232461e-01 7.432896869818590574e-36
2.213356763288335805e-01 6.963275597913700521e-36
2.317533156146167062e-01 6.537178757116346879e-36
2.426612834822568787e-01 6.153326131183492821e-36
2.540826583002396277e-01 5.807172093935675945e-36
2.660416046700615489e-01 5.494617767475522993e-36
2.785634245521216856e-01 5.212095641361103701e-36
2.916746107979624192e-01 4.954122737875820735e-36
3.054029032021206569e-01 4.712787408977657847e-36
3.197773471921795951e-01 4.486608047860734644e-36
3.348283552811944230e-01 4.272660853432254235e-36
3.505877714125066325e-01 4.071484598684474773e-36
3.670889383330890321e-01 3.882003802728037569e-36
3.843667681379582257e-01 3.702113290575266017e-36
4.024578161349135486e-01 3.531231156582848734e-36
4.214003581858778436e-01 3.368877802255750861e-36
4.412344716884754048e-01 3.214601702167636984e-36
4.620021203691811462e-01 3.068317657473530750e-36
4.837472430674422119e-01 2.930414058318218430e-36
5.065158466986146024e-01 2.800379913024889332e-36
5.303561035924002631e-01 2.676436120418510440e-36
5.553184534127273420e-01 2.559154387897451453e-36
5.814557098747084041e-01 2.448196273270773695e-36
6.088231724844611614e-01 2.342673479416550717e-36
6.374787435382045508e-01 2.242266534526753730e-36
6.674830506281688169e-01 2.146702936031662671e-36
6.988995749145091585e-01 2.055726635199429090e-36
7.317947854346128489e-01 1.968744703648368491e-36
7.662382797339624130e-01 1.884671068432350544e-36
8.023029311160926325e-01 1.803409050439850204e-36
8.400650428231837274e-01 1.724138601011656443e-36
8.796045094734944447e-01 1.647449744677268621e-36
9.210049860971960545e-01 1.573822725409469319e-36
9.643540651282405118e-01 1.504013918212826205e-36
1.009743461726731351e+00 1.437848988243021636e-36
1.057269207823889889e+00 1.375113988842002637e-36
1.107031855300167456e+00 1.315609177784001642e-36
1.159136688726363884e+00 1.259147407732812200e-36
1.213693948117877897e+00 1.205553617861875676e-36
1.270819062173351499e+00 1.154654488712178667e-36
1.330632892491200314e+00 1.105550898541310095e-36
1.393261989280716540e+00 1.058382996867481402e-36
1.458838859108765762e+00 1.013198641206397305e-36
1.527502245248556711e+00 9.699159353455782103e-37
1.599397421223629712e+00 9.284563074111367997e-37
1.674676498168122141e+00 8.887444677438539048e-37
1.753498746653605833e+00 8.507082805835933892e-37
1.836030933663397757e+00 8.142783350776482064e-37
1.922447675427288338e+00 7.793880361095379104e-37
2.012931806863196282e+00 7.459733458873310229e-37
2.107674768407388211e+00 7.136694661076264827e-37
2.206877011051695092e+00 6.826514364750933024e-37
2.310748420444672213e+00 6.529544493781348253e-37
2.419508760953997140e+00 6.245236281417376083e-37
2.533388140629614593e+00 5.973063467681102167e-37
2.652627498051371990e+00 5.712521750909235235e-37
2.777479112091185254e+00 5.463127921590915691e-37
2.908207135668257948e+00 5.224417596239902487e-37
3.045088154626635735e+00 4.995945336669989158e-37
3.188411772917532971e+00 4.777285756011114506e-37
3.338481225324524182e+00 4.566532232200043009e-37
3.495614019027968311e+00 4.364514728814009158e-37
3.660142605366022206e+00 4.171350115771788550e-37
3.832415083213563722e+00 3.986653674725584520e-37
4.012795935467125652e+00 3.810057550722107353e-37
4.201666800194084672e+00 3.641210138584899706e-37
4.399427278077650882e+00 3.479775379515934584e-37
4.606495777865983854e+00 3.325431475481456250e-37
4.823310401614190113e+00 3.177870613697020614e-37
5.050329871592137643e+00 3.036803192403800999e-37
5.288034500819181360e+00 2.901351619485586052e-37
5.536927209279186357e+00 2.771897087974009918e-37
5.797534587965900599e+00 2.648417432376042264e-37
6.070408013009905623e+00 2.530627521153895211e-37
6.356124812244346778e+00 2.418256319324029769e-37
6.655289486677591348e+00 2.311046226720920167e-37
6.968534989457117135e+00 2.208752410979669394e-37
7.296524065030586925e+00 2.111141914868762292e-37
7.639950651337415799e+00 2.017993200062365579e-37
7.999541347997503493e+00 1.929096263525378533e-37
8.376056953603416844e+00 1.843821159734795314e-37
8.770294075368539666e+00 1.762324007886744360e-37
9.183086814536761011e+00 1.684589394352427814e-37
9.615308531119614699e+00 1.610436631414646090e-37
1.006787369169453505e+01 1.539694086085536044e-37
1.054173980417373713e+01 1.472198722225718823e-37
1.103790944363713145e+01 1.407795658154611572e-37
1.155743237351543229e+01 1.346337666906131169e-37
1.210140776661129536e+01 1.287684822451843363e-37
1.267098653065760416e+01 1.231701371680458493e-37
1.326737374333313824e+01 1.177945219614929906e-37
1.389183120188750209e+01 1.126381767599672477e-37
1.454568009276961860e+01 1.076996208591502056e-37
1.523030378690803310e+01 1.029700055326916067e-37
1.594715076655708508e+01 9.844084107299788194e-38
1.669773768990139473e+01 9.410398069111523782e-38
1.748365259990254472e+01 8.995160533184464025e-38
1.830655828417700093e+01 8.597620977914291996e-38
1.916819579301396814e+01 8.217058882395987048e-38
2.007038812297623664e+01 7.852780365441149261e-38
2.101504407387773909e+01 7.503124012315351544e-38
2.200416228729778112e+01 7.168012950535089616e-38
2.303983547517706754e+01 6.847223819789603292e-38
2.412425484744126081e+01 6.540172273467899356e-38
2.525971474802037164e+01 6.246297805140564601e-38
2.644861750907232789e+01 5.965062577617785677e-38
2.769347853368099166e+01 5.695950341624741604e-38
2.899693161778229822e+01 5.438465819399014656e-38
3.036173452257828131e+01 5.192133562862849308e-38
3.179077480922873633e+01 4.956510850466605389e-38
3.328707594816519588e+01 4.731545070103982581e-38
3.485380371595289262e+01 4.517387767613872118e-38
3.649427289323474355e+01 4.313646269622919592e-38
3.821195427792855526e+01 4.119782704107605597e-38
4.001048202851531954e+01 3.935288632710346301e-38
4.189366135295522042e+01 3.759683240623063328e-38
4.386547655949897262e+01 3.592511657045372793e-38
4.593009948642792040e+01 3.433343954263454576e-38
4.809189832855794577e+01 3.281773432627952280e-38
5.035544687918176265e+01 3.137407461908622739e-38
5.272553420700307925e+01 2.999246343675235236e-38
5.520717478853649141e+01 2.866822270737244258e-38
5.780561911741050807e+01 2.739975468200436113e-38
6.052636481302027960e+01 2.618483258373197824e-38
6.337516825203288562e+01 2.502131390329994374e-38
6.635805674735443915e+01 2.390713620179191199e-38
6.948134130032647704e+01 2.284031316246681365e-38
7.275162995313185377e+01 2.181893748688493875e-38
7.617584176966026632e+01 2.084117474768981513e-38
7.976122147441341781e+01 1.990527815530967054e-38
8.351535478042148952e+01 1.901031708973326359e-38
8.744618443860116486e+01 1.815552265372265111e-38
9.156202704251099078e+01 1.733931303383537810e-38
9.587159062405881116e+01 1.655994077003105392e-38
1.003839930773889364e+02 1.581573806751623474e-38
1.051087814499291113e+02 1.510511198078921380e-38
1.100559521414121207e+02 1.442653975759873073e-38
1.152359720536077390e+02 1.377857156798138048e-38
1.206598007355122775e+02 1.315982378418704384e-38
1.263389135708491153e+02 1.256898064272851567e-38
1.322853260569386009e+02 1.200510986762333881e-38
1.385116192263053847e+02 1.146723651321691133e-38
1.450309662648081428e+02 1.095416363513150567e-38
1.518571603826089813e+02 1.046471557538813025e-38
1.590046439969495964e+02 9.997774209722452245e-39
1.664885392884778526e+02 9.552274897130721565e-39
1.743246801957733680e+02 9.127202413950780647e-39
1.825296459157642346e+02 8.721594661581116481e-39
1.911207959809127317e+02 8.334536554604708121e-39
2.001163069873845188e+02 7.965149659368937318e-39
2.095352110519075666e+02 7.611991337147914643e-39
2.193974360786867237e+02 7.273868816158631062e-39
2.297238479215644418e+02 6.950123286266332418e-39
2.405362945306391680e+02 6.640173349347044677e-39
2.518576521767343195e+02 6.343459853358279130e-39
2.637118738515238192e+02 6.059443976606352129e-39
2.761240399457126955e+02 5.787605010574123632e-39
2.891204113124957189e+02 5.527446181179769004e-39
3.027284848285611361e+02 5.278490217752645552e-39
3.169770515701930549e+02 5.040282904684503806e-39
3.318962577275565309e+02 4.813035419780821193e-39
3.475176683860449884e+02 4.596494529313978036e-39
3.638743343096333547e+02 4.390051970236057530e-39
3.810008618675333878e+02 4.193221364758523434e-39
3.989334862520975662e+02 4.005540568386375891e-39
4.177101481428804846e+02 3.826569311220324509e-39
4.373705739790595430e+02 3.655886415220724026e-39
4.579563600100492522e+02 3.493095544496815623e-39
4.795110603021387305e+02 3.337820322504227694e-39
5.020802788873502323e+02 3.189700958218310690e-39
5.257117662494824799e+02 3.048331133186497910e-39
5.504555203514757977e+02 2.913164491948286730e-39
5.763638924178487741e+02 2.783829357057939089e-39
6.034916976960114425e+02 2.660081523884177207e-39
6.318963314307986820e+02 2.541686729818461187e-39
6.616378902975928895e+02 2.428419148992019524e-39
6.927792995509594220e+02 2.320059242687090986e-39
7.253864461578040164e+02 2.216400645111742626e-39
7.595283181967298560e+02 2.117245830955555293e-39
7.952771508185238645e+02 2.022405460719651846e-39
8.327085790765873980e+02 1.931900141339905754e-39
8.719017979506602387e+02 1.845485013178520956e-39
9.129397299024034282e+02 1.762866829788171033e-39
9.559092003173477679e+02 1.683882301532495211e-39
1.000901121204393007e+03 1.608375017267389563e-39
1.048010683541519484e+03 1.536194003458130278e-39
1.097337558674664479e+03 1.467191437015658644e-39
1.148986109195868039e+03 1.401230330733335947e-39
1.203065609746853852e+03 1.338179956523787916e-39
1.259690478215203711e+03 1.277915896005646035e-39
1.318980517812277412e+03 1.220644276107731916e-39
1.381061170545050345e+03 1.166265300199723335e-39
1.446063782618147343e+03 1.114512238390478951e-39
1.514125882327594354e+03 1.065250120070889596e-39
1.585391471034235792e+03 1.018351605699543792e-39
1.660011327832442475e+03 9.736953245426424321e-40
1.738143328558704980e+03 9.311632155399128577e-40
1.819952779815055237e+03 8.906486257740179317e-40
1.905612768714014464e+03 8.520512936317707183e-40
1.995304529085041850e+03 8.152757845109870804e-40
2.089217824917275721e+03 7.802450567880148601e-40
2.187551351849830553e+03 7.467305708304149900e-40
2.290513157559103092e+03 7.145665347325889601e-40
2.398321081932488141e+03 6.837028722233438281e-40
2.511203217959860012e+03 6.540921073726660287e-40
2.629398394317859584e+03 6.256071058007253825e-40
2.753156680668068020e+03 5.976233263866285022e-40
2.882739916738120428e+03 5.705790679991981851e-40
3.018422266305160974e+03 5.452265542162650610e-40
3.160490797253720302e+03 5.217964157055842377e-40
3.309246088935259195e+03 4.994361344461114652e-40
3.465002868114400826e+03 4.782532218780657030e-40
3.628090674847333958e+03 4.567726813553258363e-40
3.798854559701215749e+03 4.359850997589498595e-40
3.977655813789706372e+03 4.173104535117721470e-40
4.164872733169192543e+03 3.990988185813901485e-40
4.360901419212961628e+03 3.822552807934155791e-40
4.566156616656709957e+03 3.657759152505519431e-40
4.781072591088459376e+03 3.497193697738634327e-40
5.006104047739424459e+03 3.346095086324971325e-40
5.241727093519751179e+03 3.195614324746949613e-40
5.488440244334523413e+03 3.052457383693379239e-40
5.746765479811276236e+03 2.917288764755329426e-40
6.017249347670518546e+03 2.785112022850630143e-40
6.300464120075826031e+03 2.652711448876652497e-40
6.597009004410038870e+03 2.526154266948007262e-40
6.907511411039250561e+03 2.403892401475734949e-40
7.232628280746817836e+03 2.290020577762579375e-40
7.573047474645920374e+03 2.179636365599821521e-40
7.929489229511331359e+03 2.066733230006290898e-40
8.302707681609512292e+03 1.956606957699830947e-40
8.693492462251046163e+03 1.844777640967700692e-40
9.102670368441164101e+03 1.735888366181723834e-40
9.531107112163048441e+03 1.630944893451735095e-40
9.979709151994899003e+03 1.528557938656583276e-40
1.044942561093597942e+04 1.426274811724622234e-40
1.094125028449936690e+04 1.325933608885005784e-40
1.145622374331962783e+04 1.217785813740401461e-40
1.199543553472474377e+04 1.107374190505623446e-40
1.256002648792907530e+04 9.989177976610987942e-41
1.315119112772594963e+04 8.878098470564691668e-41
1.377018020178507140e+04 7.755006480970544565e-41
1.441830332690345858e+04 6.627267398201890443e-41
1.509693175980699380e+04 5.506105308275419849e-41
1.580750129836660744e+04 4.416523162856437000e-41
1.655151531936549509e+04 3.395799284883147451e-41
1.733054795924637438e+04 2.445897895235987653e-41
1.814624744456638291e+04 1.622122296890592695e-41
1.900033957920811372e+04 9.541387011531888320e-42
1.989463139572257569e+04 4.909230594781903270e-42
2.083101497853165347e+04 2.627676173136869220e-42
2.181147146707654974e+04 1.393941050842144398e-42
2.283807524738435313e+04 6.131004478337566486e-43
2.391299834091836601e+04 1.620220512739187052e-43
2.503851500000001761e+04 1.866081283887842221e-44
