5.109905999999998913e-04 8.438844956939423768e-38
5.350890919217762744e-04 1.047605256980499271e-37
5.603240769862914304e-04 1.282741399027039958e-37
5.867491525998760026e-04 1.547175965457212756e-37
6.144204438409222018e-04 1.825112025655787756e-37
6.433967226657669267e-04 2.097092168126355824e-37
6.737395327363600393e-04 2.336135784034162405e-37
7.055133201348533657e-04 2.542573976204186854e-37
7.387855702427328572e-04 2.718676776725895483e-37
7.736269510752167601e-04 2.882194023610991825e-37
8.101114633753542238e-04 3.046639997259400658e-37
8.483165977866123121e-04 3.229711959908805319e-37
8.883234994377758572e-04 3.383350311074040882e-37
9.302171402897316558e-04 3.497638307175949236e-37
9.740864996101771065e-04 3.642156836291386019e-37
1.020024752959587709e-03 3.808109072668643553e-37
1.068129470089821797e-03 3.968780982623139749e-37
1.118502822175693580e-03 4.111301453453215504e-37
1.171251798819657229e-03 4.236972464177180464e-37
1.226488435290507386e-03 4.375073233306863466e-37
1.284330050478731632e-03 4.511839377238600246e-37
1.344899496073927257e-03 4.627622359249581789e-37
1.408325417493496790e-03 4.739283378129361868e-37
1.474742527116842819e-03 4.850644538738639264e-37
1.544291890405375669e-03 4.954820390552964290e-37
1.617121225516038796e-03 5.058945129306050716e-37
1.693385217044711356e-03 5.170220783018044352e-37
1.773245844565856820e-03 5.279180524738033549e-37
1.856872726666220115e-03 5.383829068490038825e-37
1.944443481203256188e-03 5.487125671396268688e-37
2.036144102553487552e-03 5.592498778223438104e-37
2.132169356652012775e-03 5.702481227478054572e-37
2.232723194662218028e-03 5.813101184973318573e-37
2.338019186154293143e-03 5.920467145527327083e-37
2.448280972712589890e-03 6.016986104818880328e-37
2.563742742935277465e-03 6.104930355616739598e-37
2.684649729835112374e-03 6.187108992929306338e-37
2.811258731697828701e-03 6.269699914809354198e-37
2.943838657504376736e-03 6.351068049294894977e-37
3.082671098075460015e-03 6.424048814230757987e-37
3.228050924151448613e-03 6.499070002861396344e-37
3.380286912677939876e-03 6.581353486427962683e-37
3.539702402627182935e-03 6.655512367043184527e-37
3.706635981748211163e-03 6.722846181945766077e-37
3.881442205704434528e-03 6.792595883524457491e-37
4.064492351125915948e-03 6.854817144883282837e-37
4.256175204175913218e-03 6.905003364403221767e-37
4.456897886306461845e-03 6.953469870340982416e-37
4.667086718956878384e-03 7.000946912569451100e-37
4.887188129031770287e-03 7.045441923557912512e-37
5.117669597081615090e-03 7.084706740180343082e-37
5.359020650199992734e-03 7.117070946107962888e-37
5.611753901746062943e-03 7.139468845184689459e-37
5.876406140100790161e-03 7.154394412102473845e-37
6.153539468769254721e-03 7.166727935561489445e-37
6.443742500250586314e-03 7.179414306288391405e-37
6.747631606211243124e-03 7.189959837106477951e-37
7.065852226616787038e-03 7.180475606788296751e-37
7.399080240602942671e-03 7.162935450272638523e-37
7.748023401997186123e-03 7.156041994768787599e-37
8.113422842540247981e-03 7.133855611763880284e-37
8.496054645999865859e-03 7.093048032754417972e-37
8.896731496520402654e-03 7.062320921791598741e-37
9.316304404709143880e-03 7.032283921575007431e-37
9.755664515125437794e-03 6.987931386280151908e-37
1.021574499901166562e-02 6.933317719746717850e-37
1.069752303628594692e-02 6.870046265709568774e-37
1.120202189100647124e-02 6.798359984697298521e-37
1.173031308471528256e-02 6.719175581490981962e-37
1.228351867227779268e-02 6.633500564368453516e-37
1.286281362505162576e-02 6.541611932746268268e-37
1.346942832644656626e-02 6.443811224218091842e-37
1.410465118517590342e-02 6.340404601072673750e-37
1.476983137174965773e-02 6.229773784251808870e-37
1.546638168402175197e-02 6.110208812415059653e-37
1.619578154787738519e-02 5.982318278084637594e-37
1.695958015943379790e-02 5.846746873939548603e-37
1.775939977542836945e-02 5.704167595463406747e-37
1.859693915878249046e-02 5.553935047291593685e-37
1.947397718665949337e-02 5.395405874087770387e-37
2.039237662867970230e-02 5.229538471588963726e-37
2.135408810331750409e-02 5.057320878424985458e-37
2.236115422088345850e-02 4.879733880181085552e-37
2.341571392189079059e-02 4.696952366095657856e-37
2.452000702002079743e-02 4.509198256198091402e-37
2.567637895933605127e-02 4.317658138950748061e-37
2.688728579584543157e-02 4.123497809394555751e-37
2.815529941400136960e-02 3.927850322301175721e-37
2.948311298920902948e-02 3.730080552223887170e-37
3.087354670794919057e-02 3.529745679492606669e-37
3.232955375766419226e-02 3.328433628281939669e-37
3.385422659912880328e-02 3.127660794078433459e-37
3.545080353462838618e-02 2.928822467068715892e-37
3.712267558589452815e-02 2.733393624236801808e-37
3.887339369640654962e-02 2.542650897757571469e-37
4.070667627335588373e-02 2.357504782925552863e-37
4.262641708529219670e-02 2.178742488266964375e-37
4.463669353222524117e-02 2.007027185460542875e-37
4.674177530574737116e-02 1.845984491705566749e-37
4.894613345757059530e-02 1.698177173247406975e-37
5.125444989573884474e-02 1.562394085721150307e-37
5.367162732868487746e-02 1.437586155253313276e-37
5.620279967825232009e-02 1.322807056755804162e-37
5.885334298379958640e-02 1.217876508830650574e-37
6.162888682054458445e-02 1.122533513259209210e-37
6.453532625640302778e-02 1.035857590854113450e-37
6.757883437271501592e-02 9.570461145650285628e-38
7.076587537545349360e-02 8.853946571566064010e-38
7.410321832476175763e-02 8.190782272026198582e-38
7.759795151198067842e-02 7.565833169132866093e-38
8.125749751470130733e-02 6.977998350527155580e-38
8.508962896181949953e-02 6.426195258870529779e-38
8.910248504207490816e-02 5.909102361654711049e-38
9.330458879113925907e-02 5.428073836083602138e-38
9.770486519396925917e-02 4.983384312048791638e-38
1.023126601408726188e-01 4.572313736401561390e-38
1.071377602775488574e-01 4.192438780651043181e-38
1.121904137912645150e-01 3.841580098387176379e-38
1.174813521773121899e-01 3.523837782918861431e-38
1.230218130319821745e-01 3.241479494728662911e-38
1.288235639204594052e-01 2.990153022585777844e-38
1.348989273703382064e-01 2.766117540541477361e-38
1.412608070438398089e-01 2.566100537437614295e-38
1.479227151443207045e-01 2.388618201334786340e-38
1.548988011152810929e-01 2.232181187137096647e-38
1.622038816928286498e-01 2.094197093518060659e-38
1.698534723754271114e-01 1.972451770332855121e-38
1.778638203777678783e-01 1.865051574751030611e-38
1.862519391387586487e-01 1.767997184104102343e-38
1.950356444569202041e-01 1.678046489140670935e-38
2.042335923299408440e-01 1.594617503959138485e-38
2.138653185787572630e-01 1.517071330692684455e-38
2.239512803403203856e-01 1.445065044978903546e-38
2.345128995171754938e-01 1.377339599126791708e-38
2.455726082761370277e-01 1.312861078757334993e-38
2.571538966926990022e-01 1.251493024316899307e-38
2.692813626423707363e-01 1.193104108331695664e-38
2.819807640449055186e-01 1.137568032586455759e-38
2.952790735723850868e-01 1.085231668501378992e-38
3.092045359373556956e-01 1.036332202859701433e-38
3.237867278826924711e-01 9.905926731843380380e-39
3.390566210006079051e-01 9.474637399016796512e-39
3.550466475142227130e-01 9.070921909818243114e-39
3.717907691614218968e-01 8.691152167279534250e-39
3.893245493272949331e-01 8.332258794789015794e-39
4.076852285783673646e-01 7.993057745752982977e-39
4.269118037590523551e-01 7.672438355451342528e-39
4.470451108183178257e-01 7.369358255221799075e-39
4.681279115424893944e-01 7.082261467221144868e-39
4.902049843783981564e-01 6.809792065747462418e-39
5.133232195397834374e-01 6.550564378908572411e-39
5.375317185989436641e-01 6.298448139599735430e-39
5.628818987751645908e-01 6.058778313967036643e-39
5.894276021414250888e-01 5.830774945847189832e-39
6.172252099813289039e-01 5.613728361734934092e-39
6.463337625391478714e-01 5.407120716152367671e-39
6.768150844173212999e-01 5.210459365269750990e-39
7.087339158877382639e-01 5.023275457252061399e-39
7.421580503957108110e-01 4.844894804843806311e-39
7.771584785486794766e-01 4.674726389749868051e-39
8.138095388954752485e-01 4.511509615422581321e-39
8.521890758163838120e-01 4.348061603688806756e-39
8.923786048593578268e-01 4.191797227765810323e-39
9.344634858735474392e-01 4.042702827920615458e-39
9.785331043078565605e-01 3.900692901027757299e-39
1.024681061059612208e+00 3.765412306520529539e-39
1.073005371276556152e+00 3.636524407854480302e-39
1.123608672534408548e+00 3.513710070305553776e-39
1.176598442832156310e+00 3.396666715219000987e-39
1.232087228868074424e+00 3.285107427404443918e-39
1.290192885081320906e+00 3.177775936076458808e-39
1.351038823966822067e+00 3.067612113078028827e-39
1.414754278195081261e+00 2.962346291799520246e-39
1.481474575093659762e+00 2.861735255334851628e-39
1.551341424073292119e+00 2.765548686244117686e-39
1.624503217609116978e+00 2.673568442092989630e-39
1.701115346416286922e+00 2.585587874020245610e-39
1.781340529489364721e+00 2.501411185639754569e-39
1.865349159706500393e+00 2.420852829757606673e-39
1.953319665732402788e+00 2.343736940553083304e-39
2.045438890988795499e+00 2.268790814972770042e-39
2.141902490497241907e+00 2.189836991002394400e-39
2.242915346437215351e+00 2.113529214612763311e-39
2.348692003302029541e+00 2.039797906278500634e-39
2.459457123576873627e+00 1.968574235955564675e-39
2.575445964906775576e+00 1.899790161461206514e-39
2.696904879767983321e+00 1.833378465548011000e-39
2.824091838703995272e+00 1.769272791545688546e-39
2.957276978237604936e+00 1.707407677457749871e-39
3.096743174622654582e+00 1.647718588413245126e-39
3.242786644654119144e+00 1.589772620270914198e-39
3.395717574812602724e+00 1.529921970811985274e-39
3.555860780079497907e+00 1.472800001383455177e-39
3.723556393822113009e+00 1.418259932730053672e-39
3.899160590213986310e+00 1.366163976675550934e-39
4.083046340724818535e+00 1.316382731669075435e-39
4.275604206286720554e+00 1.268794621820664890e-39
4.477243166819289577e+00 1.223285376128248355e-39
4.688391489875376017e+00 1.179747544859115378e-39
4.909497640252480366e+00 1.138076023569191856e-39
5.141031232501740433e+00 1.097492500854420739e-39
5.383484028357555573e+00 1.055475321885804430e-39
5.637370981206374587e+00 1.014936247281302699e-39
5.903231329812896000e+00 9.758321006024430952e-40
6.181629743626907647e+00 9.381205140728735165e-40
6.473157522103084816e+00 9.017599329514620455e-40
6.778433850581111919e+00 8.667096190744057874e-40
7.098107115393670341e+00 8.329296535650058030e-40
7.432856280995178366e+00 8.003809387138210286e-40
7.783392332036608963e+00 7.690333516017820444e-40
8.150459783448820161e+00 7.387068845576626860e-40
8.534838261742159204e+00 7.081231324323243670e-40
8.937344160880551058e+00 6.788630541448254688e-40
9.358832376247153917e+00 6.508664360876450771e-40
9.800198120384633782e+00 6.240759553708070390e-40
1.026237882436605986e+01 5.984370331718991760e-40
1.074635612883545832e+01 5.738976959337885768e-40
1.125315796894615161e+01 5.504084439687676584e-40
1.178386075762588270e+01 5.279221270541394118e-40
1.233959167180508487e+01 5.063918818854663104e-40
1.292153104646482831e+01 4.856230219548813081e-40
1.353091488158865019e+01 4.649293410631481274e-40
1.416903746734306679e+01 4.451309053917911295e-40
1.483725413306279073e+01 4.261883241812284677e-40
1.553698412587860567e+01 4.080639726881084121e-40
1.626971362510278496e+01 3.907219113711670249e-40
1.703699889877346507e+01 3.741278088570324803e-40
1.784046960906323775e+01 3.582488685050869601e-40
1.868183227357157961e+01 3.430537583993505115e-40
1.956287388985304787e+01 3.285088076502970662e-40
2.048546573087979894e+01 3.144968768349426784e-40
2.145156731949889206e+01 3.006609275028175141e-40
2.246323059032696179e+01 2.874252758250654720e-40
2.352260424792062921e+01 2.747643060947091067e-40
2.463193833048035586e+01 2.626534753121491349e-40
2.579358898877972450e+01 2.510692691589903287e-40
2.701002349047058715e+01 2.399891597426743966e-40
2.828382546039353684e+01 2.293915650419733601e-40
2.961770036802239048e+01 2.192558099862314849e-40
3.101448127369932095e+01 2.095523470538546118e-40
3.247713484586348898e+01 2.002007127655397587e-40
3.400876766205514912e+01 1.910023948021959851e-40
3.561263280707665047e+01 1.821971209952467948e-40
3.729213678232493123e+01 1.737697163360215358e-40
3.905084674097125230e+01 1.657055256433792951e-40
4.089249806435333312e+01 1.579903968569583492e-40
4.282100229567402039e+01 1.506106649964056727e-40
4.484045544785460180e+01 1.435531367455942569e-40
4.695514670319065686e+01 1.368050764840989413e-40
4.916956752328527358e+01 1.303638484660437755e-40
5.148842118861121264e+01 1.241932966796717615e-40
5.391663278796116998e+01 1.181607554370986005e-40
5.645935967900386032e+01 1.124198127002742365e-40
5.912200244216461442e+01 1.069564509313148479e-40
6.191021635109311205e+01 1.017573224081726566e-40
6.482992338408408273e+01 9.680971741746847959e-41
6.788732480195889707e+01 9.210153394830829845e-41
7.108891431912610415e+01 8.762124881666529762e-41
7.444149189579258064e+01 8.335764505120142969e-41
7.795217818061993853e+01 7.929132783528222628e-41
8.162842963450300715e+01 7.538351469766471850e-41
8.547805436758875430e+01 7.153606456643248206e-41
8.950922872317678980e+01 6.787223766302483089e-41
9.373051464371987151e+01 6.438401932282783023e-41
9.815087785581336277e+01 6.106371313903329444e-41
1.027797069127933298e+02 5.790392864052187688e-41
1.076268331353900720e+02 5.489756955096637666e-41
1.127025514927916277e+02 5.203782259141037277e-41
1.180176424684623413e+02 4.931775649722703949e-41
1.235833949571644723e+02 4.672695209693602496e-41
1.294116302418074156e+02 4.423512379955632128e-41
1.355147271010572183e+02 4.175916007337322279e-41
1.419056481010256903e+02 3.940983159301601477e-41
1.485979671268882782e+02 3.718148031261438155e-41
1.556058982129000015e+02 3.506866349562526541e-41
1.629443257320446889e+02 3.306614537685730557e-41
1.706288360094413008e+02 3.116888940965775665e-41
1.786757504266449530e+02 2.937205103895536223e-41
1.871021600871630426e+02 2.767079451910189887e-41
1.959259621168037313e+02 2.605979472714201384e-41
2.051658976759665620e+02 2.451128504324292039e-41
2.148415917646022422e+02 2.294973955890272554e-41
2.249735949043874541e+02 2.148053490880894164e-41
2.355834267866500511e+02 2.009875740629398946e-41
2.466936219787384346e+02 1.879972529281616874e-41
2.583277777859265143e+02 1.757897808417941586e-41
2.705106043704947183e+02 1.643226658964971493e-41
2.832679772344516778e+02 1.535554353976375479e-41
2.966269921773537703e+02 1.434358037087577989e-41
3.106160228459543760e+02 1.338939653187009465e-41
3.252647809979198428e+02 1.246681392605702524e-41
3.406043796075940122e+02 1.150756457167531030e-41
3.566673989478625799e+02 1.061478496666799600e-41
3.734879557884499945e+02 9.784556672221038672e-42
3.911017758576421670e+02 9.013155121577472775e-42
4.095462697213218348e+02 8.297037616793269188e-42
4.288606122404850112e+02 7.632833013248642257e-42
4.490858257760092442e+02 7.017332840692801098e-42
4.702648673173745806e+02 6.445703714120160323e-42
4.924427197204192908e+02 5.913005494511147750e-42
5.156664872478842199e+02 5.394474543079677593e-42
5.399854956156981416e+02 4.830553514241258331e-42
5.654513967574628168e+02 4.319842906242185964e-42
5.921182785296845168e+02 3.858391236982285158e-42
6.200427795907295376e+02 3.446305441736770573e-42
6.492842096975116419e+02 3.076779269853008467e-42
6.799046756754236185e+02 2.745050703361857444e-42
7.119692133290355969e+02 2.447450955748460845e-42
7.455459255737690683e+02 2.174864703045747538e-42
7.807061270818835510e+02 1.932595570909173176e-42
8.175244957500424334e+02 1.699578829161714002e-42
8.560792313101235322e+02 1.437194613012387076e-42
8.964522214201706447e+02 1.213615825598510410e-42
9.387292155882688576e+02 1.027595340959594731e-42
9.830000072987012345e+02 8.673912734386025496e-43
1.029358624727269216e+03 7.298647420421086013e-43
1.077903530450780409e+03 6.126927121939358713e-43
1.128737830574934833e+03 5.129650177621842057e-43
1.181969493724734775e+03 4.185584719797628053e-43
1.237711580362553605e+03 3.309108382436961800e-43
1.296082482920950497e+03 2.558861190222310074e-43
1.357206177260192135e+03 1.930937240048171485e-43
1.421212485984639216e+03 1.415401086591411662e-43
1.488237354177181032e+03 9.938311757959196278e-44
1.558423138137441356e+03 6.759096431879680205e-44
1.631918907736951496e+03 4.378892736770003165e-44
1.708880763033491576e+03 2.608043676014442564e-44
1.789472165817109499e+03 1.381612255846563467e-44
1.873864286791910899e+03 6.543207998041695973e-45
1.962236369131118636e+03 3.777574065444021594e-45
2.054776109177454146e+03 1.619305004667613215e-45
2.151680055097541754e+03 6.925363906712020749e-46
2.253154024336925886e+03 3.821590552088182412e-46
2.359413540762472621e+03 6.354616089981530763e-47
2.470684292420517977e+03 3.082869635313989620e-47
2.587202610883038687e+03 0.000000000000000000e+00
2.709215973200006829e+03 0.000000000000000000e+00
2.836983527523915200e+03 0.000000000000000000e+00
2.970776643523014627e+03 0.000000000000000000e+00
3.110879488752143516e+03 0.000000000000000000e+00
3.257589632205490034e+03 0.000000000000000000e+00
3.411218676333050098e+03 0.000000000000000000e+00
3.572092918863192153e+03 0.000000000000000000e+00
3.740554045837076501e+03 0.000000000000000000e+00
3.916959857326702149e+03 0.000000000000000000e+00
4.101685027378190171e+03 0.000000000000000000e+00
4.295121899794125966e+03 0.000000000000000000e+00
4.497681321445387766e+03 0.000000000000000000e+00
4.709793514882172531e+03 0.000000000000000000e+00
4.931908992097643932e+03 0.000000000000000000e+00
5.164499511385091864e+03 0.000000000000000000e+00
5.408059079320644742e+03 0.000000000000000000e+00
5.663104999999997744e+03 0.000000000000000000e+00
