5.109905999999998913e-04 1.570867242878868869e-33
5.350482377794910744e-04 1.883397363723226754e-33
5.602385185773263833e-04 2.229778160546876897e-33
5.866147676708557621e-04 2.598368791602572241e-33
6.142328209123950646e-04 2.976058432324422077e-33
6.431511429280748751e-04 3.337263511971630289e-33
6.734309508815474734e-04 3.645437288169719076e-33
7.051363440645268483e-04 3.903194685810013559e-33
7.383344395885139142e-04 4.114157732583635964e-33
7.730955144649285680e-04 4.296971422258141896e-33
8.094931543744435633e-04 4.467768898068112964e-33
8.476044094404233632e-04 4.650435379696045022e-33
8.875099573362509389e-04 4.808564056986699168e-33
9.292942740717979140e-04 4.932910212860317594e-33
9.730458128206026730e-04 5.072792621336713643e-33
1.018857191166287627e-03 5.210808571474181823e-33
1.066825387164626725e-03 5.311427704297666191e-33
1.117051944636274999e-03 5.399686911858201253e-33
1.169643188124778067e-03 5.486816021660084919e-33
1.224710447974871339e-03 5.574832656925426082e-33
1.282370296007571877e-03 5.652312695859900863e-33
1.342744792290926324e-03 5.704619831766443413e-33
1.405961743528843155e-03 5.745703670103553150e-33
1.472154973614951939e-03 5.777403389406196306e-33
1.541464606924264520e-03 5.786833288863187895e-33
1.614037364942297976e-03 5.782793775304630510e-33
1.690026876859634670e-03 5.776527111202102829e-33
1.769594004789373093e-03 5.764631169898949435e-33
1.852907184295966500e-03 5.742562773416440053e-33
1.940142780956277246e-03 5.698661387980078134e-33
2.031485463707665990e-03 5.644216285376029558e-33
2.127128595773462513e-03 5.591617814870913721e-33
2.227274643993362550e-03 5.542593982953486406e-33
2.332135607425250660e-03 5.493005903631111237e-33
2.441933466125765888e-03 5.428734753291009710e-33
2.556900651059639765e-03 5.361194730437177758e-33
2.677280536132550879e-03 5.300237856428650600e-33
2.803327953389072105e-03 5.233247917833752650e-33
2.935309732466335076e-03 5.154488414921147120e-33
3.073505265445395946e-03 5.057257550922220225e-33
3.218207098296027840e-03 4.951062052184898866e-33
3.369721550166952361e-03 4.844010178470269408e-33
3.528369361832494038e-03 4.739351634032840781e-33
3.694486374668390360e-03 4.634858672830812395e-33
3.868424241594000095e-03 4.523232964966648896e-33
4.050551171486004541e-03 4.406304752860532649e-33
4.241252708639337357e-03 4.285455128902722804e-33
4.440932548925505610e-03 4.158562850388383395e-33
4.650013394375895372e-03 4.032034118793254656e-33
4.868937847999269160e-03 3.920225682078323175e-33
5.098169350727542112e-03 3.808509874769578495e-33
5.338193162473412953e-03 3.688266199089828971e-33
5.589517389376494165e-03 3.564948205632163268e-33
5.852674059412667912e-03 3.441404349482784916e-33
6.128220248643501816e-03 3.320836088529852702e-33
6.416739260489926801e-03 3.203561778516328175e-33
6.718841860526613211e-03 3.089291563995383610e-33
7.035167569410948236e-03 2.975580963785050879e-33
7.366386016683590214e-03 2.863128606072030277e-33
7.713198358306481810e-03 2.753809347778159520e-33
8.076338760939138703e-03 2.648822975850973506e-33
8.456575956095250743e-03 2.547637292617354000e-33
8.854714867469545489e-03 2.444628284347585624e-33
9.271598314879853781e-03 2.342732478184792472e-33
9.708108798431449443e-03 2.247659488857323063e-33
1.016517036668056727e-02 2.156302191793528119e-33
1.064375057275171801e-02 2.067165808560988838e-33
1.114486252254984731e-02 1.980275443890552465e-33
1.166956701940308205e-02 1.895635777432105667e-33
1.221897480967613046e-02 1.813242643208787058e-33
1.279424893410800561e-02 1.733125801644996457e-33
1.339660718985168086e-02 1.655280979763613288e-33
1.402732470842752571e-02 1.579751825469302578e-33
1.468773665504779537e-02 1.506551922890581800e-33
1.537924105502638458e-02 1.435686963251672187e-33
1.610330175325705090e-02 1.367155170599081658e-33
1.686145151302505599e-02 1.300953720846872796e-33
1.765529526071202629e-02 1.237075517191288545e-33
1.848651348326285637e-02 1.175686070192854699e-33
1.935686578560661883e-02 1.117042341258577516e-33
2.026819461556230578e-02 1.061046508101723299e-33
2.122242916411453198e-02 1.007575417343871134e-33
2.222158944931583099e-02 9.565512089246504645e-34
2.326779059246055284e-02 9.077201861702598226e-34
2.436324729558283012e-02 8.607417041944295532e-34
2.551027852975681909e-02 8.155884987048284337e-34
2.671131244412398159e-02 7.722390512358316602e-34
2.796889150603932075e-02 7.306693828478309251e-34
2.928567788321766521e-02 6.909378667828290935e-34
3.066445907927355108e-02 6.531496186864940782e-34
3.210815383458450606e-02 6.172294502976033777e-34
3.361981830496933027e-02 5.830837817886752220e-34
3.520265253126090427e-02 5.506536057109440240e-34
3.686000721346909675e-02 5.198773342370029436e-34
3.859539080387384968e-02 4.906991859474842192e-34
4.041247693406394004e-02 4.630465244995242546e-34
4.231511219164355020e-02 4.368507880069438639e-34
4.430732426306933230e-02 4.120465384368829468e-34
4.639333045985532394e-02 3.885466430979203083e-34
4.857754664619504809e-02 3.662537386196831671e-34
5.086459658689945068e-02 3.451171230670481704e-34
5.325932173543952708e-02 3.250752874403041218e-34
5.576679148281371567e-02 3.060930278972503035e-34
5.839231388893620367e-02 2.882150415015083741e-34
6.114144691926274439e-02 2.715404816285322264e-34
6.402001021044195772e-02 2.559824008547262931e-34
6.703409738989719868e-02 2.414572732883053529e-34
7.019008897542013126e-02 2.278886684036804124e-34
7.349466588208125595e-02 2.152081642286083806e-34
7.695482356505209398e-02 2.033546038317288030e-34
8.057788682827586590e-02 1.922667428168638009e-34
8.437152533033741297e-02 1.818782667389819870e-34
8.834376982035430093e-02 1.721467968531557596e-34
9.250302913826126405e-02 1.629949362140885511e-34
9.685810801547349580e-02 1.543258727627371062e-34
1.014182257136134330e-01 1.461132141104712152e-34
1.061930355407546406e-01 1.383338673481194035e-34
1.111926452864998027e-01 1.309659716796285884e-34
1.164276386191482882e-01 1.240139579845831628e-34
1.219090974902528324e-01 1.175019280945002846e-34
1.276486255939893177e-01 1.113990242773541495e-34
1.336583729310052149e-01 1.056679469002616309e-34
1.399510615287411774e-01 1.002883195456259322e-34
1.465400123726780524e-01 9.523767954572857599e-35
1.534391736055149003e-01 9.049575704832557213e-35
1.606631500539779933e-01 8.604067961462544869e-35
1.682272341457609621e-01 8.185238381774389382e-35
1.761474382820492901e-01 7.791249297074250854e-35
1.844405287341531474e-01 7.420163112632482505e-35
1.931240611360096060e-01 7.069976816806690422e-35
2.022164176476842490e-01 6.739319876380553071e-35
2.117368458685444654e-01 6.426391852731491797e-35
2.217054995824826458e-01 6.130528566537949177e-35
2.321434814214372033e-01 5.850410815390375261e-35
2.430728875375322839e-01 5.584423145770098586e-35
2.545168543783957738e-01 5.331751977466688957e-35
2.664996076646814482e-01 5.091667824702180830e-35
2.790465136734678886e-01 4.863492798990173003e-35
2.921841329361045680e-01 4.646876163414209597e-35
3.059402764641684924e-01 4.441777072917991648e-35
3.203440646225661492e-01 4.247512215470854020e-35
3.354259887743990531e-01 4.063044867962817797e-35
3.512179758280989383e-01 3.888111064724827167e-35
3.677534558234618611e-01 3.721830250361303698e-35
3.850674326996649244e-01 3.562923683915339501e-35
4.031965583950635201e-01 3.411022047040802772e-35
4.221792104356413833e-01 3.265809918783940972e-35
4.420555731763497476e-01 3.126990245922165611e-35
4.628677228673268584e-01 2.993951374884821270e-35
4.846597167250613070e-01 2.865769128134713223e-35
5.074776861970683450e-01 2.742284884620537371e-35
5.313699346174959315e-01 2.623114223612481471e-35
5.563870394604029102e-01 2.508359412534094540e-35
5.825819594071529606e-01 2.398315975751755507e-35
6.100101464545935048e-01 2.293627137205978102e-35
6.387296633013200831e-01 2.194038871198010177e-35
6.688013062605444592e-01 2.099283482842870836e-35
7.002887339597364535e-01 2.009112182334165795e-35
7.332586020995067733e-01 1.923043241036113619e-35
7.677807045569805533e-01 1.840343014917195478e-35
8.039281211323827669e-01 1.760873188310389424e-35
8.417773722515810020e-01 1.684357251132249665e-35
8.814085809520940673e-01 1.610835302432460317e-35
9.229056424954595883e-01 1.540314211512468112e-35
9.663564019650160430e-01 1.472859301450041486e-35
1.011852840225068606e+00 1.408345100606058015e-35
1.059491268635070815e+00 1.346646607575749955e-35
1.109372532931041544e+00 1.287646235238451817e-35
1.161602226705783281e+00 1.231226080057578912e-35
1.216290914939850198e+00 1.177273302736482354e-35
1.273554368056421637e+00 1.125680426222356879e-35
1.333513806995593631e+00 1.076267181277372830e-35
1.396296159826839967e+00 1.029038555294249592e-35
1.462034330442912644e+00 9.839163082902047691e-36
1.530867479903933015e+00 9.408046992241909305e-36
1.602941321027296251e+00 8.996124506104832502e-36
1.678408426846960566e+00 8.602543792362443323e-36
1.757428553595144605e+00 8.226506054954319123e-36
1.840168978890105222e+00 7.867214187009798322e-36
1.926804855845953846e+00 7.523907421694617975e-36
2.017519583854074927e+00 7.195860409837527100e-36
2.112505196821108377e+00 6.881460458427252227e-36
2.211962769685295704e+00 6.580220383120825373e-36
2.316102844071810996e+00 6.291739688478010563e-36
2.425145873988073131e+00 6.015498649152360620e-36
2.539322692502609335e+00 5.750997851593397762e-36
2.658875000395298560e+00 5.497768049366095750e-36
2.784055877813505386e+00 5.255366692368315689e-36
2.915130320017139898e+00 5.023347437725055872e-36
3.052375798346850910e+00 4.801281122407951054e-36
3.196082847602773835e+00 4.588755653116100839e-36
3.346555681077350464e+00 4.385104917865211236e-36
3.504112834544081956e+00 4.190648721676880424e-36
3.669087840565576908e+00 4.005078490555733255e-36
3.841829934548253167e+00 3.827975180023784128e-36
4.022704794038364895e+00 3.658940335220992600e-36
4.212095312824424731e+00 3.497600453581060956e-36
4.410402411484600549e+00 3.343604921259648236e-36
4.618045886095078600e+00 3.196609124016275831e-36
4.835465296895873344e+00 3.056284956988874873e-36
5.063120898795444802e+00 2.922320293474676846e-36
5.301494615683769673e+00 2.794152788403461690e-36
5.551091060616499817e+00 2.671313298240095969e-36
5.812438604029789957e+00 2.553553225008457550e-36
6.086090492247068440e+00 2.440678175037188711e-36
6.372626018645580537e+00 2.332500560300366693e-36
6.672651749961843848e+00 2.228842070644296387e-36
6.986802810332171099e+00 2.129533113879792159e-36
7.315744225786197319e+00 2.034404341879217733e-36
7.660172332039768328e+00 1.943292279045083960e-36
8.020816248567181006e+00 1.856039309301291691e-36
8.398439422073478156e+00 1.772369854861954421e-36
8.793841242633861910e+00 1.692482994134313276e-36
9.207858735921693238e+00 1.616374368562319431e-36
9.641368335107133092e+00 1.543857055093336873e-36
1.009528773617764763e+01 1.474753840916872353e-36
1.057057784060755523e+01 1.408897893837661040e-36
1.106824478948932367e+01 1.346132188180289329e-36
1.158934209343243715e+01 1.286305171699387499e-36
1.213497286273897124e+01 1.229273000385883327e-36
1.270629214257646389e+01 1.174899209996576742e-36
1.330450935809180457e+01 1.122983106780795731e-36
1.393089087464186093e+01 1.073405662592484421e-36
1.458676267856105646e+01 1.026000457552432391e-36
1.527351318414026338e+01 9.806722523409176897e-37
1.599259617275948386e+01 9.373308348158440249e-37
1.674553387039607699e+01 8.958905190495210063e-37
1.753392017002309444e+01 8.562699582653066118e-37
1.835942400571973820e+01 8.183902145126017655e-37
1.922379288563592326e+01 7.821757819875181634e-37
2.012885659129041116e+01 7.475544688594239239e-37
2.107653105103308988e+01 7.144191047587712216e-37
2.206882239587182326e+01 6.827205775771567273e-37
2.310783120624877895e+01 6.523628588642737929e-37
2.419575695875690613e+01 6.232877361934741172e-37
2.533490268220930730e+01 5.954435948633055816e-37
2.652767983291863629e+01 5.687812500581235628e-37
2.777661339950610042e+01 5.432538456726797833e-37
2.908434724804716609e+01 5.188159324692856206e-37
3.045364971886846917e+01 4.954239083515172681e-37
3.188741948684470984e+01 4.730359428763456339e-37
3.338869169760004496e+01 4.515924391262723195e-37
3.496064439260461398e+01 4.310785927483148339e-37
3.660660523676668276e+01 4.115381990353598306e-37
3.833005856276319889e+01 3.929407201443119322e-37
4.013465274701950847e+01 3.752378291764129822e-37
4.202420793295345192e+01 3.583839911181459015e-37
4.400272411783241466e+01 3.423363081913380504e-37
4.607438962036356145e+01 3.270540389839883146e-37
4.824358994694070901e+01 3.124986674568409364e-37
5.051491707531812381e+01 2.986337766437291714e-37
5.289317917536269675e+01 2.854153114545849300e-37
5.538341078746397272e+01 2.728172119788425249e-37
5.799088348014672079e+01 2.607656186839202913e-37
6.072111700944864765e+01 2.492115881614100661e-37
6.357989100368536128e+01 2.381361405958136760e-37
6.657325719833980315e+01 2.275210249613789019e-37
6.970755224697388996e+01 2.173487032421298737e-37
7.298941113528347557e+01 2.076021592174634292e-37
7.642578122669237928e+01 1.982649833334290082e-37
8.002393696921758703e+01 1.893213552090722273e-37
8.379149529474111091e+01 1.807515689185255041e-37
8.773643174328404370e+01 1.725442681278695432e-37
9.186709734641856073e+01 1.647042152949598164e-37
9.619223630555673310e+01 1.572392455457567317e-37
1.007210045025417742e+02 1.501307284536108437e-37
1.054629888817234047e+02 1.433608444553367810e-37
1.104282277445500711e+02 1.369127524133075266e-37
1.156272319996372318e+02 1.307704536182451123e-37
1.210710074132993554e+02 1.249187923690671501e-37
1.267710779076435728e+02 1.193434103841356371e-37
1.327395099555479305e+02 1.140288599697653415e-37
1.389889381241634396e+02 1.089635985639118911e-37
1.455325918210166094e+02 1.041313030794182571e-37
1.523843232993266952e+02 9.950531613260077443e-38
1.595586369818254298e+02 9.507590137242227296e-38
1.670707201651522382e+02 9.083508810611141959e-38
1.749364751698273892e+02 8.677524853645849247e-38
1.831725530038553700e+02 8.288903091019217430e-38
1.917963886112258365e+02 7.916937840744753705e-38
2.008262377799256058e+02 7.560951766079851761e-38
2.102812157875981711e+02 7.220220186162511237e-38
2.201813378666521714e+02 6.894172131877742080e-38
2.305475615744853712e+02 6.582345233886096008e-38
2.414018311585127492e+02 6.285071665648895311e-38
2.527671240099220995e+02 6.001859493853435381e-38
2.646674993044861139e+02 5.732013814247890798e-38
2.771281489334055550e+02 5.474878488033749525e-38
2.901754508319938282e+02 5.229830116843975657e-38
3.038370248191017140e+02 4.996278268154222174e-38
3.181417910654792536e+02 4.773663644294255523e-38
3.331200313148534065e+02 4.561437809619004713e-38
3.488034529873183374e+02 4.359111229368985279e-38
3.652252563007348272e+02 4.166208382895622508e-38
3.824202045522386584e+02 3.981942052478574614e-38
4.004246977086228867e+02 3.805737852986825133e-38
4.192768494613883945e+02 3.637242898222406507e-38
4.390165679095718474e+02 3.476122521894247495e-38
4.596856400411606955e+02 3.322055979999308018e-38
4.813278201919184198e+02 3.174737550773227651e-38
5.039889226688910639e+02 3.033875795908272301e-38
5.277169187346585204e+02 2.899197340243042094e-38
5.525620381576529780e+02 2.770433804647016614e-38
5.785768755434957029e+02 2.647329917973922273e-38
6.058165016724611860e+02 2.529516519502496059e-38
6.343385800787460767e+02 2.416602550531904045e-38
6.642034891183473064e+02 2.308397024404300410e-38
6.954744497839317319e+02 2.204719189615348974e-38
7.282176595372882275e+02 2.105393675645683820e-38
7.625024324426544808e+02 2.010251981908776065e-38
7.984013458975914546e+02 1.919132235913018304e-38
8.359903942719890892e+02 1.831892781238704584e-38
8.753491497804669734e+02 1.748374786826892137e-38
9.165609309286994630e+02 1.668427849217378156e-38
9.597129788902781229e+02 1.592015375877626909e-38
1.004896642187447924e+03 1.519309137735795789e-38
1.052207570066695780e+03 1.450143581346184166e-38
1.101745914978526116e+03 1.384337277842353378e-38
1.153616544590083549e+03 1.321717235670326696e-38
1.207929263779392159e+03 1.262120085289719460e-38
1.264799047081185563e+03 1.205391602365026943e-38
1.324346282076359103e+03 1.151404333026444055e-38
1.386697024240322435e+03 1.100009034065184707e-38
1.451983263789683861e+03 1.051066842017176854e-38
1.520343205092196058e+03 1.004449612580291928e-38
1.591921559231431502e+03 9.599972211852314442e-39
1.666869850345499799e+03 9.175955669078319289e-39
1.745346736388348063e+03 8.771480305465859256e-39
1.827518344992592347e+03 8.385610379128669701e-39
1.913558625144925600e+03 8.017456021343249168e-39
2.003649715418519236e+03 7.666172142353624700e-39
2.097982329541986928e+03 7.331153654712279118e-39
2.196756160121050925e+03 7.011515909652489099e-39
2.300180301367603079e+03 6.706434220854766944e-39
2.408473691730992414e+03 6.415201153046060282e-39
2.521865577368610957e+03 6.136257631751042411e-39
2.640595997436810194e+03 5.868631682953434378e-39
2.764916292229536339e+03 5.611918583340210063e-39
2.895089635240291955e+03 5.365708867509373290e-39
3.031391590273848578e+03 5.129605943478263803e-39
3.174110694786932982e+03 4.903227143356336454e-39
3.323549070692862642e+03 4.686408893453308682e-39
3.480023063923057634e+03 4.478672631125759275e-39
3.643863914099432805e+03 4.279565679415152986e-39
3.815418455735155476e+03 4.088758056624215660e-39
3.995049852448257298e+03 3.906519239040590301e-39
4.183138365742258429e+03 3.733235070643473681e-39
4.380082159981369841e+03 3.568454697479120126e-39
4.586298145264157938e+03 3.411729796626507756e-39
4.802222859980088288e+03 3.262636004717911176e-39
5.028313394917116057e+03 3.120773014113114755e-39
5.265048360876723564e+03 2.985975092647226520e-39
5.512928901844553366e+03 2.857764845068856619e-39
5.772479755861562808e+03 2.735688335248953775e-39
6.044250365841412531e+03 2.619429447358613341e-39
6.328816042685506545e+03 2.508489800592875220e-39
6.626779183158071646e+03 2.402001804634063666e-39
6.938770545099150695e+03 2.299771066128065115e-39
7.265450582675194710e+03 2.201640158540124898e-39
7.607510844493695004e+03 2.107455610132647543e-39
7.965675437541747669e+03 2.017069434093569075e-39
8.340702560047267980e+03 1.930559417542937913e-39
8.733386106508005469e+03 1.847667995649816944e-39
9.144557348285858097e+03 1.768134899774737478e-39
9.575086693324388762e+03 1.691833795642892028e-39
1.002588552871435058e+04 1.618702038684191825e-39
1.049790815000809562e+04 1.549092910059787651e-39
1.099215378136662548e+04 1.482942766765470248e-39
1.150966869081617369e+04 1.420064184400251660e-39
1.205154840509197129e+04 1.360279243756837366e-39
1.261894002875729893e+04 1.303420628338714676e-39
1.321304467250798734e+04 1.249565667619021756e-39
1.383511999580248084e+04 1.198445445346810890e-39
1.448648286919936072e+04 1.149778844193478246e-39
1.516851216203961667e+04 1.103436200206089271e-39
1.588265166137320739e+04 1.059296119009241484e-39
1.663041312831043251e+04 1.017278361208561495e-39
1.741337949826753902e+04 9.773027943494799007e-40
1.823320823188055874e+04 9.392616306036375603e-40
1.909163482368204859e+04 9.030521531465503985e-40
1.999047647596779279e+04 8.685779947094374524e-40
2.093163594562975777e+04 8.359509491961590877e-40
2.191710557210069601e+04 8.045134270320852204e-40
2.294897149493467805e+04 7.741338327149344522e-40
2.402941806995382649e+04 7.459360724321933530e-40
2.516073249330904218e+04 7.200177805347856843e-40
2.634530964324227898e+04 6.931115942998546299e-40
2.758565714980245320e+04 6.686959614202259717e-40
2.888440070324395856e+04 6.459710681201200098e-40
3.024428961234774761e+04 6.238324298578249530e-40
3.166820262443039974e+04 6.019684729427706564e-40
3.315915401936038688e+04 5.809547242927241420e-40
3.472029999048411264e+04 5.618075292204301423e-40
3.635494532596851059e+04 5.428607300689427730e-40
3.806655040470247332e+04 5.241148216791713733e-40
3.985873852157021611e+04 5.066859097016441014e-40
4.173530355759911617e+04 4.904117727015951283e-40
4.370021801122269244e+04 4.754584188648306621e-40
4.575764140765862976e+04 4.603899273500960671e-40
4.791192910420206317e+04 4.454926334476706811e-40
5.016764151007704641e+04 4.320930834049606195e-40
5.252955374036239664e+04 4.201848642160608556e-40
5.500266572442631150e+04 4.093513250078642144e-40
5.759221279027179116e+04 3.992844940182321870e-40
6.030367674719741626e+04 3.897076656889030648e-40
6.314279749023195473e+04 3.800152010234961737e-40
6.611558515091238951e+04 3.699160092066004310e-40
6.922833282012553536e+04 3.612274517606272604e-40
7.248762986994320818e+04 3.528638218043608617e-40
7.590037590265888139e+04 3.447770506591502989e-40
7.947379535654603387e+04 3.369287146391675991e-40
8.321545279926435614e+04 3.297818692900489150e-40
8.713326894128562708e+04 3.233223920551871920e-40
9.123553740323489183e+04 3.172720584325516435e-40
9.553094227264763322e+04 3.114926617142505516e-40
1.000285764873062581e+05 3.060800360003830465e-40
1.047379610840671958e+05 3.013795103463474206e-40
1.096690653539364430e+05 2.974152373307046197e-40
1.148323279460476479e+05 2.941251634763518124e-40
1.202386789652281004e+05 2.914516255792711212e-40
1.258995631099268649e+05 2.893231677270210719e-40
1.318269638994808483e+05 2.849973869335916635e-40
1.380334290420175530e+05 2.753106888948064520e-40
1.445320969966807170e+05 2.604956065456742743e-40
1.513367247864214005e+05 2.411328770076256084e-40
1.584617171202264144e+05 2.181027735723786680e-40
1.659221568864271685e+05 1.925282372419701345e-40
1.737338370816506795e+05 1.653974422536081720e-40
1.819132942429989926e+05 1.349101367917719214e-40
1.904778434542210016e+05 8.621757730485795438e-41
1.994456149999998743e+05 5.793997222365408473e-41
