5.109905999999998913e-04 3.284042043074508923e-32
5.350534695354395697e-04 3.662785480866200902e-32
5.602494747690302647e-04 4.051238330800144163e-32
5.866319757752446774e-04 4.441620995153104061e-32
6.142568453881043370e-04 4.825177761750328986e-32
6.431825875286147987e-04 5.192478265997240336e-32
6.734704611043078543e-04 5.533789020939261982e-32
7.051846097432959773e-04 5.839496004822990787e-32
7.383921976375799542e-04 6.100553476270606088e-32
7.731635517833112051e-04 6.308930153166374183e-32
8.095723109192307304e-04 6.458022195039978330e-32
8.476955814787171537e-04 6.542993865774609896e-32
8.876141008857102704e-04 6.561067638508568548e-32
9.294124085403509747e-04 6.511648652915448263e-32
9.731790248564343082e-04 6.396366918477279763e-32
1.019006638729854633e-03 6.218987461556953494e-32
1.066992303835050983e-03 5.999185711376649756e-32
1.117237644165188296e-03 5.786585035419623088e-32
1.169849069251342440e-03 5.584342022561001982e-32
1.224937999516500326e-03 5.391834948128162022e-32
1.282621102241615196e-03 5.208484409286631616e-32
1.343020538643462623e-03 5.033743135694885648e-32
1.406264222587538196e-03 4.867115190192242926e-32
1.472486091483915559e-03 4.708131650578439617e-32
1.541826389939752193e-03 4.556355363497805999e-32
1.614431966769185479e-03 4.411378890472722920e-32
1.690456585989598111e-03 4.272333418775031864e-32
1.770061252462902003e-03 4.134842872705473697e-32
1.853414552871464815e-03 3.998189933844780280e-32
1.940693012750827366e-03 3.862595024971503904e-32
2.032081470335296569e-03 3.728268176288505095e-32
2.127773468008175087e-03 3.595403631308199791e-32
2.227971662185625375e-03 3.464194338383027883e-32
2.332888252502217027e-03 3.334816869521300554e-32
2.442745431207110889e-03 3.207435910584997105e-32
2.557775853722572650e-03 3.082204207937792432e-32
2.678223131361386587e-03 2.959385055290389968e-32
2.804342347246660712e-03 2.841433088870271241e-32
2.936400596526598985e-03 2.729178495749070770e-32
3.074677552028337590e-03 2.622295853216226435e-32
3.219466056548782405e-03 2.520481632067891329e-32
3.371072743036771999e-03 2.423449518712460451e-32
3.529818683980051088e-03 2.330938118468881177e-32
3.696040071372248218e-03 2.242700479777273535e-32
3.870088928699932321e-03 2.158505697596032844e-32
4.052333856457616609e-03 2.078137845823001649e-32
4.243160812769503770e-03 2.001421927376013773e-32
4.442973930771210340e-03 1.927346136092677082e-32
4.652196374482517847e-03 1.854949049060894310e-32
4.871271234983711243e-03 1.784250284076607691e-32
5.100662468793399663e-03 1.715266380548791236e-32
5.340855880435203297e-03 1.648008745425510527e-32
5.592360151274036913e-03 1.582489109316528624e-32
5.855707916801032586e-03 1.518714244074060537e-32
6.131456894648422591e-03 1.456687683957765827e-32
6.420191065723384639e-03 1.396409878386106998e-32
6.722521910962214915e-03 1.337891667047355174e-32
7.039089706324051440e-03 1.281393324085901116e-32
7.370564878766621558e-03 1.227443438533158061e-32
7.717649426075826567e-03 1.175940883056475653e-32
8.081078403555888579e-03 1.126764351720457353e-32
8.461621480728785671e-03 1.079798191115549895e-32
8.860084571339552767e-03 1.034935181429105528e-32
9.277311540119617325e-03 9.920730132021924960e-33
9.714185989922661385e-03 9.511148808627475457e-33
1.017163313301787213e-02 9.119691999823199175e-33
1.065062175050353159e-02 8.745551632436219737e-33
1.115216624399065735e-02 8.387772093633227820e-33
1.167732878390173416e-02 8.044577340903521603e-33
1.222722155893411593e-02 7.715226638291185842e-33
1.280300913145218308e-02 7.399164972917720186e-33
1.340591090379628612e-02 7.095853204529208110e-33
1.403720370073185085e-02 6.804786568320187428e-33
1.469822447350751723e-02 6.525474832291959544e-33
1.539037313124921001e-02 6.257447111632850323e-33
1.611511550568620749e-02 6.000251449659006633e-33
1.687398645548816509e-02 5.753478561578506227e-33
1.766859311678719777e-02 5.516674688682077232e-33
1.850061830676921065e-02 5.288493361644194391e-33
1.937182408754238583e-02 5.068366149830086609e-33
2.028405549783061229e-02 4.856079263469126857e-33
2.123924446039453240e-02 4.651417179354376927e-33
2.223941387345573090e-02 4.454175150478075342e-33
2.328668189478843784e-02 4.264147279904885403e-33
2.438326642755202917e-02 4.081130139157136727e-33
2.553148981736399689e-02 3.904923151794767736e-33
2.673378377056126465e-02 3.735339050416259238e-33
2.799269450406530538e-02 3.572199744590385074e-33
2.931088813775788518e-02 3.416157216891279204e-33
3.069115634078693061e-02 3.267502838754246141e-33
3.213642224376077328e-02 3.125858949389699624e-33
3.364974662935107247e-02 2.990865933143229681e-33
3.523433441441538999e-02 2.862189234582614244e-33
3.689354143736674890e-02 2.739510245779391874e-33
3.863088156516500393e-02 2.622527498423331220e-33
4.045003413498055034e-02 2.510955867241818475e-33
4.235485174629104871e-02 2.404530271332035406e-33
4.434936841991263951e-02 2.303000916682629604e-33
4.643780814124510298e-02 2.205829820203151764e-33
4.862459380582400542e-02 2.112338886245938497e-33
5.091435658612425419e-02 2.022401774227690688e-33
5.331194573945263748e-02 1.935902256536337218e-33
5.582243887770002577e-02 1.852730572368209771e-33
5.845115272070252471e-02 1.772777946965006789e-33
6.120365435598568854e-02 1.695938091952640513e-33
6.408577302873667836e-02 1.622107350039846684e-33
6.710361248697392644e-02 1.551186547921571945e-33
7.026356390805829633e-02 1.483079472122133295e-33
7.357231943392243678e-02 1.417812342041838410e-33
7.703688634368197063e-02 1.355712649408861030e-33
8.066460189364425826e-02 1.296652864903940770e-33
8.446314885614208956e-02 1.240468395720939680e-33
8.844057179010167413e-02 1.187006912838603238e-33
9.260529407780110356e-02 1.136123874950438591e-33
9.696613576390100686e-02 1.087683011143533032e-33
1.015323322345258739e-01 1.041555925060987704e-33
1.063135537759560129e-01 9.976227008549132313e-34
1.113199260543497465e-01 9.557706047681788999e-34
1.165620515598691787e-01 9.158589075434228301e-34
1.220510320606226634e-01 8.774988893133547731e-34
1.277984921139788954e-01 8.405677913975454308e-34
1.338166036850422236e-01 8.050202530064276617e-34
1.401181119244283846e-01 7.708139080909337212e-34
1.467163621599310575e-01 7.379065662699064010e-34
1.536253281592444286e-01 7.062569340703259982e-34
1.608596417235937936e-01 6.758247045941438334e-34
1.684346236749496295e-01 6.465709301985706003e-34
1.763663163024484504e-01 6.184577237621044207e-34
1.846715173367373397e-01 5.914494889825622126e-34
1.933678155241904950e-01 5.655885001171690373e-34
2.024736278763386021e-01 5.408672772126951026e-34
2.120082386733974922e-01 5.172338672602010599e-34
2.219918403044966460e-01 4.946402882212770386e-34
2.324455760311015251e-01 4.730403010521220572e-34
2.433915847641907881e-01 4.523898080500661919e-34
2.548530479500199508e-01 4.326468142701017424e-34
2.668542386637640096e-01 4.137715191132019388e-34
2.794205730150127742e-01 3.957260618903202373e-34
2.925786639739816342e-01 3.784740230693726577e-34
3.063563777324330162e-01 3.619715334431186739e-34
3.207828927186683887e-01 3.461752374036829705e-34
3.358887613915760295e-01 3.310544400401786856e-34
3.517059749445962114e-01 3.165810466223034294e-34
3.682680310566394111e-01 3.027278461734986564e-34
3.856100048334352715e-01 2.894688242783930996e-34
4.037686230895581874e-01 2.767791596526529196e-34
4.227823421284371275e-01 2.646352543088462580e-34
4.426914291850765903e-01 2.530146016264692045e-34
4.635380477039648950e-01 2.418955253013141612e-34
4.853663466327767240e-01 2.312661578002440794e-34
5.082225539209686005e-01 2.211276157471672073e-34
5.321550744212840689e-01 2.114563703360849161e-34
5.572145924015003970e-01 2.022298114390415597e-34
5.834541788835228004e-01 1.934263310296517821e-34
6.109294040371386902e-01 1.850255144572055514e-34
6.396984548664689241e-01 1.770081105117674893e-34
6.698222584383431988e-01 1.693559974828406872e-34
7.013646109135852624e-01 1.620520763477362180e-34
7.343923126544549262e-01 1.550800987242907928e-34
7.689753096943894306e-01 1.484204694252464527e-34
8.051868418696397356e-01 1.420341231339021247e-34
8.431035979265257829e-01 1.359056983645949777e-34
8.828058779327837557e-01 1.300255420749713125e-34
9.243777633369690827e-01 1.243842075443389473e-34
9.679072950360639860e-01 1.189726353849761256e-34
1.013486659828397141e+00 1.137821722539344073e-34
1.061212385646757017e+00 1.088045722799788246e-34
1.111185545985148071e+00 1.040319520731237032e-34
1.163511973952135126e+00 9.945669907840884994e-35
1.218302486404090557e+00 9.507226707822291470e-35
1.275673118633026792e+00 9.088538083808003486e-35
1.335745370106016683e+00 8.689161524536235112e-35
1.398646461776644978e+00 8.308170145216295012e-35
1.464509605513409918e+00 7.944670138843076073e-35
1.533474286215691818e+00 7.597813552197969638e-35
1.605686557214727195e+00 7.266799319238515604e-35
1.681299349585209546e+00 6.950871823313185659e-35
1.760472796022557906e+00 6.649317140326900035e-35
1.843374569971788057e+00 6.361456657705476104e-35
1.930180240726158791e+00 6.086646089527628928e-35
2.021073645247647654e+00 5.823450049989276635e-35
2.116247277496674517e+00 5.570698002310701115e-35
2.215902696095631175e+00 5.328033997952926516e-35
2.320250951189517519e+00 5.095099209734021874e-35
2.429513031407734225e+00 4.871543694170062175e-35
2.543920331873564145e+00 4.657029553971914136e-35
2.663715144252551514e+00 4.451231744575211658e-35
2.789151169877531533e+00 4.253836914319775375e-35
2.920494057037067659e+00 4.064539810503998735e-35
3.058021963565113133e+00 3.883045277193143754e-35
3.202026145923411615e+00 3.709439741341795728e-35
3.352811576024125717e+00 3.544063987622413438e-35
3.510697587099046224e+00 3.386532584514339085e-35
3.676018549983195882e+00 3.236452233554497730e-35
3.849124581245026988e+00 3.093448768203068386e-35
4.030382284662962888e+00 2.957168783404936712e-35
4.220175527618493128e+00 2.827279088180994759e-35
4.418906254050136262e+00 2.703465150043551699e-35
4.626995335689890965e+00 2.585428123880334543e-35
4.844883463384986655e+00 2.472885214752455579e-35
5.073032080392505527e+00 2.365464762067199521e-35
5.311924359623444225e+00 2.262489125229547882e-35
5.562066226905822752e+00 2.163747629502468743e-35
5.823987432433901823e+00 2.069078867695933151e-35
6.098242672672562037e+00 1.978325131743044119e-35
6.385412765092992160e+00 1.891334710187823136e-35
6.686105878227292187e+00 1.807962609595616888e-35
7.000958819647192577e+00 1.728069919029462206e-35
7.330638384594485579e+00 1.651521123703328928e-35
7.675842768119316872e+00 1.578185746218800076e-35
8.037303043716956807e+00 1.507955625422172459e-35
8.415784711594529455e+00 1.440880107026908574e-35
8.812089319846515778e+00 1.376871258814766192e-35
9.227056161972591042e+00 1.315786457227526879e-35
9.661564054332492546e+00 1.257488179030630643e-35
1.011653319730243439e+01 1.201845672156110622e-35
1.059292712407453685e+01 1.148734829606954386e-35
1.109175474122644900e+01 1.098037771432069501e-35
1.161407246538268012e+01 1.049641926873889998e-35
1.216098646049268517e+01 1.003440183862964792e-35
1.273365498046366717e+01 9.593265859924523699e-36
1.333329082210967620e+01 9.171108723081065208e-36
1.396116389361138310e+01 8.766845925611199666e-36
1.461860390392637044e+01 8.379762927733279217e-36
1.530700317884542017e+01 8.009158862868740340e-36
1.602781960965866404e+01 7.654361426536896280e-36
1.678257974067629377e+01 7.314729567329132976e-36
1.757288200214256690e+01 6.989651045098949524e-36
1.840040009538978438e+01 6.678530518083658283e-36
1.926688653740115598e+01 6.380796385640046335e-36
2.017417637228971117e+01 6.095927319794583752e-36
2.112419105755272497e+01 5.823953528794475515e-36
2.211894253333250049e+01 5.564567444464301238e-36
2.316053748330118367e+01 5.317172214264987054e-36
2.425118179619331116e+01 5.081190873862340707e-36
2.539318523743475708e+01 4.856076938051240483e-36
2.658896634076165455e+01 4.641314401590660360e-36
2.784105753018851459e+01 4.436415531982368640e-36
2.915211048317355136e+01 4.240914053808500065e-36
3.052490174633833320e+01 4.054367445247181215e-36
3.196233861563544920e+01 3.876325279774608556e-36
3.346746529341695719e+01 3.705620522843566610e-36
3.504346933544307063e+01 3.541694968933022943e-36
3.669368840148450062e+01 3.384321273000168369e-36
3.842161732381504180e+01 3.233270391094202018e-36
4.023091550856354814e+01 3.088320609284103032e-36
4.212541468560097968e+01 2.949258523251865114e-36
4.410912702337375180e+01 2.815878491109726607e-36
4.618625362587011551e+01 2.687978651510479720e-36
4.836119342971394985e+01 2.565363354629550056e-36
5.063855252022827358e+01 2.447864775807234287e-36
5.302315388619814485e+01 2.335824802699649426e-36
5.552004763399152409e+01 2.229241373302383544e-36
5.813452168266900344e+01 2.127839472046642598e-36
6.087211296273414263e+01 2.031352662155647494e-36
6.373861914223885350e+01 1.939529017142433128e-36
6.674011090507904953e+01 1.852131132380243806e-36
6.988294480748291448e+01 1.768935204280875923e-36
7.317377673991923359e+01 1.689727730857878182e-36
7.661957602293553293e+01 1.614306634994555820e-36
8.022764016677810162e+01 1.542480227169986610e-36
8.400561032605200751e+01 1.474037561822375821e-36
8.796148748214994839e+01 1.408818297322407490e-36
9.210364938772352161e+01 1.346666956661534223e-36
9.644086830907876617e+01 1.287431754473970499e-36
1.009823296040730014e+02 1.230968898774089463e-36
1.057376511748564525e+02 1.177142548486995849e-36
1.107169038366557174e+02 1.125824344617876755e-36
1.159306326457360967e+02 1.076891726844472688e-36
1.213898792317113760e+02 1.030228458304016133e-36
1.271062051814949001e+02 9.857150250462989473e-37
1.330917165244181035e+02 9.429644667563384977e-37
1.393590893703663482e+02 9.017994319342039660e-37
1.459215967552317466e+02 8.621768010306669095e-37
1.527931367505353535e+02 8.240512127520230409e-37
1.599882618967488668e+02 7.873782730438468004e-37
1.675222100226502562e+02 7.521148307183364592e-37
1.754109365159824847e+02 7.182189336449020527e-37
1.836711481137562600e+02 6.856488098226492449e-37
1.923203382837627942e+02 6.543635337190351489e-37
2.013768242722209152e+02 6.243286339499181628e-37
2.108597858960230269e+02 5.956719029019715855e-37
2.207893061617319290e+02 5.684157202968380586e-37
2.311864137973518609e+02 5.424895752282155321e-37
2.420731277869474525e+02 5.178248115490776365e-37
2.534725040024265752e+02 4.943565331418419357e-37
2.654086840312404547e+02 4.720235274541339485e-37
2.779069463034162482e+02 4.507680606789972795e-37
2.909937596261888189e+02 4.305352071686128842e-37
3.046968392396142917e+02 4.112729953502452709e-37
3.190452055118777821e+02 3.929311520531601921e-37
3.340692453985994916e+02 3.754218105515150570e-37
3.498007767962989760e+02 3.586919384676871757e-37
3.662731159263041150e+02 3.427080738531234937e-37
3.835211478918119496e+02 3.274369370941144040e-37
4.015814005575219312e+02 3.128467344532965324e-37
4.204921219083154824e+02 2.989071741410848714e-37
4.402933610507967614e+02 2.855894080542014246e-37
4.610270530292510784e+02 2.728656854735881392e-37
4.827371076356393473e+02 2.607094883401467901e-37
5.054695024017111677e+02 2.490947859890984245e-37
5.292723799701752796e+02 2.379694370558004259e-37
5.541961500511406484e+02 2.273034794516847009e-37
5.802935961797456912e+02 2.170805070145183506e-37
6.076199875010818232e+02 2.072838602164041527e-37
6.362331958191291505e+02 1.978974569423129629e-37
6.661938181576057332e+02 1.889058081960813416e-37
6.975653050922830971e+02 1.802940021765165752e-37
7.304140951265513877e+02 1.720475511311307088e-37
7.648097553948155110e+02 1.641524622975419895e-37
8.008251289917031954e+02 1.565964224773182847e-37
8.385364892390913383e+02 1.494116226630333088e-37
8.780237012176794451e+02 1.426031253728418463e-37
9.193703909051705523e+02 1.361496543612328811e-37
9.626641222792844701e+02 1.300308662636248910e-37
1.007996582760661227e+03 1.242277622907857629e-37
1.055463777388387825e+03 1.187226058671141283e-37
1.105166232139373733e+03 1.134988329330656696e-37
1.157209206822165243e+03 1.085408932029828223e-37
1.211702917996052520e+03 1.038342205998230163e-37
1.268762772387602126e+03 9.936411718664305542e-38
1.328509611298896516e+03 9.507201021276853936e-38
1.391069966525123846e+03 9.092866819241838140e-38
1.456576328323486678e+03 8.693087089461949328e-38
1.525167426000934938e+03 8.307517644662820377e-38
1.596988521714951730e+03 7.935821604245995581e-38
1.672191718109604608e+03 7.577668778211271422e-38
1.750936280438375434e+03 7.232734822805830222e-38
1.833388973855938730e+03 6.900698562642530366e-38
1.919724416593259321e+03 6.581242483886962737e-38
2.010125449763892220e+03 6.274111687875853390e-38
2.104783524584711813e+03 5.981697110741634862e-38
2.203899107831105994e+03 5.704758555772980538e-38
2.307682106385309908e+03 5.442409103788742507e-38
2.416352311776990973e+03 5.193803673745079654e-38
2.530139865657533392e+03 4.958152613654906228e-38
2.649285747193773204e+03 4.734718352390966783e-38
2.774042283413467885e+03 4.522811867426955380e-38
2.904673683583199818e+03 4.321786202660281986e-38
3.041456598750499779e+03 4.131035246360265562e-38
3.184680707635155159e+03 3.949965005561313745e-38
3.334649330110512892e+03 3.776691256898254411e-38
3.491680069573999390e+03 3.610174098997774617e-38
3.656105485567283722e+03 3.450195244549871890e-38
3.828273798070509656e+03 3.296534464794241382e-38
4.008549624962261987e+03 3.148978783058103488e-38
4.197314754206914586e+03 3.007322148265675774e-38
4.394968952404801712e+03 2.871365095517631428e-38
4.601930811417520999e+03 2.740914099365375915e-38
4.818638634861356877e+03 2.615781466091469064e-38
5.045551366346237955e+03 2.495795209121214366e-38
5.283149561426058426e+03 2.381332949064581507e-38
5.531936405318706420e+03 2.272463898060387197e-38
5.792438778551273572e+03 2.168902824597448949e-38
6.065208372787059488e+03 2.070375488563929740e-38
6.350822859197633989e+03 1.976622767887286098e-38
6.649887111854260183e+03 1.887399922005492190e-38
6.963034488729589611e+03 1.802475824294240143e-38
7.290928173022543888e+03 1.721631505712005440e-38
7.634262577647018588e+03 1.644659843143624265e-38
7.993764815858871771e+03 1.571362915095764624e-38
8.370196241135579839e+03 1.501426016700071793e-38
8.764354059569956007e+03 1.434623614477416748e-38
9.177073018192351810e+03 1.370816406135759551e-38
9.609227172797087405e+03 1.309869099930555713e-38
1.006173173901694281e+04 1.251652614134885343e-38
1.053554503056586145e+04 1.196043883202170838e-38
1.103167048875483124e+04 1.142925629903664079e-38
1.155115880757883315e+04 1.092185662247761063e-38
1.209511015887553913e+04 1.043716893936588142e-38
1.266467652226812061e+04 9.974160274509203300e-39
1.326106412482653104e+04 9.531068453751145023e-39
1.388553599561397823e+04 9.106629771482741636e-39
1.453941464052860283e+04 8.700115186298619305e-39
1.522408484310513086e+04 8.310811986207773562e-39
1.594099659720804993e+04 7.938034245638809878e-39
1.669166817782722501e+04 7.581122680543602977e-39
1.747768935647886246e+04 7.239444195890056509e-39
1.830072476802242818e+04 6.912387211217015959e-39
1.916251743602241186e+04 6.599363112304576762e-39
2.006489246412194188e+04 6.299817066951751515e-39
2.100976090124543043e+04 6.014088525869658160e-39
2.199912378881606492e+04 5.742078835191192734e-39
2.303507639855931484e+04 5.483100650401888437e-39
2.411981266986727496e+04 5.236498617358078700e-39
2.525562985612131160e+04 5.001651927231835417e-39
2.644493338981293346e+04 4.777973228628953280e-39
2.769024197676631957e+04 4.564907372347145341e-39
2.899419293025094885e+04 4.361925896102054539e-39
3.035954775628100833e+04 4.168527759020767041e-39
3.178919800193003175e+04 3.984231850343649960e-39
3.328617137904636911e+04 3.808043162425226930e-39
3.485363817633828876e+04 3.639269538479278742e-39
3.649491797340838093e+04 3.477617181239016871e-39
3.821348667095526616e+04 3.322802081269970090e-39
4.001298385203346697e+04 3.174550900366267131e-39
4.189722048995819205e+04 3.032601366340109065e-39
4.387018701918087027e+04 2.896702478196051454e-39
4.593606178622724838e+04 2.766610428963050916e-39
4.809921989859542373e+04 2.642090510227897802e-39
5.036424249035411049e+04 2.522920177453908302e-39
5.273592642406373488e+04 2.409207864629128873e-39
5.521929444956712541e+04 2.300908271202099984e-39
5.781960584116407699e+04 2.197751302324590539e-39
6.054236753569716529e+04 2.099481195587574189e-39
6.339334579513726203e+04 2.005855484099760633e-39
6.637857841836634907e+04 1.916645028808504346e-39
6.950438752802334784e+04 1.831633954131464596e-39
7.277739295948817744e+04 1.750615266630554269e-39
7.620452628036255192e+04 1.673392479852558720e-39
7.979304547013698902e+04 1.599776506654911601e-39
8.355055029113234195e+04 1.529277942856812665e-39
8.748499838326888857e+04 1.461561291163798175e-39
9.160472211674804566e+04 1.396531669328489718e-39
9.591844623833759397e+04 1.334097773394680387e-39
1.004353063486316096e+05 1.274170819182807660e-39
1.051648682494161621e+05 1.216665222403329402e-39
1.101171482021147094e+05 1.161499206868095536e-39
1.153026341402164398e+05 1.108590965903935475e-39
1.207323078806111880e+05 1.057860842020877485e-39
1.264176683808702655e+05 1.009232903334184401e-39
1.323707560917270894e+05 9.628306767873808262e-40
1.386041784563323017e+05 9.186845104021202033e-40
1.451311366102817410e+05 8.766780401408063822e-40
1.519654533389716526e+05 8.367023919554333392e-40
1.591216023514771950e+05 7.986544967873312503e-40
1.666147389329597354e+05 7.624375001718986167e-40
1.744607320405142673e+05 7.279611793178798749e-40
1.826761979104308411e+05 6.951377854576118776e-40
1.912785352480430447e+05 6.638840311861298886e-40
2.002859620746885194e+05 6.341213083148942145e-40
2.097175543098162161e+05 6.058230821129600436e-40
2.195932861699494533e+05 5.789423684027393669e-40
2.299340724700613646e+05 5.534008261053726398e-40
2.407618129169490712e+05 5.291261647647810115e-40
2.520994384884106403e+05 5.060503317851737637e-40
2.639709599964466761e+05 4.841099696062125708e-40
2.764015189373337780e+05 4.632469442402732913e-40
2.894174407362612546e+05 4.434041579438735462e-40
3.030462904992852709e+05 4.245276113352564937e-40
3.173169313906896277e+05 4.065658123754841028e-40
3.322595857593614492e+05 3.893583268305721059e-40
3.479058991436521756e+05 3.727890484300106782e-40
3.642890072902669199e+05 3.568368817061356961e-40
3.814436063291152241e+05 3.414828677557461534e-40
3.994060262527402956e+05 3.267085202761640956e-40
4.182143078559401911e+05 3.124965466778356232e-40
4.379082832985250279e+05 2.988316919908561152e-40
4.585296604618246784e+05 2.856965918693656552e-40
4.801221112775976653e+05 2.730741157186536433e-40
5.027313642164045596e+05 2.609478797249425116e-40
5.264053011313164607e+05 2.493774802535049341e-40
5.511940586620551767e+05 2.383892480638355764e-40
5.771501344143185997e+05 2.279496805785325720e-40
6.043284981391566107e+05 2.180289190680767010e-40
6.327867081478574546e+05 2.085988677239044784e-40
6.625850332088707946e+05 1.996338296670444004e-40
6.937865801849600393e+05 1.911113469949711494e-40
7.264574276808426948e+05 1.830077706805483495e-40
7.606667659843950532e+05 1.753006061487799474e-40
7.964870435977745801e+05 1.679686269973201438e-40
8.339941206687839003e+05 1.609823239336761866e-40
8.732674296474162256e+05 1.543128971354632338e-40
9.143901435078169452e+05 1.479432749884646713e-40
9.574493518919253256e+05 1.418590786610496379e-40
1.002536245547829545e+06 1.360466791412068580e-40
1.049746309453441529e+06 1.304939504536313518e-40
1.099179525034486316e+06 1.251913172798181819e-40
1.150940581905065570e+06 1.201269622153189280e-40
1.205139099579215748e+06 1.152894266601862231e-40
1.261889859623005148e+06 1.106678362325013788e-40
1.321313048738823272e+06 1.062493685028252468e-40
1.383534513296637917e+06 1.020183590754114051e-40
1.448686025851340499e+06 9.796449986203830554e-41
1.516905564210510813e+06 9.407998533219603703e-41
1.588337603643682553e+06 9.035739807499976361e-41
1.663133422851923853e+06 8.679053629827346699e-41
1.741451424345718697e+06 8.337565048470087028e-41
1.823457469909642357e+06 8.010618811232509393e-41
1.909325231864282396e+06 7.697563125916123329e-41
1.999236560869303998e+06 7.397781719904760364e-41
2.093381871046593180e+06 7.112513765427654287e-41
2.191960543239092920e+06 6.842002965080642821e-41
2.295181347259350587e+06 6.585174827191823866e-41
2.403262884022016078e+06 6.341258288894173005e-41
2.516434048496638890e+06 6.109540644312341858e-41
2.634934514461204410e+06 5.889168100650198683e-41
2.759015242083018180e+06 5.677570498291403445e-41
2.888939009401906747e+06 5.480827021376427512e-41
3.024980968841239810e+06 5.295006031185425072e-41
3.167429229925523512e+06 5.112097608864855620e-41
3.316585469438414555e+06 4.937630309203002226e-41
3.472765570313522127e+06 4.772559659223237456e-41
3.636300290610962082e+06 4.617487464384048257e-41
3.807535963996447157e+06 4.468809727204403139e-41
3.986835233206371777e+06 4.325382092330579369e-41
4.174577818052236456e+06 4.199525779227213778e-41
4.371161319590877742e+06 4.081317691796021872e-41
4.577002062163590454e+06 3.964703376127949768e-41
4.792535975087391213e+06 3.854033268272793331e-41
5.018219515865693800e+06 3.754481221820917059e-41
5.254530636873543262e+06 3.656982654892836137e-41
5.501969797564676963e+06 3.570090773865593652e-41
5.761061024344050325e+06 3.488159967926054020e-41
6.032353020350454375e+06 3.408765321224585318e-41
6.316420327499370091e+06 3.335684012556210953e-41
6.613864543247402646e+06 3.272875564730496753e-41
6.925315594654674642e+06 3.212563734844225048e-41
7.251433072443740442e+06 3.157782821868045783e-41
7.592907627880154178e+06 3.111443055140680275e-41
7.950462435433022678e+06 3.069354751127797989e-41
8.324854724313168786e+06 3.022645353007849886e-41
8.716877382132384926e+06 2.995317548126314369e-41
9.127360634080028161e+06 2.972623100457202042e-41
9.557173801173074171e+06 2.953912086389731107e-41
1.000722714130330272e+07 2.940505578297284910e-41
1.047847377698053978e+07 2.938384142164036883e-41
1.097191171385454200e+07 2.948929749979579707e-41
1.148858595429036207e+07 2.972260970469792116e-41
1.202959071047330089e+07 3.008681588248386850e-41
1.259607172173037007e+07 3.058216871595507439e-41
1.318922868097593449e+07 3.118697454691611572e-41
1.381031777541994862e+07 3.189238593013511065e-41
1.446065434692027420e+07 3.271271237758806460e-41
1.514161567761213332e+07 3.366687017036982864e-41
1.585464390671487711e+07 3.479591519772535930e-41
1.660124908469297364e+07 3.654098281995346772e-41
1.738301237123934925e+07 3.920456420723250826e-41
1.820158938385380059e+07 4.302022566311736642e-41
1.905871370410806313e+07 4.836063275227788635e-41
1.995620054902311414e+07 5.581819838952677934e-41
2.089595061533395201e+07 6.635669791108069039e-41
2.187995410478321090e+07 8.166302069223685774e-41
2.291029493896843120e+07 1.051144317712978815e-40
2.398915517266909406e+07 1.461495397787368263e-40
2.511881961499998719e+07 1.229806233441535283e-40
