5.109905999999998913e-04 1.688030455943330426e-32
5.350541677008536145e-04 1.917879586483673605e-32
5.602509368549106906e-04 2.162956511042601986e-32
5.866342721813821905e-04 2.419400998340041373e-32
6.142600514506631106e-04 2.682344487313827881e-32
6.431867838289356950e-04 2.946019710853991387e-32
6.734757337958462283e-04 3.203942197272344059e-32
7.051910508977234050e-04 3.449158776927431724e-32
7.383999056111242203e-04 3.674551713517595543e-32
7.731726316044729630e-04 3.873180994417177725e-32
8.095828746990846357e-04 4.038642381977558230e-32
8.477077488450527601e-04 4.165411012044260434e-32
8.876279994423655556e-04 4.249167690318095218e-32
9.294281743531255168e-04 4.287036254967885741e-32
9.731968029670908871e-04 4.277758532633994729e-32
1.019026583699755980e-03 4.221769430296180349e-32
1.067014580320101245e-03 4.131874053394322416e-32
1.117262427523807531e-03 4.045067225331742171e-32
1.169876546187319580e-03 3.963886611730968285e-32
1.224968368758653494e-03 3.888011377129287259e-32
1.282654575262310486e-03 3.817147542279644220e-32
1.343057340418135886e-03 3.751022033608575057e-32
1.406304592397486682e-03 3.689393370206927361e-32
1.472530283764761144e-03 3.632037835688390735e-32
1.541874675178086119e-03 3.578752111546744222e-32
1.614484632450058918e-03 3.529352098042508789e-32
1.690513937597648434e-03 3.482916413938220717e-32
1.770123614540075477e-03 3.433470343947549779e-32
1.853482270134454131e-03 3.379933030032482336e-32
1.940766451271468129e-03 3.322525952628246332e-32
2.032161018787419747e-03 3.261483674040463038e-32
2.127859538984514746e-03 3.197048799296110828e-32
2.228064693588652743e-03 3.129480559713732945e-32
2.332988709012913733e-03 3.059042899300168062e-32
2.442853805835944019e-03 2.986006006402881298e-32
2.557892669447175624e-03 2.910644649328323668e-32
2.678348942855645655e-03 2.833339287674196263e-32
2.804477742706203928e-03 2.756927282649575244e-32
2.936546199595913096e-03 2.682604385261711739e-32
3.074834023835069149e-03 2.610300199581346652e-32
3.219634097850997568e-03 2.539947801082308785e-32
3.371253096489353670e-03 2.471481005653810926e-32
3.530012136526650569e-03 2.404841903537878279e-32
3.696247456769614480e-03 2.339973077027699888e-32
3.870311130181775059e-03 2.276819855418491102e-32
4.052571809545533511e-03 2.215330247113332215e-32
4.243415508238953908e-03 2.155479346280871524e-32
4.443246417780852969e-03 2.096419788077517271e-32
4.652487763875757208e-03 2.037319038875351451e-32
4.871582702771728134e-03 1.978274159345664084e-32
5.100995259829441478e-03 1.919379516011621215e-32
5.341211312290366532e-03 1.860724625660984320e-32
5.592739618325471770e-03 1.802399037376976198e-32
5.856112894543902617e-03 1.744487119892896378e-32
6.131888944243641879e-03 1.687069456152673604e-32
6.420651838793796015e-03 1.630222764772576255e-32
6.723013154650529268e-03 1.574041045639047768e-32
7.039613268626526525e-03 1.518761483412955078e-32
7.371122714157270564e-03 1.464762426830679656e-32
7.718243601436644910e-03 1.412060034733816733e-32
8.081711104429560588e-03 1.360653337861330798e-32
8.462295017910908754e-03 1.310538730242469451e-32
8.860801387828656089e-03 1.261713055232480912e-32
9.278074218443991064e-03 1.214170693170906503e-32
9.714997259864072490e-03 1.167904533008129625e-32
1.017249587975325303e-02 1.122906085313739884e-32
1.065153902318699726e-02 1.079178713506088953e-32
1.115314126479915839e-02 1.036827437660417602e-32
1.167836495756899816e-02 9.963412984490906573e-33
1.222832248279889268e-02 9.577011755372026903e-33
1.280417860604792998e-02 9.208118443448067610e-33
1.340715294401119938e-02 8.855831079529595938e-33
1.403852254756928798e-02 8.519311285031756030e-33
1.469962460647876792e-02 8.197764316426267448e-33
1.539185928143195319e-02 7.890440890453747801e-33
1.611669266948399792e-02 7.596634578934983054e-33
1.687565990912789915e-02 7.315745009372829479e-33
1.767036843159363116e-02 7.046910766868099418e-33
1.850250136525753014e-02 6.785097741904103907e-33
1.937382110037204688e-02 6.528817313672792895e-33
2.028617302166575709e-02 6.278190451131174791e-33
2.124148941671897411e-02 6.033319747282326779e-33
2.224179356839256147e-02 5.794299037876395166e-33
2.328920403997740418e-02 5.561204543626650887e-33
2.438593916214009186e-02 5.334097876997245160e-33
2.553432173116789577e-02 5.113026611615635552e-33
2.673678392846336530e-02 4.898053325843775884e-33
2.799587247170793464e-02 4.689241485287546283e-33
2.931425400860392105e-02 4.488359649185620922e-33
3.069472076461872076e-02 4.296399951357211322e-33
3.214019645669249914e-02 4.112949054916702878e-33
3.365374248543421404e-02 3.937611936276017130e-33
3.523856441892055102e-02 3.770016477114757789e-33
3.689801878182973061e-02 3.609807009221891365e-33
3.863562016428945256e-02 3.456644947780849526e-33
4.045504866549443773e-02 3.310208046994772198e-33
4.236015768785893199e-02 3.170201418231357136e-33
4.435498209821133603e-02 3.036346730207711362e-33
4.644374677331582907e-02 2.908240328612036504e-33
4.863087554781966165e-02 2.785429042298241300e-33
5.092100058357714593e-02 2.667694070207002955e-33
5.331897218019383128e-02 2.554828074267676605e-33
5.582986904756869623e-02 2.446634432844331824e-33
5.845900906219120285e-02 2.342923639384204624e-33
6.121196052997324860e-02 2.243513850329261875e-33
6.409455397947114164e-02 2.148230639706402677e-33
6.711289451047312837e-02 2.056911482594760849e-33
7.027337472410716268e-02 1.969401542353417345e-33
7.358268826185329625e-02 1.885554045169293344e-33
7.704784398213440633e-02 1.805248409011347576e-33
8.067618080451216533e-02 1.728338311331843078e-33
8.447538325292443251e-02 1.654679839803080982e-33
8.845349773088607981e-02 1.584136750848470330e-33
9.261894956312034799e-02 1.516577891721914609e-33
9.698056083971534624e-02 1.451877585643806378e-33
1.015475691005977427e-01 1.389915468894638272e-33
1.063296468998944505e-01 1.330578228229682805e-33
1.113369222916207879e-01 1.273757850132172011e-33
1.165800002800789770e-01 1.219352854159465154e-33
1.220699852804003616e-01 1.167302484533872063e-33
1.278185046367977806e-01 1.117512807672139474e-33
1.338377332483405291e-01 1.069883114584032488e-33
1.401404193544063537e-01 1.024318373947883960e-33
1.467399115344204530e-01 9.807273850736059397e-34
1.536501869790681818e-01 9.390230139721036073e-34
1.608858810928533445e-01 8.991220615226255036e-34
1.684623184907025062e-01 8.609459339172613106e-34
1.763955454542585899e-01 8.244198334212796857e-34
1.847023639166091302e-01 7.894680989225538940e-34
1.934003670474202241e-01 7.559044653758838941e-34
2.025079765138476928e-01 7.236194750785622651e-34
2.120444814961386648e-01 6.925713559760165135e-34
2.220300795405540373e-01 6.627201837006971360e-34
2.324859193361394349e-01 6.340266676338045220e-34
2.434341455059364501e-01 6.064524520670041602e-34
2.548979455075051082e-01 5.799601527124889686e-34
2.669015987420816916e-01 5.545136743603353603e-34
2.794705279763888828e-01 5.300779641236796164e-34
2.926313531859977557e-01 5.066183881796716023e-34
3.064119479342837793e-01 4.841605328894091870e-34
3.208414984063807651e-01 4.627316777361461912e-34
3.359505652231580264e-01 4.422828524678085519e-34
3.517711481661466855e-01 4.227679681562776933e-34
3.683367539504858179e-01 4.041429421068029027e-34
3.856824671894381606e-01 3.863658125534317654e-34
4.038450247007609462e-01 3.693966691042236935e-34
4.228628933123155798e-01 3.531977011538331756e-34
4.427763513316994581e-01 3.377329965083281777e-34
4.636275738524407442e-01 3.229681536165738882e-34
4.854607220774388998e-01 3.088645049056697252e-34
5.083220368488172713e-01 2.953766373041834532e-34
5.322599365822906492e-01 2.824765852393023516e-34
5.573251198134500095e-01 2.701389596415600302e-34
5.835706725731623079e-01 2.583392771200819423e-34
6.110521808194920856e-01 2.470540899549580992e-34
6.398278481642608595e-01 2.362609744547975088e-34
6.699586191435944471e-01 2.259385441233941902e-34
7.015083082935161807e-01 2.160663697892256930e-34
7.345437353039785400e-01 2.066248218173469832e-34
7.691348665375566940e-01 1.975937429150705196e-34
8.053549632125515112e-01 1.889474284141012825e-34
8.432807365643191222e-01 1.806684756050491293e-34
8.829925103134660391e-01 1.727419590150912754e-34
9.245743907849949261e-01 1.651533978392044960e-34
9.681144450386931499e-01 1.578888634805124678e-34
1.013704887388049425e+00 1.509349855162664481e-34
1.061442274702704802e+00 1.442789583547917601e-34
1.111427710908100108e+00 1.379085025499412417e-34
1.163767061115405843e+00 1.318117836988060383e-34
1.218571175835273745e+00 1.259779533048271032e-34
1.275956125750244752e+00 1.204050876806156411e-34
1.336043447543071139e+00 1.150844070003088047e-34
1.398960401301583722e+00 1.100043038875428137e-34
1.464840240045258035e+00 1.051536259029437685e-34
1.533822491944341726e+00 1.005217474850055953e-34
1.606053255829223092e+00 9.609856554987815965e-35
1.681685510615951173e+00 9.187448032016636015e-35
1.760879439303194571e+00 8.784036333462529586e-35
1.843802768226882716e+00 8.398751195070875737e-35
1.930631122291026180e+00 8.030763033584264993e-35
2.021548396927045133e+00 7.678757818072163878e-35
2.116747147569437271e+00 7.341615466580579995e-35
2.216428997472595697e+00 7.018741354229080700e-35
2.320805064732574863e+00 6.709555641832559419e-35
2.430096409418125880e+00 6.413500108025824759e-35
2.544534501758050293e+00 6.130039297626610088e-35
2.664361712376431157e+00 5.858660466773238700e-35
2.789831825613996230e+00 5.598872110839425161e-35
2.921210577022845367e+00 5.350200850946886068e-35
3.058776216172836904e+00 5.112192292046321509e-35
3.202820095961694147e+00 4.884724138899639385e-35
3.353647289676857213e+00 4.667893081251298101e-35
3.511577237116053851e+00 4.461198292722781730e-35
3.676944421134936025e+00 4.264143274193575012e-35
3.850099076054722680e+00 4.076255733155018112e-35
4.031407929430180559e+00 3.897088019327350347e-35
4.221254978748894438e+00 3.726215961003394314e-35
4.420042304706925940e+00 3.563237454595631350e-35
4.628190922783168126e+00 3.407770712326625251e-35
4.846141674916122355e+00 3.259453521875704632e-35
5.074356163171424683e+00 3.117805261603646589e-35
5.313317727377738109e+00 2.981963570531305101e-35
5.563532468801351882e+00 2.851656304124198815e-35
5.825530322027803187e+00 2.726677728625022750e-35
6.099866177320422800e+00 2.606827470373843200e-35
6.387121055833063110e+00 2.491911934988280080e-35
6.687903340165854082e+00 2.381744586548504881e-35
7.002850062870426662e+00 2.276145543296681437e-35
7.332628255633280467e+00 2.174940215103679855e-35
7.677936361994978753e+00 2.077960012838829230e-35
8.039505716597018292e+00 1.985072069279037085e-35
8.418102094089535470e+00 1.896412401970982059e-35
8.814527330980050479e+00 1.811868409716521585e-35
9.229621023858273432e+00 1.731243015352970216e-35
9.664262307593887158e+00 1.654347744936545124e-35
1.011937171727302598e+01 1.581003572898525359e-35
1.059591313781717936e+01 1.511040615809836233e-35
1.109489584541341145e+01 1.444297589064583289e-35
1.161737664507982437e+01 1.380620882112823439e-35
1.216446210889305490e+01 1.319864502967670940e-35
1.273731091961836270e+01 1.261886016014593538e-35
1.333713632470615273e+01 1.206473440835873495e-35
1.396520870585186103e+01 1.153487319941089457e-35
1.462285826956169288e+01 1.102822543105652778e-35
1.531147786442229908e+01 1.054377547350325664e-35
1.603252593104160795e+01 1.008055239217212691e-35
1.678752959090799379e+01 9.637631324993334299e-36
1.757808788070997963e+01 9.214130404352662695e-36
1.840587513896680960e+01 8.809200067096887934e-36
1.927264455214188033e+01 8.422027921450998161e-36
2.018023186774996702e+01 8.051821913608852340e-36
2.113055928232181202e+01 7.697468796702529018e-36
2.212563951246115579e+01 7.358208577243808075e-36
2.316758005761561634e+01 7.033429471528556196e-36
2.425858766358991403e+01 6.722535187592043968e-36
2.540097299625528393e+01 6.424953122447995747e-36
2.659715553535273713e+01 6.140134450758248480e-36
2.784966869875557194e+01 5.867552944512005530e-36
2.916116520804328616e+01 5.606701399220885859e-36
3.053442270675170533e+01 5.357092826363305551e-36
3.197234964319715189e+01 5.118259140320218138e-36
3.347799143033457625e+01 4.889706636113428072e-36
3.505453689569623776e+01 4.671027105386646124e-36
3.670532503507031663e+01 4.461815980452596166e-36
3.843385208422400723e+01 4.261678097572132399e-36
4.024377892364786646e+01 4.070234290761201133e-36
4.213893883200501733e+01 3.887122079078811250e-36
4.412334560470507228e+01 3.711994712826266428e-36
4.620120205479830133e+01 3.544516831851739319e-36
4.837690891419343586e+01 3.384366623183444504e-36
5.065507415405244984e+01 3.231258464813209681e-36
5.304052274410054935e+01 3.085428220787204912e-36
5.553830687152149892e+01 2.946762395003712417e-36
5.815371664108206318e+01 2.814888577188650266e-36
6.089229127914568096e+01 2.689450169560611043e-36
6.375983086530608546e+01 2.570110673114968363e-36
6.676240861648632574e+01 2.456553200454857928e-36
6.990638374952172285e+01 2.348479188380980521e-36
7.319841494946652460e+01 2.245605204468364013e-36
7.664547447214978604e+01 2.147663479011633520e-36
8.025486291085019275e+01 2.054381773417519829e-36
8.403422465836166566e+01 1.965011472806478100e-36
8.799156409719925875e+01 1.879194525319455642e-36
9.213526255223328576e+01 1.796809223650847684e-36
9.647409604165862618e+01 1.717733479507129548e-36
1.010172538638909145e+02 1.641848920526746778e-36
1.057743580597567643e+02 1.569041286862346569e-36
1.107554837911992536e+02 1.499200264627611736e-36
1.159711806796552622e+02 1.432217920164027255e-36
1.214324951493008626e+02 1.367989660624673172e-36
1.271509938224833434e+02 1.306416703909939092e-36
1.331387880168933577e+02 1.247458272156728023e-36
1.394085593963552299e+02 1.191049123568011716e-36
1.459735868295658463e+02 1.137087112916317213e-36
1.528477745136634383e+02 1.085471156351630478e-36
1.600456814221941784e+02 1.036104113074841659e-36
1.675825521398401179e+02 9.888929453702126510e-37
1.754743491492152145e+02 9.437485479596187896e-37
1.837377866381147840e+02 9.005846646693246056e-37
1.923903658988119503e+02 8.593184237734200617e-37
2.014504123943799243e+02 8.198757072442558938e-37
2.109371145705392223e+02 7.823312512290916592e-37
2.208705644952360672e+02 7.466664300470555323e-37
2.312718004120161481e+02 7.127820710431838896e-37
2.421628512973215948e+02 6.805827228749305848e-37
2.535667835160840013e+02 6.499784194033944820e-37
2.655077496744181644e+02 6.208845207199562846e-37
2.780110397728892622e+02 5.932213887658046176e-37
2.911031347686866866e+02 5.669135169452469702e-37
3.048117626601525103e+02 5.418896535349712134e-37
3.191659572124383999e+02 5.180788230199948663e-37
3.341961194486696058e+02 4.952963141456091624e-37
3.499340820368570917e+02 4.734478577029390839e-37
3.664131767089113509e+02 4.524996086696541397e-37
3.836683048545561974e+02 4.324174956193150398e-37
4.017360114396464041e+02 4.131686205370309233e-37
4.206545624054541008e+02 3.947213412934694299e-37
4.404640257128355643e+02 3.770452354802031903e-37
4.612063562029290438e+02 3.601106640246564399e-37
4.829254844541198963e+02 3.438890118650022773e-37
5.056674098234496455e+02 3.283540550125918005e-37
5.294802978695354341e+02 3.135223542674154331e-37
5.544145823633234613e+02 2.993859867041289489e-37
5.805230721027435266e+02 2.859119845823825250e-37
6.078610627574684031e+02 2.730681679176638568e-37
6.364864539806668517e+02 2.608239963538599111e-37
6.664598720357929551e+02 2.491504938518209504e-37
6.978447981981043995e+02 2.380201657512611191e-37
7.307077032028716985e+02 2.274068729534195306e-37
7.651181880250137510e+02 2.172857894369232134e-37
8.011491312883418914e+02 2.076328517832945883e-37
8.388768436165856883e+02 1.984064405026775045e-37
8.783812292531250705e+02 1.895805892609588619e-37
9.197459552917081282e+02 1.811388471160838239e-37
9.630586288765996414e+02 1.730648681621758788e-37
1.008410982747422167e+03 1.653429880575818791e-37
1.055899069521673027e+03 1.579582918555555437e-37
1.105623465126411475e+03 1.508965981055418021e-37
1.157689481809930157e+03 1.441440915505910400e-37
1.212207391184584367e+03 1.376875270475307800e-37
1.269292657773137535e+03 1.315142228064141523e-37
1.329066183553298288e+03 1.256111778743620282e-37
1.391654564018321935e+03 1.199677274682791452e-37
1.457190356296019900e+03 1.145730327471263606e-37
1.525812359894050132e+03 1.094163509318578981e-37
1.597665910666038826e+03 1.044873933233980611e-37
1.672903188621169875e+03 9.977628194972946488e-38
1.751683540229122400e+03 9.527352730009887155e-38
1.834173815903026480e+03 9.097010150965187844e-38
1.920548723375133932e+03 8.685736189292315857e-38
2.010991197713653264e+03 8.292717603097241133e-38
2.105692788764451961e+03 7.917697787021872639e-38
2.204854066838122435e+03 7.560193228025369990e-38
2.308685047501686313e+03 7.219381326883463129e-38
2.417405636374562619e+03 6.894458590499764014e-38
2.531246094870909019e+03 6.584661536364471077e-38
2.650447527874659500e+03 6.289266386024103345e-38
2.775262394380175920e+03 6.007587515314557395e-38
2.905955042179957672e+03 5.738968880940717901e-38
3.042802267731920892e+03 5.482786663189682964e-38
3.186093902391893153e+03 5.238441669109789203e-38
3.336133426252963545e+03 5.005052273015834683e-38
3.493238610891814915e+03 4.782000121987354152e-38
3.657742192383195743e+03 4.568842325640879278e-38
3.829992576008029573e+03 4.365142466552903490e-38
4.010354574147592757e+03 4.170483266852674694e-38
4.199210178926676235e+03 3.984465997304285066e-38
4.396959371241990993e+03 3.806709750212678883e-38
4.604020967889331587e+03 3.636849715183299230e-38
4.820833508583725234e+03 3.474537069493449791e-38
5.047856184751047294e+03 3.319436485887958232e-38
5.285569812058345633e+03 3.171117015758781724e-38
5.534477848742487367e+03 3.029250377898339233e-38
5.795107461894054723e+03 2.893569154862717257e-38
6.068010643954572515e+03 2.763810085058129201e-38
6.353765381791820801e+03 2.639721301781177866e-38
6.652976880829346555e+03 2.521061958191925661e-38
6.966278846822552623e+03 2.407601773852344163e-38
7.294334827996263812e+03 2.299119860189711566e-38
7.637839620386142087e+03 2.195404703104737733e-38
7.997520739360581501e+03 2.096253863084357124e-38
8.374139960439382776e+03 2.001468077049712191e-38
8.768494932672634604e+03 1.910870306808738048e-38
9.181420867996994275e+03 1.824283715855475479e-38
9.613792310146951422e+03 1.741534842778227716e-38
1.006652498686777290e+04 1.662457548591772170e-38
1.054057774935266389e+04 1.586892805592531513e-38
1.103695460301233106e+04 1.514688446020455336e-38
1.155670683387693498e+04 1.445698504598062695e-38
1.210093523513499531e+04 1.379783192053457791e-38
1.267079243852449690e+04 1.316810932966460499e-38
1.326748535551333953e+04 1.256784834032627863e-38
1.389227773344062007e+04 1.199644430624413859e-38
1.454649283203092273e+04 1.145246027358523618e-38
1.523151622595154549e+04 1.093451511009187876e-38
1.594879873934777061e+04 1.044130127692500140e-38
1.669985951857070540e+04 9.971581232146799534e-39
1.748628924960655058e+04 9.524183789134294885e-39
1.830975352702109740e+04 9.097997879111560092e-39
1.917199638155389766e+04 8.691970678163069520e-39
2.007484397383448595e+04 8.305095474776562391e-39
2.102020846204317786e+04 7.935802999719570212e-39
2.201009205170685891e+04 7.582944455203239862e-39
2.304659123620904575e+04 7.245798433461916546e-39
2.413190123699268224e+04 6.923665241633893048e-39
2.526832065286187571e+04 6.615876415684719267e-39
2.645825632822857369e+04 6.321793780338376189e-39
2.770422845061376938e+04 6.040808368121234035e-39
2.900887588820110614e+04 5.772337071576296818e-39
3.037496177874665955e+04 5.515822704108003848e-39
3.180537938168051187e+04 5.270729230705144684e-39
3.330315820579655701e+04 5.036261844056472740e-39
3.487147042550753395e+04 4.811810302943967504e-39
3.651363759925307386e+04 4.596967340360668976e-39
3.823313770429219585e+04 4.391338170006013333e-39
4.003361250277834915e+04 4.194544580333355869e-39
4.191887525471602567e+04 4.006224522685020553e-39
4.389291879413832794e+04 3.826031600402302551e-39
4.595992398560534639e+04 3.653632498591434939e-39
4.812426857893764100e+04 3.488707445575283105e-39
5.039053648093693482e+04 3.330951585793588759e-39
5.276352746372877300e+04 3.180225298475430047e-39
5.524826733029250317e+04 3.036319698181238167e-39
5.785001855870505824e+04 2.898925542758130749e-39
6.057429144764484226e+04 2.767746399749403336e-39
6.342685578675704164e+04 2.642499875136531099e-39
6.641375307660335966e+04 2.522917270577195967e-39
6.954130932406987995e+04 2.408743168745643872e-39
7.281614844033865666e+04 2.299732975513767459e-39
7.624520626979685039e+04 2.195653412487967289e-39
7.983574527959244733e+04 2.096284008572347645e-39
8.359536994095305272e+04 2.001598452996570679e-39
8.753204283484205371e+04 1.911487143911371565e-39
9.165410151605907595e+04 1.825717117677549254e-39
9.597027617150764854e+04 1.744067407729395717e-39
1.004897081100261858e+05 1.666328893803725443e-39
1.052219691229381278e+05 1.592303998189865015e-39
1.101770817563349410e+05 1.521806340556475515e-39
1.153655405380153097e+05 1.454658368272788759e-39
1.207983342040473653e+05 1.390691866996618898e-39
1.264869689720245369e+05 1.329745093134455575e-39
1.324434929103008180e+05 1.271405883783157086e-39
1.386805214548265794e+05 1.215394694254396999e-39
1.452112641276232898e+05 1.161629292912225792e-39
1.520495525134794880e+05 1.110030211003224001e-39
1.592098695541302732e+05 1.060520520102903593e-39
1.667073802219585923e+05 1.013026094781122979e-39
1.745579636381763266e+05 9.674758292329413296e-40
1.827782467035206500e+05 9.237997603006487903e-40
1.913856393126872426e+05 8.819300541886576011e-40
2.003983712270741235e+05 8.418024479643581145e-40
2.098355306839479599e+05 8.035314972648308844e-40
2.197171048237811774e+05 7.671474952034573498e-40
2.300640220214013825e+05 7.325501075237215853e-40
2.408981962105994171e+05 6.996453846962645853e-40
2.522425732960632595e+05 6.683449659795414742e-40
2.641211797509510070e+05 6.385660447815253684e-40
2.765591735030210111e+05 6.102313417656076703e-40
2.895828972170819761e+05 5.832669585405472137e-40
3.032199340866293642e+05 5.576031440970957248e-40
3.174991662528222078e+05 5.331733732747590029e-40
3.324508359745148337e+05 5.098098376106044601e-40
3.481066096789187868e+05 4.873915190993074531e-40
3.644996450285387691e+05 4.658823042724536761e-40
3.816646611464101588e+05 4.452482282169066834e-40
3.996380121484055999e+05 4.254567203916748535e-40
4.184577641383012524e+05 4.064768635165318084e-40
4.381637758287104079e+05 3.882796657881185178e-40
4.587977829586187145e+05 3.708361411785018912e-40
4.804034866862930357e+05 3.541183147646183911e-40
5.030266461448055925e+05 3.380995809236231708e-40
5.267151753561828518e+05 3.228114109972789926e-40
5.515192447094172239e+05 3.082593676145786030e-40
5.774913872172986157e+05 2.944053362420852948e-40
6.046866097770946799e+05 2.812138888921944444e-40
6.331625096706931945e+05 2.686515237388436878e-40
6.629793965510065900e+05 2.566868989333928496e-40
6.942004201729218476e+05 2.452911099683172069e-40
7.268917041393804830e+05 2.344356791367995645e-40
7.611224859458311694e+05 2.240935601091761223e-40
7.969652636196278036e+05 2.142390361711705165e-40
8.344959492649965687e+05 2.048253337151394911e-40
8.737940298387426883e+05 1.958145606672022785e-40
9.149427354971772293e+05 1.871893309368769641e-40
9.580292158708652714e+05 1.789336450043165014e-40
1.003144724640507833e+06 1.710321485275717626e-40
1.050384812804833520e+06 1.634704555671598627e-40
1.099849531049896963e+06 1.562355406833352708e-40
1.151643641648354009e+06 1.493137378067729714e-40
1.205876840337451315e+06 1.426918401435903244e-40
1.262663988645761507e+06 1.363573254610149378e-40
1.322125357160579646e+06 1.303354417116908212e-40
1.384386880251311231e+06 1.246358958265422041e-40
1.449580422788300784e+06 1.192388321316024140e-40
1.517844059421928134e+06 1.141264176044441704e-40
1.589322367013566196e+06 1.092819866085892747e-40
1.664166730837700889e+06 1.046903149928330567e-40
1.742535665203660494e+06 1.003380041682759172e-40
1.824595149176120292e+06 9.621132146327312962e-41
1.910518978105360409e+06 9.229730523002978723e-41
2.000489131711718859e+06 8.858371509141210205e-41
2.094696159503939794e+06 8.502567240952351652e-41
2.193339584347650409e+06 8.158890911416270590e-41
2.296628325038591400e+06 7.826949944159266524e-41
2.404781138775802217e+06 7.506440424595575411e-41
2.518027084471611306e+06 7.197064419536652807e-41
2.636606007879912388e+06 6.898567484166106710e-41
2.760769049570106436e+06 6.610791005079723004e-41
2.890779176822453737e+06 6.333444238449754892e-41
3.026911740571533795e+06 6.066229979340673146e-41
3.169455058577292599e+06 5.808864023082717047e-41
3.318711026058670599e+06 5.563976914302997951e-41
3.474995755083288532e+06 5.333041048166341311e-41
3.638640244067289401e+06 5.115082562119463493e-41
3.809991078803110402e+06 4.909282930145242696e-41
3.989411166500280146e+06 4.714883157995536005e-41
4.177280504393429961e+06 4.531219821712501153e-41
4.373996984545747750e+06 4.357781984306308512e-41
4.579977236552240327e+06 4.193954390964186996e-41
4.795657509927418083e+06 4.039151436884976509e-41
5.021494598046530969e+06 3.892826181054724836e-41
5.257966805597053841e+06 3.752925107793768783e-41
5.505574961589217186e+06 3.617668189947655277e-41
5.764843480071393773e+06 3.486818863500390506e-41
6.036321470796714537e+06 3.360249422871741458e-41
6.320583902192980051e+06 3.237836905732703718e-41
6.618232819099350832e+06 3.119333495365457438e-41
6.929898617848707363e+06 3.003556369841073753e-41
7.256241381395910867e+06 2.899756097857330410e-41
7.597952277320337482e+06 2.805153350843556267e-41
7.955755021662714891e+06 2.709847625660173317e-41
8.330407411697236821e+06 2.615308666391845638e-41
8.722702930885015056e+06 2.526826853624638260e-41
9.133472429407671094e+06 2.445994155381131530e-41
9.563585883840918541e+06 2.370440719943817857e-41
1.001395423969470523e+07 2.297359575852214676e-41
1.048553134072190709e+07 2.229517086095591189e-41
1.097931594908234850e+07 2.169507434409637589e-41
1.149635386064043269e+07 2.111519256332952221e-41
1.203774011987587251e+07 2.054293924213291225e-41
1.260462133909971453e+07 2.000578788278236670e-41
1.319819812688614056e+07 1.949807564158905467e-41
1.381972763086445816e+07 1.902393591979906343e-41
1.447052620025628991e+07 1.856314533752546561e-41
1.515197217379641347e+07 1.815089250015655880e-41
1.586550879894289747e+07 1.782449901574111242e-41
1.661264728855867684e+07 1.749385824439033049e-41
1.739497002153780684e+07 1.716263635833520590e-41
1.821413389415614307e+07 1.687053642029536042e-41
1.907187382924389094e+07 1.664371338265320057e-41
1.997000645061140880e+07 1.645700321073296121e-41
2.091043393051170558e+07 1.623043163530492187e-41
2.189514801828769967e+07 1.610325363678363731e-41
2.292623425873565301e+07 1.598756189052568691e-41
2.400587640912105888e+07 1.587978786945151965e-41
2.513636106419930235e+07 1.579006367754981083e-41
2.632008249903865531e+07 1.576526111294678463e-41
2.755954773990157247e+07 1.581447866357448567e-41
2.885738187392291427e+07 1.593834572077000442e-41
3.021633360883248970e+07 1.613861314480167060e-41
3.163928109449609742e+07 1.641537291285423512e-41
3.312923801860344037e+07 1.675147117555701689e-41
3.468935998941524327e+07 1.714177520631658669e-41
3.632295121908678114e+07 1.759397583056810214e-41
3.803347152172100544e+07 1.811851457587356611e-41
3.982454364097612351e+07 1.873774834305340141e-41
4.169996092274266481e+07 1.973853476849886491e-41
4.366369534914366901e+07 2.132265383691065315e-41
4.571990595087213814e+07 2.364870935098542305e-41
4.787294761568065733e+07 2.697541454176475126e-41
5.012738031168186665e+07 3.172154675361593579e-41
5.248797874499282241e+07 3.858268534648376824e-41
5.495974247217514366e+07 4.878202310841491850e-41
5.754790648889204860e+07 6.477620669733846825e-41
6.025795231720647216e+07 9.355422941958286472e-41
6.309561961499997228e+07 8.867135520614323589e-41
