5.109905999999998913e-04 7.879582378389236930e-34
5.350473576851644481e-04 9.607138494065183067e-34
5.602366755198166055e-04 1.144597136918962936e-33
5.866118729291675471e-04 1.329498308278588250e-33
6.142287795460358787e-04 1.523054280469716055e-33
6.431458533880856981e-04 1.712620748056809940e-33
6.734243045986863839e-04 1.870705685215388185e-33
7.051282250133307375e-04 2.009644738841149304e-33
7.383247238258645352e-04 2.137617020742359449e-33
7.730840696417070603e-04 2.258517055254803738e-33
8.094798392187431023e-04 2.371940599262838824e-33
8.475890732107416604e-04 2.477289979510293916e-33
8.874924392429622399e-04 2.575592971049946398e-33
9.292744026651535063e-04 2.666216987078684003e-33
9.730234053433664543e-04 2.745269175437031973e-33
1.018832052869052783e-03 2.817731666828443565e-33
1.066797310581719385e-03 2.891807599054889684e-33
1.117020708820062143e-03 2.954443754507840103e-33
1.169608557836061564e-03 3.002754767417072476e-33
1.224672172826939175e-03 3.050819663888529651e-33
1.282328109561316947e-03 3.096148303717958471e-33
1.342698411098354385e-03 3.133411473600673770e-33
1.405910866122084008e-03 3.164846726943740661e-33
1.472099279437786429e-03 3.192795884449732932e-33
1.541403755202978496e-03 3.223317752298627599e-33
1.613970993492529725e-03 3.249807039639127935e-33
1.689954600825686534e-03 3.264585047945358737e-33
1.769515415312278859e-03 3.280391734080515985e-33
1.852821847106389747e-03 3.299158298472718639e-33
1.940050234888116790e-03 3.312350135096544318e-33
2.031385219128042235e-03 3.320895827380703016e-33
2.127020132924476413e-03 3.326218288395611056e-33
2.227157411240810944e-03 3.324427792353610715e-33
2.332009019409218929e-03 3.315198027923086957e-33
2.441796901807732206e-03 3.301233154074710294e-33
2.556753451660457883e-03 3.286779358673934293e-33
2.677122002955344832e-03 3.274599400856477797e-33
2.803157345520783991e-03 3.254513368577135592e-33
2.935126264351350413e-03 3.226440909520546974e-33
3.073308104324263493e-03 3.197859758043211740e-33
3.217995361501951607e-03 3.162941755725365187e-33
3.369494302272361009e-03 3.117909618286680447e-33
3.528125611637563958e-03 3.074947036964088978e-33
3.694225072022917344e-03 3.034043001241669370e-33
3.868144274043687925e-03 2.987762902131054224e-33
4.050251360733595277e-03 2.937461152169063245e-33
4.240931806810638999e-03 2.884171833417253725e-33
4.440589234629762662e-03 2.825777278864060932e-33
4.649646268549444302e-03 2.763907067142074358e-33
4.868545429520748993e-03 2.702984646613381790e-33
5.097750071792444236e-03 2.641454948051776181e-33
5.337745363714919804e-03 2.578108120164533555e-33
5.589039314719107185e-03 2.512167047599742506e-33
5.852163850644149373e-03 2.443143646738532280e-33
6.127675939690065306e-03 2.370254090972823525e-33
6.416158771378821860e-03 2.296808418370587423e-33
6.718222991019268640e-03 2.225320002208951079e-33
7.034507992289061422e-03 2.159611592626849190e-33
7.365683270669625207e-03 2.094637730301861963e-33
7.712449840599039722e-03 2.020454683424253427e-33
8.075541719342556324e-03 1.948877715122171756e-33
8.455727480721857842e-03 1.884665201631508528e-33
8.853811881991689378e-03 1.820880060199816577e-33
9.270637567307829160e-03 1.757248001257350633e-33
9.707086851391934570e-03 1.695025383993249098e-33
1.016408358716903645e-02 1.633242605712371334e-33
1.064259512133089100e-02 1.571513262469217936e-33
1.114363434196464012e-02 1.510005231488156289e-33
1.166826182258116212e-02 1.449268343270661438e-33
1.221758806708133673e-02 1.390049763346913191e-33
1.279277586041244197e-02 1.332378254545688475e-33
1.339504272989020667e-02 1.276236612116792710e-33
1.402566352239675677e-02 1.221661949646681269e-33
1.468597310290949143e-02 1.168610845528335362e-33
1.537736918007322380e-02 1.117006245136023152e-33
1.610131526479638420e-02 1.066863351636686572e-33
1.685934376813412114e-02 1.018196982802340438e-33
1.765305924501548232e-02 9.710183138185384779e-34
1.848414179068108912e-02 9.254473613391890217e-34
1.935435059702046018e-02 8.816645628813578081e-34
2.026552767633707855e-02 8.396246099180313586e-34
2.121960176042323593e-02 7.992537443003347136e-34
2.221859238319828095e-02 7.605256707944787859e-34
2.326461415555192147e-02 7.233736784125390712e-34
2.435988124144148823e-02 6.877178892542737320e-34
2.550671204471800790e-02 6.535183435852954491e-34
2.670753411660161877e-02 6.207380547716496271e-34
2.796488929419462671e-02 5.893406177921664516e-34
2.928143908090869232e-02 5.591712730042109552e-34
3.065997028019559756e-02 5.300059079677909033e-34
3.210340089450633427e-02 5.018500545071991099e-34
3.361478630196557821e-02 4.746919921450887055e-34
3.519732572383552083e-02 4.485519785886115407e-34
3.685436899645957998e-02 4.234351539703115104e-34
3.858942366201990187e-02 3.993436930643305407e-34
4.040616239311863034e-02 3.762688071183470243e-34
4.230843076689823345e-02 3.542002531271908029e-34
4.430025540515739740e-02 3.331256539060613187e-34
4.638585249769253127e-02 3.131379785240136061e-34
4.856963672690687434e-02 2.943944155451730030e-34
5.085623061257851102e-02 2.768200491600151987e-34
5.325047429656733916e-02 2.603260350119794582e-34
5.575743578817326379e-02 2.448547761277257143e-34
5.838242169183217173e-02 2.303054285344361962e-34
6.113098843985748099e-02 2.165561206058168088e-34
6.400895405400434945e-02 2.035669747651475990e-34
6.702241046075237130e-02 1.913023167382757258e-34
7.017773638637597733e-02 1.797281138403429643e-34
7.348161085909700463e-02 1.688276036895077795e-34
7.694102734690107248e-02 1.585966057114121379e-34
8.056330856094301440e-02 1.489951768380748690e-34
8.435612195587777196e-02 1.399748481164460641e-34
8.832749595992547831e-02 1.315088561543538948e-34
9.248583696902677731e-02 1.235876819452071330e-34
9.683994714106039514e-02 1.162180083217209625e-34
1.013990430277883215e-01 1.093576838618153166e-34
1.061727750839691481e-01 1.029672136824080699e-34
1.111712480949335891e-01 9.701068016501570490e-35
1.164050425658635646e-01 9.145289347782695687e-35
1.218852371180495497e-01 8.626004817360547854e-35
1.276234319395349870e-01 8.140519769021025566e-35
1.336317733397847929e-01 7.685632654814780735e-35
1.399229794603555344e-01 7.259746754186745089e-35
1.465103671959890608e-01 6.862774640337776932e-35
1.534078803831169513e-01 6.496185611413032734e-35
1.606301193154404672e-01 6.157345401446766307e-35
1.681923716490660026e-01 5.843787981173814281e-35
1.761106447626119842e-01 5.553311669778241857e-35
1.844016996407883136e-01 5.282416898231499181e-35
1.930830863531680375e-01 5.026491160134644170e-35
2.021731812032530884e-01 4.784508347929887493e-35
2.116912256264687486e-01 4.555091131923315536e-35
2.216573669194229768e-01 4.337925942549908915e-35
2.320927008866469909e-01 4.132382588494752836e-35
2.430193164950856521e-01 3.937818603576069191e-35
2.544603426308633676e-01 3.753579350620809539e-35
2.664399970572943199e-01 3.579056100952059940e-35
2.789836376777740101e-01 3.413683008233778358e-35
2.921178162120561805e-01 3.257196779332894864e-35
3.058703343995395341e-01 3.109625181733653151e-35
3.202703028485285874e-01 2.970398914080073927e-35
3.353482026560422602e-01 2.838607385070329168e-35
3.511359499285984787e-01 2.714075260417190809e-35
3.676669633405527660e-01 2.595823901305921281e-35
3.849762348729918182e-01 2.482261542273830754e-35
4.031004038829238412e-01 2.373189778285674248e-35
4.220778346595437380e-01 2.268469596114980476e-35
4.419486976317463789e-01 2.167967719281394632e-35
4.627550543987812293e-01 2.071790710029677341e-35
4.845409467640353629e-01 1.980284147164655688e-35
5.073524899604123783e-01 1.893206643047207970e-35
5.312379702646342627e-01 1.810072668360849814e-35
5.562479472070971376e-01 1.730876282512763320e-35
5.824353605936277711e-01 1.655410129364367132e-35
6.098556425656882496e-01 1.583380356424415482e-35
6.385668349362193519e-01 1.514620958920299736e-35
6.686297120495037216e-01 1.448981352855908750e-35
7.001079094251037027e-01 1.386320104149819982e-35
7.330680584581913406e-01 1.326435288933636892e-35
7.675799274613838152e-01 1.269055148055724204e-35
8.037165693466457039e-01 1.214068807873154416e-35
8.415544762598531348e-01 1.161221731490276113e-35
8.811737414953562109e-01 1.110557997105558676e-35
9.226582290332554503e-01 1.062056028732791365e-35
9.660957510582712793e-01 1.015707258411229971e-35
1.011578253835967001e+00 9.714178225545878014e-36
1.059202012339770738e+00 9.290962772850468649e-36
1.109067834040789347e+00 8.886567318412275561e-36
1.161281272291766253e+00 8.500139036178123404e-36
1.215952849756876564e+00 8.130864264034074592e-36
1.273198292360295358e+00 7.777962447113649404e-36
1.333138774248762370e+00 7.439330800409339894e-36
1.395901174286649171e+00 7.114912470271663749e-36
1.461618344626478105e+00 6.804319395972066611e-36
1.530429391923376459e+00 6.506974669341101506e-36
1.602479971788748569e+00 6.222326393285064860e-36
1.677922597106418445e+00 5.949857614407404774e-36
1.756916960863894817e+00 5.689082014230586269e-36
1.839630274182103342e+00 5.439511937494062540e-36
1.926237620259099170e+00 5.200679903410966654e-36
2.016922324976996528e+00 4.972138173390075407e-36
2.111876344956562068e+00 4.752975265655058573e-36
2.211300673880914669e+00 4.543431388310379703e-36
2.315405767948387261e+00 4.343206305958887383e-36
2.424411991355171381e+00 4.151878580091080672e-36
2.538550082750666181e+00 3.969047315996500384e-36
2.658061643652938066e+00 3.794337233224876889e-36
2.783199649858118629e+00 3.627396239802485399e-36
2.914228986926298948e+00 3.467876397599237908e-36
3.051427010877362900e+00 3.315445942905330129e-36
3.195084135283652316e+00 3.169788756133389011e-36
3.345504446002151244e+00 3.030239317053049429e-36
3.503006344847481301e+00 2.896733137201548775e-36
3.667923223568126723e+00 2.769081087375424345e-36
3.840604169552585212e+00 2.647026026842930844e-36
4.021414704759223468e+00 2.530322550805238660e-36
4.210737559433948007e+00 2.418739647088666811e-36
4.408973482253514042e+00 2.312059659951941522e-36
4.616542088609264738e+00 2.210067934366903102e-36
4.833882748826965781e+00 2.112559282281560738e-36
5.061455518202816251e+00 2.019337725121652540e-36
5.299742110824377406e+00 1.930011942253313057e-36
5.549246919237613263e+00 1.844520138666765088e-36
5.810498082118584762e+00 1.762736441421745624e-36
6.084048602209639611e+00 1.684503473499995675e-36
6.370477516886585256e+00 1.609670437962172167e-36
6.670391123834598979e+00 1.538094237789217130e-36
6.984424264427325113e+00 1.469639102570720280e-36
7.313241667525761436e+00 1.404171907844760901e-36
7.657539356541402498e+00 1.341565019058678133e-36
8.018046122742063631e+00 1.281696162717127451e-36
8.395525067918901740e+00 1.224337456826508677e-36
8.790775219680302399e+00 1.169492950957870243e-36
9.204633222791510860e+00 1.117101037678459437e-36
9.637975110140340362e+00 1.067052231056296562e-36
1.009171815707759023e+01 1.019241924587339605e-36
1.056682282305733800e+01 9.735708418833496528e-37
1.106429478468707650e+01 9.299448253501844089e-37
1.158518706449116564e+01 8.882724202872515923e-37
1.213060225989352148e+01 8.484662065610703057e-37
1.270169487713808110e+01 8.104426730769216327e-37
1.329967377508690163e+01 7.740621566798039196e-37
1.392580472406914005e+01 7.393150167264931578e-37
1.458141308519721413e+01 7.061779362530250868e-37
1.526788661582160778e+01 6.745748095100570017e-37
1.598667840706275278e+01 6.444324238353139431e-37
1.673930995963800683e+01 6.156814563667000810e-37
1.752737440449451256e+01 5.882563051424971400e-37
1.835253987506496642e+01 5.620939855927744889e-37
1.921655303828510952e+01 5.371345884021402375e-37
2.012124279184640230e+01 5.133211459660329001e-37
2.106852413551067471e+01 4.905684450222467605e-37
2.206040222468104517e+01 4.688383032801583076e-37
2.309897661480958675e+01 4.480428071457863748e-37
2.418644570562604557e+01 4.281367964394955943e-37
2.532511139459500527e+01 4.090837173127458074e-37
2.651738394945133948e+01 3.908485761008122977e-37
2.776578711012870571e+01 3.733979008194893030e-37
2.907296343087948287e+01 3.566992698287786237e-37
3.044167987389490548e+01 3.407215383454547033e-37
3.187483366626533510e+01 3.254348011476589613e-37
3.337545843267839984e+01 3.107955301191026796e-37
3.494673061683643311e+01 2.967898885666111356e-37
3.659197620518572336e+01 2.834307813091667910e-37
3.831467776718999829e+01 2.706990646644778255e-37
4.011848182705029586e+01 2.585641344971588425e-37
4.200720658247637829e+01 2.469969838993752736e-37
4.398484998684679681e+01 2.359701318312933243e-37
4.605559821186676572e+01 2.254573716282002086e-37
4.822383450863656407e+01 2.154338118961920363e-37
5.049414848588730820e+01 2.058758128018195652e-37
5.287134582502370250e+01 1.967538161273414987e-37
5.536045845253816822e+01 1.880518294341974216e-37
5.796675519132814003e+01 1.797406108279034807e-37
6.069575291346438917e+01 1.717929661042717506e-37
6.355322821801565425e+01 1.641931522022696985e-37
6.654522965865029960e+01 1.569261233766983506e-37
6.967809054689712411e+01 1.499775092726258725e-37
7.295844235816656465e+01 1.433335008332144253e-37
7.639322876890966540e+01 1.369808797311756995e-37
7.998972035462767849e+01 1.309069959726594041e-37
8.375552997984473791e+01 1.250967076252779559e-37
8.769862891261895754e+01 1.195406650412939708e-37
9.182736369770510976e+01 1.142266333049845006e-37
9.615047382408154419e+01 1.091394608249588908e-37
1.006771102242417157e+02 1.042697313383301183e-37
1.054168546444075361e+02 9.960858602236075360e-38
1.103797399266666019e+02 9.514752551323195222e-38
1.155762712459654296e+02 9.087835361345203924e-38
1.210174483469124311e+02 8.679319247317072235e-38
1.267147888274586336e+02 8.288447217763798452e-38
1.326803525187456501e+02 7.914371865593892678e-38
1.389267670127220242e+02 7.556480564711708114e-38
1.454672543915668825e+02 7.214186221250208747e-38
1.523156592154992950e+02 6.887029552388160453e-38
1.594864778282161808e+02 6.574385700843557085e-38
1.669948890419914562e+02 6.275626345083932491e-38
1.748567862673888271e+02 5.990151166532296756e-38
1.830888111555988473e+02 5.717383917540869689e-38
1.917083888246109495e+02 5.456772986208879844e-38
2.007337647437902319e+02 5.207790410018217676e-38
2.101840433549274962e+02 4.969896802748696894e-38
2.200792285115186360e+02 4.742632220416868816e-38
2.304402658218714350e+02 4.525586236574345463e-38
2.412890869856691154e+02 4.319052615852921609e-38
2.526486562178405677e+02 4.122774786824170494e-38
2.645430188580052118e+02 3.936207436149658117e-38
2.769973522683829401e+02 3.758837293164791767e-38
2.900380191279154474e+02 3.590179129201788537e-38
3.036926232353988553e+02 3.429775209383557397e-38
3.179900679397553631e+02 3.277193680842340660e-38
3.329606173211250280e+02 3.132028538846665866e-38
3.486359602522809382e+02 2.993894000446083740e-38
3.650492774759711097e+02 2.862426093179722492e-38
3.822353118401724146e+02 2.736887354535129370e-38
4.002304418399273231e+02 2.616628642235264980e-38
4.190727586214287044e+02 2.501438200737505919e-38
4.388021466113627298e+02 2.391113075651845766e-38
4.594603679421653055e+02 2.285456999374830577e-38
4.810911508519120048e+02 2.184281200763341109e-38
5.037402822459560525e+02 2.087404200826430568e-38
5.274557046162449296e+02 1.994668558528690478e-38
5.522876175234702032e+02 1.905895368031721930e-38
5.782885838568616919e+02 1.820915557141378113e-38
6.055136410965477580e+02 1.739619934966229057e-38
6.340204178140086242e+02 1.661963326614734078e-38
6.638692556572065087e+02 1.587787895064072912e-38
6.951233370786180785e+02 1.516938014382185461e-38
7.278488190765320951e+02 1.449264058780937397e-38
7.621149732327089623e+02 1.384623093701542446e-38
7.979943323428275335e+02 1.322878645078136880e-38
8.355628439500979994e+02 1.263923586841084215e-38
8.749000311070346925e+02 1.207618733010116032e-38
9.160891607056709063e+02 1.153834018190142060e-38
9.592174197325533669e+02 1.102454917434752189e-38
1.004376099821570278e+03 1.053365433969023366e-38
1.051660790495289575e+03 1.006462218564171207e-38
1.101171581503839889e+03 9.616486953156591301e-39
1.153013274689638820e+03 9.188316623295187540e-39
1.207295605826428300e+03 8.779220576139938859e-39
1.264133476902200755e+03 8.388348409180665265e-39
1.323647199337683560e+03 8.015145710185880627e-39
1.385962748655251062e+03 7.658678656882595222e-39
1.451212031137285067e+03 7.318075311510004214e-39
1.519533163038468956e+03 6.992645025820409619e-39
1.591070762943023055e+03 6.682094435479636618e-39
1.665976257885728955e+03 6.385893132090857691e-39
1.744408203884724344e+03 6.103363557850913874e-39
1.826532621564556166e+03 5.833852142451202454e-39
1.912523347579925030e+03 5.576737007686760745e-39
2.002562402583970197e+03 5.331427108623068272e-39
2.096840376520053269e+03 5.097629873397133729e-39
2.195556832052527170e+03 4.874652163957272595e-39
2.298920726990506864e+03 4.661842450395671992e-39
2.407150856598787414e+03 4.458720149148817686e-39
2.520476316732169835e+03 4.264573930315799776e-39
2.639136988773538178e+03 4.078721912106538424e-39
2.763384047402169926e+03 3.900825235390177964e-39
2.893480492267117370e+03 3.730550232787776412e-39
3.029701704691026407e+03 3.567576269978228097e-39
3.172336030582896001e+03 3.411595997913781880e-39
3.321685390793532861e+03 3.262592019475312744e-39
3.478065920205759085e+03 3.120125128641077425e-39
3.641808636912130623e+03 2.983769650977923305e-39
3.813260142896653178e+03 2.853268370684576157e-39
3.992783357703658567e+03 2.728494474340338396e-39
4.180758286646851047e+03 2.609528237635526217e-39
4.377582825184559624e+03 2.496113181551015416e-39
4.583673601164005959e+03 2.387976446926268249e-39
4.799466856717216615e+03 2.284858769151050677e-39
5.025419371675465300e+03 2.186514469216655914e-39
5.262009430456837435e+03 2.092997777851949601e-39
5.509737834473566181e+03 2.003933336115672122e-39
5.769128962202165894e+03 1.918943885649174137e-39
6.040731879160251992e+03 1.837833089386103730e-39
6.325121500139607633e+03 1.760409243657850547e-39
6.622899806155575789e+03 1.686457096818513475e-39
6.934697118688933188e+03 1.615810080905604498e-39
7.261173433917253533e+03 1.548312291210167005e-39
7.603019819760166683e+03 1.483815546681058302e-39
7.960959878695642146e+03 1.422179542444262239e-39
8.335751279443715248e+03 1.363574421668768185e-39
8.728187360759844523e+03 1.307720110612298080e-39
9.139098810732750280e+03 1.254311881555873120e-39
9.569355425141260639e+03 1.203238532704505561e-39
1.001986794859246220e+04 1.154394510975831717e-39
1.049159000233792176e+04 1.107678749002641347e-39
1.098552010284926109e+04 1.062992576971793713e-39
1.150270377542511051e+04 1.020240874713457433e-39
1.204423576730449531e+04 9.793351810001372521e-40
1.261126236496993806e+04 9.401933022088725589e-40
1.320498382054687136e+04 9.029693471180303748e-40
1.382665689243396628e+04 8.666989912875221157e-40
1.447759750554344282e+04 8.326657995464466157e-40
1.515918353678201493e+04 8.004087722889909435e-40
1.587285773166795661e+04 7.688050384086237099e-40
1.662013075825952910e+04 7.392364219134185334e-40
1.740258440485729807e+04 7.114307119768152461e-40
1.822187492825106528e+04 6.846619443608118759e-40
1.907973655959671305e+04 6.598003742417051877e-40
1.997798517534622806e+04 6.373040435566126700e-40
2.091852214099909179e+04 6.144508469648231293e-40
2.190333833581312865e+04 5.928809234768783660e-40
2.293451836699345949e+04 5.726610639345015093e-40
2.401424498227893127e+04 5.536858021958994627e-40
2.514480369026864719e+04 5.357984673837635291e-40
2.632858759826577443e+04 5.185724118135402054e-40
2.756810247788222478e+04 5.013977306184947634e-40
2.886597206912356341e+04 4.851728108203552382e-40
3.022494363418496869e+04 4.696439180787081207e-40
3.164789377271075864e+04 4.541158805192879182e-40
3.313783451082980901e+04 4.402095110238338697e-40
3.469791967685468990e+04 4.275541646419098959e-40
3.633145157713887602e+04 4.151250035468754999e-40
3.804188798622656032e+04 4.028921914313932622e-40
3.983284946608702012e+04 3.910834465213395994e-40
4.170812702993131825e+04 3.793200895204910095e-40
4.367169016682887013e+04 3.689070053913201172e-40
4.572769524411392922e+04 3.590249977581756565e-40
4.788049430536623549e+04 3.496327344937543248e-40
5.013464428258703992e+04 3.406711673237677134e-40
5.249491664207500435e+04 3.321669845029743914e-40
5.496630748441411561e+04 3.238322656292907542e-40
5.755404811995758064e+04 3.154251760339546270e-40
6.026361614219161856e+04 3.068166064399105324e-40
6.310074702241604973e+04 2.981881902346065594e-40
6.607144625029069721e+04 2.901434131435937091e-40
6.918200204593848321e+04 2.830621639914271796e-40
7.243899867052175978e+04 2.768731354103336081e-40
7.584933036345821165e+04 2.715178975096714573e-40
7.942021593578731699e+04 2.669544967649681222e-40
8.315921405056823278e+04 2.594824453918415917e-40
8.707423922266173759e+04 2.451233438829490346e-40
9.117357857176076504e+04 2.249368697923166032e-40
9.546590936412769952e+04 2.005179648552402008e-40
9.996031738017889438e+04 1.736095551002848974e-40
1.046663161467843747e+05 1.454436600195503377e-40
1.095938670750052406e+05 1.154449609759918499e-40
1.147534005458820320e+05 7.928063718904589248e-41
1.201558379889211792e+05 3.943579444105076256e-41
1.258126149999999907e+05 2.739777028418488254e-41
