5.109905999999998913e-04 2.441074639100518009e-34
5.350455678343979350e-04 2.991413738282688434e-34
5.602329272969660190e-04 3.578544169958653314e-34
5.866059859127196541e-04 4.175231162089843642e-34
6.142205606673149408e-04 4.819409661682347489e-34
6.431350961403317808e-04 5.469961248675642168e-34
6.734107881996928427e-04 6.020351678572246998e-34
7.051117135190232898e-04 6.487803838058253593e-34
7.383049651920625157e-04 6.890436013925661012e-34
7.730607947311401648e-04 7.280499732159592780e-34
8.094527607502640006e-04 7.675594828828108779e-34
8.475578846474790540e-04 8.093618582424793748e-34
8.874568136160061738e-04 8.506396868836836584e-34
9.292339913291585308e-04 8.897064396636941932e-34
9.729778366602706650e-04 9.262474460830917065e-34
1.018780930815905636e-03 9.604574970830907194e-34
1.066740213278390657e-03 9.928061615786324254e-34
1.116957186972368380e-03 1.021509939420771159e-33
1.169538133089615848e-03 1.047551769611166411e-33
1.224594336026759225e-03 1.079333509509389548e-33
1.282242318911980435e-03 1.112760073916998421e-33
1.342604090219185701e-03 1.140590629153205651e-33
1.405807401991560719e-03 1.162535200499051996e-33
1.471986020221065488e-03 1.180129937965239214e-33
1.541280007956067353e-03 1.200259395916465479e-33
1.613836021736326717e-03 1.219797265964134890e-33
1.689807621982711413e-03 1.234500306465669047e-33
1.769355597998541543e-03 1.250453701240022437e-33
1.852648308270444686e-03 1.267424591466898066e-33
1.939862036788928988e-03 1.277011418515847988e-33
2.031181366142788790e-03 1.285546313225552325e-33
2.126799568177020587e-03 1.299824190266605314e-33
2.226919013040993579e-03 1.310051828037577509e-33
2.331751597492665549e-03 1.315438013491695783e-33
2.441519193365255299e-03 1.323552707274703721e-33
2.556454117145585438e-03 1.331613990673528438e-33
2.676799621657902344e-03 1.336458739295238404e-33
2.802810410893769727e-03 1.338483565748206468e-33
2.934753179077693227e-03 1.338492189421132875e-33
3.072907175109344715e-03 1.338510530754179004e-33
3.217564793576975848e-03 1.336544214307922030e-33
3.369032193592913504e-03 1.331219149007228036e-33
3.527629946760832500e-03 1.326664848781163719e-33
3.693693715646191676e-03 1.322382651140567263e-33
3.867574964185767610e-03 1.314358795905295376e-33
4.049641701539858848e-03 1.304248979232921965e-33
4.240279260961456881e-03 1.293566454666946490e-33
4.439891115330779278e-03 1.283214915471449068e-33
4.648899731081262976e-03 1.273094987487819286e-33
4.867747462324266937e-03 1.262483892518973891e-33
5.096897487064805561e-03 1.250111700904685603e-33
5.336834787489832393e-03 1.235153580897437322e-33
5.588067176403760036e-03 1.217686110201816772e-33
5.851126371983582722e-03 1.198718987540700674e-33
6.126569123128241222e-03 1.180254442632539187e-33
6.414978387784112113e-03 1.160951904861862551e-33
6.716964566740251698e-03 1.140042177913519481e-33
7.033166795504788328e-03 1.117900250172642157e-33
7.364254296996635384e-03 1.094431909412844734e-33
7.710927797915402386e-03 1.069316617798153216e-33
8.073921011787086460e-03 1.044409164092492535e-33
8.454002191824457751e-03 1.020249730037462412e-33
8.851975756888603650e-03 9.943041027995737858e-34
9.268683993992820128e-03 9.667114178062996386e-34
9.705008840952220397e-03 9.383379997716757382e-34
1.016187375295187628e-02 9.102166196204164186e-34
1.064024565698390261e-02 8.828338232491941859e-34
1.114113699829006460e-02 8.561730634028671189e-34
1.166560788314095244e-02 8.298479048881824185e-34
1.221476832248690435e-02 8.032451290289521877e-34
1.278978058122912619e-02 7.764347702701493578e-34
1.339186163808315545e-02 7.494754789764844628e-34
1.402228576124079328e-02 7.224665722053436557e-34
1.468238720528179837e-02 6.955662845648515251e-34
1.537356303504310191e-02 6.689765587610553456e-34
1.609727608242214961e-02 6.427434382344284508e-34
1.685505804237227151e-02 6.169069148957179386e-34
1.764851271464250651e-02 5.915040604848721803e-34
1.847931939812295574e-02 5.666505832567468369e-34
1.934923644497941325e-02 5.425092052682445068e-34
2.026010498209955199e-02 5.190822622272121271e-34
2.121385280772672757e-02 4.963460794958550285e-34
2.221249847152859461e-02 4.743171430394317774e-34
2.325815554673551361e-02 4.529240262056564963e-34
2.435303710339064773e-02 4.320484966939383706e-34
2.549946039217905816e-02 4.117080630069864578e-34
2.669985174874876105e-02 3.919208783200916371e-34
2.795675172890365809e-02 3.727025400464048227e-34
2.927282048553640076e-02 3.540990865021223743e-34
3.065084339868133501e-02 3.361752058506697594e-34
3.209373697060310254e-02 3.189248804024063343e-34
3.360455499839750532e-02 3.023210873647775770e-34
3.518649503716867605e-02 2.863710030508380552e-34
3.684290516746126232e-02 2.710714406847064358e-34
3.857729108127074674e-02 2.564198562866235837e-34
4.039332350162870566e-02 2.424014937870817628e-34
4.229484595146652814e-02 2.290013402191926356e-34
4.428588288819947788e-02 2.162041377009487280e-34
4.637064822124776359e-02 2.039619922954539814e-34
4.855355423052132302e-02 1.922054418582484555e-34
5.083922090474365246e-02 1.809317919110615822e-34
5.323248571937911483e-02 1.701244441322793785e-34
5.573841387485729132e-02 1.597920283505688106e-34
5.836230901676411897e-02 1.499498891909178334e-34
6.110972446068700659e-02 1.406232003592258020e-34
6.398647494547234083e-02 1.317937631578011810e-34
6.699864893976861802e-02 1.234427594886121222e-34
7.015262152790276151e-02 1.155517176026569510e-34
7.345506790236130956e-02 1.080998435408424615e-34
7.691297749143159723e-02 1.010652531052596678e-34
8.053366875190520746e-02 9.443056046250917497e-35
8.432480465814916337e-02 8.816896872967857841e-35
8.829440892032859589e-02 8.227270156110537243e-35
9.245088296610495804e-02 7.673858892285950069e-35
9.680302372174956482e-02 7.157082565298755884e-35
1.013600422303075621e-01 6.674691112729442316e-35
1.061315831462133902e-01 6.224511761887319832e-35
1.111277451476197636e-01 5.804512606186567148e-35
1.163591023096402916e-01 5.414485695507597391e-35
1.218367264837402070e-01 5.055638973518783979e-35
1.275722107306415387e-01 4.725275302272837290e-35
1.335776938563362493e-01 4.420161419794926926e-35
1.398658861031352174e-01 4.138613987550702059e-35
1.464500960501293469e-01 3.878817344172411896e-35
1.533442587799923873e-01 3.639175032774831011e-35
1.605629653717422778e-01 3.417906622473476833e-35
1.681214937818790167e-01 3.213403387186371659e-35
1.760358411792557198e-01 3.024218077443847468e-35
1.843227578021215396e-01 2.849007452697956118e-35
1.929997824089882130e-01 2.686536270527254930e-35
2.020852793983534124e-01 2.535737801034249346e-35
2.115984776758417507e-01 2.395199933245975723e-35
2.215595113510205882e-01 2.264449337547662703e-35
2.319894623500286523e-01 2.143140159569960196e-35
2.429104050341978349e-01 2.031265052383344047e-35
2.543454529191062630e-01 1.927995469544934782e-35
2.663188075929387999e-01 1.832563785183729621e-35
2.788558099376848842e-01 1.744285080728331763e-35
2.919829937615869841e-01 1.662201356226961437e-35
3.057281419563408487e-01 1.585066960080225969e-35
3.201203452979089481e-01 1.512507197934758883e-35
3.351900640153913646e-01 1.443907575102078130e-35
3.509691922582592882e-01 1.379245286073549821e-35
3.674911255983968617e-01 1.318080287000424096e-35
3.847908317098128750e-01 1.259684264563519345e-35
4.029049243756086529e-01 1.203908421948578980e-35
4.218717409788413364e-01 1.150634331332340478e-35
4.417314236412768214e-01 1.099749908331990595e-35
4.625260041817672030e-01 1.051145866852581531e-35
4.842994930740580628e-01 1.004717366568621832e-35
5.070979725922947212e-01 9.603659002133255345e-36
5.309696943413759751e-01 9.178012042881702600e-36
5.559651813785581043e-01 8.771057936453114512e-36
5.821373351424554698e-01 8.383689071404344452e-36
6.095415474157417357e-01 8.018002293641993798e-36
6.382358175585085558e-01 7.672738138237392511e-36
6.682808752604126878e-01 7.346598798118636577e-36
6.997403090713919527e-01 7.038389905680273810e-36
7.326807009829919837e-01 6.744496434748548868e-36
7.671717673451325936e-01 6.458294088677579139e-36
8.032865064165468638e-01 6.179615254355238438e-36
8.411013528611890333e-01 5.907314361812792376e-36
8.806963395175864129e-01 5.642566034957127088e-36
9.221552667835031247e-01 5.387053575163183591e-36
9.655658799744265552e-01 5.143834106673213150e-36
1.011020055031222054e+00 4.912427659707766686e-36
1.058613992970015572e+00 4.692224446631955172e-36
1.108448423485835832e+00 4.482653004409571470e-36
1.160628818140924112e+00 4.283163725759066446e-36
1.215265613588932814e+00 4.093237361000029585e-36
1.272474445307425706e+00 3.912375492067558140e-36
1.332376392333384452e+00 3.739146336975509819e-36
1.395098233519681763e+00 3.573723604202676680e-36
1.460772715854857129e+00 3.415911940384998156e-36
1.529538835414110842e+00 3.265347198469386216e-36
1.601542131536092262e+00 3.121683461756987758e-36
1.676934994848124028e+00 2.984595352977657309e-36
1.755876989791764764e+00 2.853776478809235330e-36
1.838535192331301582e+00 2.728929009950715795e-36
1.925084543559950845e+00 2.609769716258094830e-36
2.015708219952102365e+00 2.496023518259123201e-36
2.110598021045269945e+00 2.386815317419827152e-36
2.209954775372234170e+00 2.282250010121118118e-36
2.313988765502489553e+00 2.182242241938808501e-36
2.422920173092608653e+00 2.086594281622790735e-36
2.536979544887425941e+00 1.995117083479772321e-36
2.656408280658281829e+00 1.907631575581129055e-36
2.781459144111080306e+00 1.823968067540673370e-36
2.912396797845384189e+00 1.743960703348405867e-36
3.049498363496832010e+00 1.667450769370962479e-36
3.193054008248351394e+00 1.594286821773230455e-36
3.343367558951451990e+00 1.524060200264572242e-36
3.500757145157435080e+00 1.456858127582574850e-36
3.665555872419347327e+00 1.392619101980591419e-36
3.838112527289777809e+00 1.331212227946381962e-36
4.018792315506538593e+00 1.272512599336454263e-36
4.207977634928527166e+00 1.216401836259757787e-36
4.406068884857726964e+00 1.162767759580228312e-36
4.613485313460120807e+00 1.111501421326009476e-36
4.830665905079121636e+00 1.062498724070556312e-36
5.058070309319436575e+00 1.015660289144118801e-36
5.296179813867660791e+00 9.707401780215125451e-37
5.545498363108640305e+00 9.277698225226237824e-37
5.806553624693259863e+00 8.867053168157072128e-37
6.079898106315232198e+00 8.474616888353872363e-37
6.366110325060208908e+00 8.099578141374190707e-37
6.665796031802281085e+00 7.741165897549366192e-37
6.979589493239062747e+00 7.398647731535651818e-37
7.308154834278925094e+00 7.071316215858923749e-37
7.652187443621218499e+00 6.758495531329065075e-37
8.012415445504400324e+00 6.459544327510832519e-37
8.389601240737105670e+00 6.173167526433377952e-37
8.784543120273365702e+00 5.899463899211851187e-37
9.198076954747136824e+00 5.638097487953204042e-37
9.631077963542123754e+00 5.388503645429051657e-37
1.008446256714068312e+01 5.150144368820282252e-37
1.055919032667237367e+01 4.922508575748119664e-37
1.105626597476723916e+01 4.705111023026205837e-37
1.157674154201166417e+01 4.497485409211566784e-37
1.212171858350760445e+01 4.299187070359050713e-37
1.269235051024734062e+01 4.109776146881141112e-37
1.328984503023830932e+01 3.927858450109172240e-37
1.391546670454410695e+01 3.753162795430603806e-37
1.457053962365149857e+01 3.585563341001677833e-37
1.525645020982813271e+01 3.424803813467381638e-37
1.597465015140145717e+01 3.270636478831796348e-37
1.672665947516928142e+01 3.122822378007029565e-37
1.751406976344486921e+01 2.981131120312733163e-37
1.833854752254466547e+01 2.845338437144856806e-37
1.920183770984830574e+01 2.715227316221557134e-37
2.010576742689539387e+01 2.590605258671283370e-37
2.105224978633575361e+01 2.471762987754019857e-37
2.204328796091671450e+01 2.358900447365360570e-37
2.308097942307709616e+01 2.251754498818692959e-37
2.416752038412121095e+01 2.150011382081733992e-37
2.530521044236730788e+01 2.053376151798018432e-37
2.649645745010835540e+01 1.961571700545859703e-37
2.774378260968631693e+01 1.874337685890632818e-37
2.904982580946445125e+01 1.791428457769287223e-37
3.041735121099143768e+01 1.712612722665891037e-37
3.184925309918266834e+01 1.637665399325303209e-37
3.334856200789923264e+01 1.565970476288953332e-37
3.491845113388993127e+01 1.497275260050685247e-37
3.656224305267023311e+01 1.431490021645110497e-37
3.828341675055313686e+01 1.368495889451460183e-37
4.008561498771333476e+01 1.308178758174214816e-37
4.197265200786885941e+01 1.250429168728607011e-37
4.394852161089804099e+01 1.195142149346531637e-37
4.601740560547548142e+01 1.142216723090673755e-37
4.818368265961724006e+01 1.091555936474932721e-37
5.045193756786781591e+01 1.043065812725881587e-37
5.282697095474046733e+01 9.965731725031034240e-38
5.531380943494927749e+01 9.520027106897397037e-38
5.791771625193513984e+01 9.092959446116377034e-38
6.064420241720326743e+01 8.683811602258019678e-38
6.349903837404587392e+01 8.291892246192658342e-38
6.648826621033649076e+01 7.916535100834465893e-38
6.961821244624474048e+01 7.557098116218904585e-38
7.289550142393383680e+01 7.212961681467104070e-38
7.632706932758020457e+01 6.883528352989971829e-38
7.992017886338921073e+01 6.568244283833251518e-38
8.368243463067379651e+01 6.267628669836913304e-38
8.762179921652904113e+01 5.981750748594056380e-38
9.174661004816789500e+01 5.709896979862399223e-38
9.606559703858158628e+01 5.451335058432789246e-38
1.005879010628735557e+02 5.205373949622520594e-38
1.053230933043687543e+02 4.971361315371136432e-38
1.102811955114461995e+02 4.748681127094588947e-38
1.154727012079636239e+02 4.536751609882971227e-38
1.209085979021661217e+02 4.335023087559910685e-38
1.266003903410851592e+02 4.142964886335040208e-38
1.325601248596400978e+02 3.959343212418720400e-38
1.388004148759776797e+02 3.783410036538019682e-38
1.453344675870112326e+02 3.614880262203147330e-38
1.521761119206542219e+02 3.453461222077293879e-38
1.593398278039115326e+02 3.298871130577001381e-38
1.668407768087689931e+02 3.150838569055808142e-38
1.746948342407468431e+02 3.009102025514035547e-38
1.829186227380239984e+02 2.873410115779499231e-38
1.915295474522466179e+02 2.743520879641806617e-38
2.005458328854825538e+02 2.619205464515470740e-38
2.099865614612781712e+02 2.500531650046199485e-38
2.198717139114538952e+02 2.387414078430360945e-38
2.302222115641188509e+02 2.279583927665718411e-38
2.410599606223969715e+02 2.176787004972243629e-38
2.524078985275812954e+02 2.078781817476652745e-38
2.642900425048458715e+02 1.985338733530637297e-38
2.767315403942504872e+02 1.896239217990392839e-38
2.897587238746261846e+02 1.811276063927930933e-38
3.033991641929807201e+02 1.730252333526131229e-38
3.176817305173812542e+02 1.652980593625823747e-38
3.326366510368030731e+02 1.579287424837730108e-38
3.482955769372638315e+02 1.508978585660448614e-38
3.646916493896509905e+02 1.441883248522355739e-38
3.818595696910064703e+02 1.377850098569853033e-38
3.998356727077234041e+02 1.316735956800525374e-38
4.186580037761011113e+02 1.258405067011095297e-38
4.383663992229980408e+02 1.202728441695471716e-38
4.590025706770136935e+02 1.149584279407597219e-38
4.806101933486270354e+02 1.098857020267837745e-38
5.032349984661473172e+02 1.050435573985145523e-38
5.269248700630940903e+02 1.004113800163425629e-38
5.517299463218585061e+02 9.597034248447222868e-39
5.777027256881444828e+02 9.171161696593952416e-39
6.048981779807555768e+02 8.762821503303148597e-39
6.333738607318916820e+02 8.371343871519740026e-39
6.631900410041976102e+02 7.996084396035577116e-39
6.944098229423573230e+02 7.636420508679266084e-39
7.270992813292006076e+02 7.291760375409289565e-39
7.613276014289976956e+02 6.961535527393759299e-39
7.971672254138879907e+02 6.645210454527097877e-39
8.346940056833642529e+02 6.343889235925724777e-39
8.739873654012880024e+02 6.057548601687790985e-39
9.151304665902291617e+02 5.785234765141714979e-39
9.582103861388590076e+02 5.526214653192117155e-39
1.003318300094919664e+03 5.279796025978805424e-39
1.050549676633833542e+03 5.045322969540170442e-39
1.100004478111325852e+03 4.822171247876797503e-39
1.151787372627704599e+03 4.609757817729163548e-39
1.206007955551587429e+03 4.407532163239665289e-39
1.262780981471872792e+03 4.214971178797312140e-39
1.322226607068889052e+03 4.031551742334245400e-39
1.384470645418766026e+03 3.856414568745325413e-39
1.449644832269200833e+03 3.689003515840577883e-39
1.517887104850218520e+03 3.528972692623181705e-39
1.589341893809973499e+03 3.375992008798355220e-39
1.664160428893513654e+03 3.229744110311926624e-39
1.742501059011391362e+03 3.089920727254320146e-39
1.824529587375557867e+03 2.956235557964391575e-39
1.910419622411868659e+03 2.828415977243881322e-39
2.000352945191820709e+03 2.706200329552140352e-39
2.094519894161197954e+03 2.589453233695068565e-39
2.193119767979920198e+03 2.477617975197166447e-39
2.296361247325603017e+03 2.370310790428926009e-39
2.404462836553617763e+03 2.267362089839256517e-39
2.517653326148340511e+03 2.168608143524397057e-39
2.636172276944425903e+03 2.073887945990372366e-39
2.760270527142827632e+03 1.983038907807920736e-39
2.890210723194684306e+03 1.895914624909095102e-39
3.026267875676704080e+03 1.812374718717856382e-39
3.168729941334422165e+03 1.732285538635512605e-39
3.317898432525241333e+03 1.656298744692498662e-39
3.474089055351164916e+03 1.584365261702789538e-39
3.637632377831673239e+03 1.516048983210602412e-39
3.808874529530948166e+03 1.451150740275873653e-39
3.988177934120235477e+03 1.389483468874525237e-39
4.175922076425624255e+03 1.330867658020560714e-39
4.372504305584777285e+03 1.275124848082274256e-39
4.578340676012347103e+03 1.222100797924631177e-39
4.793866827954066139e+03 1.171651743224226160e-39
5.019538909492993298e+03 1.123641385903564485e-39
5.255834541959345188e+03 1.078039237144275040e-39
5.503253830787254628e+03 1.034376101449744029e-39
5.762320423957692583e+03 9.923512997087349213e-40
6.033582620267749917e+03 9.519093003095306514e-40
6.317614529771994967e+03 9.129962156758425210e-40
6.615017288851687226e+03 8.758333895465189257e-40
6.926420332483639868e+03 8.423879885724178853e-40
7.252482726401278342e+03 8.088889057693982645e-40
7.593894561967540540e+03 7.763708293091689187e-40
7.951378416711528189e+03 7.473224101708888833e-40
8.325690883620152817e+03 7.183767417882591085e-40
8.717624172421586991e+03 6.900972711058998983e-40
9.128007786249270794e+03 6.636472322271197316e-40
9.557710277235124522e+03 6.388583371154383156e-40
1.000764108474779823e+04 6.146540795246621930e-40
1.047875246016608253e+04 5.907832743841808147e-40
1.097204148226139296e+04 5.677997444609931964e-40
1.148855216745498547e+04 5.458065831140024302e-40
1.202937767941531092e+04 5.246392350031733905e-40
1.259566264267327824e+04 5.043619770199255089e-40
1.318860556515060125e+04 4.859846437170315919e-40
1.380946137472956252e+04 4.679478152964433426e-40
1.445954407523225018e+04 4.508360482241921167e-40
1.514022952742996131e+04 4.344592256818357345e-40
1.585295836096957100e+04 4.180990050450080624e-40
1.659923902337937398e+04 4.028008246759814412e-40
1.738065097260678158e+04 3.883149735965186827e-40
1.819884801984586375e+04 3.743652674630392634e-40
1.905556182972905663e+04 3.607130066131404542e-40
1.995260558529036280e+04 3.472414325385013110e-40
2.089187782545790469e+04 3.345011752472186048e-40
2.187536646319718056e+04 3.229410607237982132e-40
2.290515299280827094e+04 3.121323303090945083e-40
2.398341689528305142e+04 3.020354242033459793e-40
2.511244025104537650e+04 2.926169970334032033e-40
2.629461256983588100e+04 2.833371205360981714e-40
2.753243584796529831e+04 2.738323622807947020e-40
2.882852986363886521e+04 2.642136552572313455e-40
3.018563772155803235e+04 2.545983752520030848e-40
3.160663165853616738e+04 2.450798081657214397e-40
3.309451912241470563e+04 2.356199130805371495e-40
3.465244913714393624e+04 2.262411854554716376e-40
3.628371896750310407e+04 2.169248089874560335e-40
3.799178109756115737e+04 2.076398816071369708e-40
3.978025053765117627e+04 1.983237814795426075e-40
4.165291247532187117e+04 1.851194196166461810e-40
4.361373028645751037e+04 1.646719271198248115e-40
4.566685392352397321e+04 1.394879283751477227e-40
4.781662869869311544e+04 1.121585853369031905e-40
5.006760448043242650e+04 8.458030856362730429e-41
5.242454532302755979e+04 5.767138859163404134e-41
5.489243954941505217e+04 3.237844828322905952e-41
5.747651030866746441e+04 1.354101730380964952e-41
6.018222663047156675e+04 6.922312483485619167e-42
6.301531499999997322e+04 3.587719485203332600e-42
