5.109905999999998913e-04 8.814677638324919267e-33
5.350501945619956599e-04 1.064553699387530740e-32
5.602426164020032993e-04 1.251179894335433934e-32
5.866212038104290979e-04 1.430696152444670623e-32
6.142418064695565711e-04 1.621039664874119361e-32
6.431629037004750948e-04 1.804966431852699827e-32
6.734457282775796819e-04 1.938223447207485410e-32
7.051543960727730403e-04 2.036135464942435527e-32
7.383560418038685432e-04 2.109425758370406848e-32
7.731209611745987588e-04 2.163635294984973846e-32
8.095227597071780450e-04 2.201072463150929675e-32
8.476385085825245691e-04 2.225284161658150081e-32
8.875489078181079527e-04 2.241500113948943782e-32
9.293384571288895767e-04 2.250059220510541815e-32
9.730956348331208519e-04 2.241802965669917793e-32
1.018913085181782398e-03 2.225642267457883989e-32
1.066887814508283823e-03 2.214909514526300033e-32
1.117121396613714093e-03 2.197603782964905222e-32
1.169720187822508375e-03 2.169964368950658697e-32
1.224795552163831028e-03 2.135827422779413057e-32
1.282464097155456293e-03 2.098028163287860045e-32
1.342847920689345604e-03 2.059340909163813741e-32
1.406074869541643112e-03 2.019072168249313516e-32
1.472278810054411394e-03 1.976600166521726336e-32
1.541599911562201858e-03 1.930344738810292344e-32
1.614184943163556431e-03 1.882291320134414813e-32
1.690187584465751517e-03 1.834612584504509140e-32
1.769768750960722115e-03 1.786111495798769122e-32
1.853096934721060792e-03 1.736466707678243469e-32
1.940348561137407533e-03 1.685626639308206280e-32
2.031708362452576758e-03 1.635162068291586936e-32
2.127369768883194574e-03 1.586287886583894062e-32
2.227535318157048989e-03 1.536353786766265831e-32
2.332417084333148795e-03 1.485361591684370255e-32
2.442237126812458418e-03 1.435206530300670454e-32
2.557227960489951487e-03 1.386053773777671356e-32
2.677633048043394359e-03 1.337795255677832433e-32
2.803707315401202018e-03 1.289085373948897115e-32
2.935717691480634051e-03 1.240911460997750751e-32
3.073943673339209030e-03 1.196487665321725493e-32
3.218677917935789529e-03 1.153023666420753591e-32
3.370226861754293830e-03 1.108550989872386330e-32
3.528911369601909001e-03 1.064742341314724680e-32
3.695067413955443504e-03 1.022067753978882199e-32
3.869046786294211282e-03 9.807030018176367700e-33
4.051217841925433202e-03 9.406276834659469865e-33
4.241966279879182990e-03 9.017088208832598932e-33
4.441695959524074623e-03 8.630692591782880525e-33
4.650829755632660163e-03 8.252753314463571720e-33
4.869810453706930990e-03 7.898006116368947131e-33
5.099101687459484285e-03 7.556112274942478493e-33
5.339188920435323366e-03 7.222789941291035127e-33
5.590580473852497546e-03 6.913761886113509715e-33
5.853808602837847624e-03 6.624381446420331891e-33
6.129430623336473531e-03 6.341570925685513738e-33
6.418030092080816845e-03 6.059679845495369949e-33
6.720218042117777173e-03 5.779650739698065562e-33
7.036634276509492331e-03 5.521747253041061575e-33
7.367948722947177849e-03 5.277633726288016877e-33
7.714862852145804722e-03 5.028808419058826288e-33
8.078111163022816399e-03 4.790639990203493865e-33
8.458462737805337583e-03 4.567891789937361717e-33
8.856722870358345323e-03 4.347375702405246566e-33
9.273734771181535788e-03 4.131759873999195938e-33
9.710381352684423900e-03 3.927635319150343183e-33
1.016758709851996699e-02 3.732471282899455528e-33
1.064632002093414236e-02 3.545014171654326697e-33
1.114759371027585280e-02 3.365113992644695176e-33
1.167246948100645124e-02 3.192667435970466196e-33
1.222205861875240614e-02 3.027591539700547817e-33
1.279752473315867722e-02 2.869684558596801972e-33
1.340008622152443450e-02 2.718720415396412574e-33
1.403101884843706987e-02 2.574512023784394474e-33
1.469165844686631806e-02 2.437720346619635516e-33
1.538340374643723876e-02 2.309383110580910618e-33
1.610771933487030808e-02 2.188935701065374030e-33
1.686613875885854819e-02 2.075834127224687077e-33
1.766026777094702876e-02 1.969576183454303920e-33
1.849178772928924963e-02 1.868913626774472800e-33
1.936245915747832405e-02 1.772263361387576661e-33
2.027412547199004475e-02 1.679536342362727729e-33
2.122871688512975932e-02 1.590645755066550896e-33
2.222825449174644155e-02 1.505532816932291296e-33
2.327485454836642972e-02 1.424617489771831960e-33
2.437073295380699778e-02 1.348552021334711444e-33
2.551820994075602173e-02 1.277030261496374369e-33
2.671971498825098656e-02 1.209752745598213987e-33
2.797779196545839564e-02 1.146442007324108453e-33
2.929510451764389886e-02 1.086881800941331508e-33
3.067444170573660131e-02 1.030895700981145466e-33
3.211872391142805289e-02 9.782424525981134551e-34
3.363100902030801559e-02 9.286834736908272300e-34
3.521449889612851547e-02 8.820241177600904018e-34
3.687254615990342987e-02 8.380742344651674449e-34
3.860866128819688547e-02 7.966571270269710152e-34
4.042652004562892476e-02 7.576069863333591411e-34
4.232997126733481497e-02 7.207705432823104316e-34
4.432304500785569368e-02 6.860058009864251377e-34
4.640996107371309076e-02 6.531990505096411007e-34
4.859513795773316019e-02 6.222568686880416312e-34
5.088320219403674738e-02 5.930574855344785169e-34
5.327899815350174012e-02 5.654766585335014397e-34
5.578759830043707180e-02 5.394195140604413217e-34
5.841431393218451257e-02 5.145997579981258778e-34
6.116470642438593536e-02 4.906169928860593061e-34
6.404459900572544162e-02 4.674587634986480046e-34
6.706008908707604410e-02 4.451198463870920344e-34
7.021756117115424134e-02 4.235934056392693633e-34
7.352370037001641767e-02 4.030566111740758804e-34
7.698550655901531536e-02 3.838036085826178694e-34
8.061030919718473187e-02 3.657466747811191353e-34
8.440578284543068244e-02 3.487892805930630540e-34
8.837996341538435774e-02 3.328582692536661540e-34
9.254126518331935725e-02 3.178686588675688193e-34
9.689849860515686863e-02 3.037323642787274205e-34
1.014608889702754979e-01 2.903917241678023475e-34
1.062380959336217956e-01 2.777952659688934535e-34
1.112402339674747748e-01 2.658959470209277160e-34
1.164778937761659638e-01 2.545823832175502014e-34
1.219621647190949065e-01 2.436970909603778357e-34
1.277046582895143556e-01 2.332235920657709861e-34
1.337175326987968815e-01 2.231433911659149330e-34
1.400135186182315528e-01 2.134496690198523836e-34
1.466059461328533542e-01 2.041317527287059462e-34
1.535087729643728471e-01 1.951789727464993653e-34
1.607366140229605223e-01 1.865794215690651925e-34
1.683047723504531301e-01 1.783212349127801442e-34
1.762292715204983318e-01 1.703927501473001330e-34
1.845268895642334928e-01 1.628065573791552124e-34
1.932151944933293286e-01 1.555941951444259582e-34
2.023125814956081570e-01 1.487364764004521799e-34
2.118383118819891775e-01 1.422097395298426210e-34
2.218125538672201802e-01 1.359997338576869423e-34
2.322564252707375321e-01 1.300924287134579075e-34
2.431920382280647885e-01 1.244762801810449439e-34
2.546425460074106528e-01 1.191353404827199097e-34
2.666321920305912418e-01 1.140549358442602459e-34
2.791863612020637486e-01 1.092215075419020704e-34
2.923316336547482353e-01 1.046133640415404612e-34
3.060958410264281171e-01 1.002023487091116198e-34
3.205081253858840240e-01 9.597933593838847606e-35
3.355990009335157453e-01 9.193317808859349098e-35
3.514004186070918134e-01 8.805894605715198321e-35
3.679458337294095882e-01 8.434599331222756162e-35
3.852702768410932732e-01 8.078001965199343642e-35
4.034104278684992329e-01 7.735537378293292314e-35
4.224046937837574456e-01 7.406698157100687464e-35
4.422932899213795066e-01 7.090999929340694688e-35
4.631183251235919673e-01 6.788305250160584909e-35
4.849238908946730264e-01 6.498819911679147824e-35
5.077561547530519137e-01 6.221972052374796008e-35
5.316634579788189763e-01 5.956980580513763431e-35
5.566964179635996990e-01 5.703495126303675631e-35
5.829080353794965363e-01 5.460354164411349500e-35
6.103538063939930591e-01 5.225725576570841087e-35
6.390918401684114736e-01 4.999366517572635872e-35
6.691829818886932957e-01 4.781100218120444289e-35
7.006909415889884807e-01 4.570754581418260329e-35
7.336824290408010540e-01 4.368691896127895688e-35
7.682272949932900108e-01 4.175822956275709660e-35
8.043986790637549511e-01 3.991756778419362221e-35
8.422731645914317555e-01 3.815929913665336930e-35
8.819309407824595937e-01 3.648077626841491308e-35
9.234559724893157684e-01 3.487971865655273420e-35
9.669361779841859628e-01 3.335502082415617277e-35
1.012463615102648262e+00 3.190283679346163881e-35
1.060134676151799127e+00 3.051949596799308873e-35
1.110050291995466454e+00 2.920157417943076097e-35
1.162316145748619522e+00 2.794573542707107371e-35
1.217042896533415464e+00 2.674883017994075742e-35
1.274346413770624187e+00 2.560776404613867011e-35
1.334348022502476860e+00 2.451302936539796696e-35
1.397174760266362226e+00 2.346055698912286917e-35
1.462959646063209052e+00 2.244910496910727675e-35
1.531841961990041634e+00 2.147728159606895958e-35
1.603967548132981591e+00 2.054373345398135410e-35
1.679489111345062069e+00 1.964718092897899070e-35
1.758566548562593645e+00 1.878640295290128394e-35
1.841367285344648552e+00 1.796014548534188078e-35
1.928066630352394339e+00 1.716718948490225119e-35
2.018848146518820830e+00 1.640635152247547981e-35
2.113904039694702419e+00 1.567736456158858063e-35
2.213435565593651511e+00 1.498129049982869792e-35
2.317653455897869197e+00 1.431673588272639154e-35
2.426778364426736445e+00 1.368224104186665233e-35
2.541041334312934996e+00 1.307641588776649336e-35
2.660684287175163920e+00 1.249795816239217948e-35
2.785960535323187326e+00 1.194564263409732337e-35
2.917135318079653761e+00 1.141826124255950263e-35
3.054486363354218081e+00 1.091466247019777602e-35
3.198304475658920953e+00 1.043374946608134800e-35
3.348894151809852282e+00 9.973968165507656572e-36
3.506574225618614982e+00 9.534460992375158699e-36
3.671678542938597634e+00 9.114399975441849168e-36
3.844556668495274998e+00 8.712920262871560491e-36
4.025574625997063727e+00 8.329195787880965756e-36
4.215115673093722037e+00 7.962450074000872149e-36
4.413581112823041330e+00 7.611950874628477211e-36
4.621391143263923418e+00 7.276974234689765667e-36
4.838985747194658238e+00 6.956828177416243850e-36
5.066825623640094811e+00 6.650851846372063292e-36
5.305393163279987334e+00 6.358082113296278138e-36
5.555193469783675120e+00 6.077755732943066906e-36
5.816755429233494645e+00 5.809357299890650524e-36
6.090632829901235112e+00 5.552399734702319771e-36
6.377405534748267435e+00 5.306414931507773952e-36
6.677680709132038928e+00 5.070959689004294196e-36
6.992094106318172742e+00 4.845613470679780085e-36
7.321311413519776323e+00 4.629958846713277683e-36
7.666029661314162524e+00 4.423594545632316848e-36
8.026978699420633134e+00 4.226135205810482781e-36
8.404922741964353960e+00 4.037079947132200362e-36
8.800661985497532314e+00 3.856666851408216686e-36
9.215034303204031829e+00 3.684684259581956782e-36
9.648917018874294982e+00 3.520721622547748537e-36
1.010322876440631035e+01 3.364389337177696717e-36
1.057893142476584458e+01 3.215322782094454625e-36
1.107703217452331046e+01 3.073180342319358861e-36
1.159858561027970048e+01 2.937627055510684617e-36
1.214469598349583102e+01 2.808344614755632220e-36
1.271651953845281469e+01 2.685030791864409034e-36
1.331526696029360757e+01 2.567301743455065941e-36
1.394220593832841892e+01 2.454599660362889835e-36
1.459866385003176426e+01 2.346473059454905340e-36
1.528603057141301313e+01 2.242753845337637449e-36
1.600576141971131960e+01 2.143279503730070568e-36
1.675938023464509286e+01 2.047893215757903448e-36
1.754848260473933408e+01 1.956443648300063168e-36
1.837473924556261551e+01 1.868783864550142433e-36
1.923989953702515621e+01 1.784771810083648775e-36
2.014579522722839400e+01 1.704270178192833716e-36
2.109434431070686955e+01 1.627090056000851308e-36
2.208755508927449540e+01 1.553346491364948810e-36
2.312753042407263848e+01 1.483224130697285458e-36
2.421647218782210231e+01 1.416537877625140987e-36
2.535668592670665333e+01 1.353107545077110891e-36
2.655058574175689756e+01 1.292764532268038488e-36
2.780069940007114582e+01 1.235351122731233086e-36
2.910967368669333766e+01 1.180715470394732386e-36
3.048028000848051633e+01 1.128714117803078979e-36
3.191542026182404967e+01 1.079211589346162715e-36
3.341813297664732829e+01 1.032047937451813952e-36
3.499159974968975462e+01 9.870386965252862256e-37
3.663915198069586410e+01 9.437814415858971498e-37
3.836427792577373452e+01 9.021913481060242248e-37
4.017063008285423820e+01 8.622153166890010758e-37
4.206203292488961409e+01 8.238019179317129718e-37
4.404249099716371774e+01 7.869013621942457998e-37
4.611619739585692912e+01 7.514642919193178586e-37
4.828754264581908018e+01 7.174425546248979109e-37
5.056112399634395160e+01 6.847892050205622556e-37
5.294175515462906390e+01 6.534408122020247636e-37
5.543447647752787333e+01 6.233916678024410854e-37
5.804456564317158751e+01 5.947998290164613354e-37
6.077754882505769274e+01 5.676342408936769233e-37
6.363921239225982873e+01 5.418186318156449287e-37
6.663561516053491118e+01 5.172813012146020684e-37
6.977310122026220540e+01 4.939548596922655282e-37
7.305831336837718482e+01 4.717753625950504403e-37
7.649820717273765069e+01 4.506824830670853863e-37
8.010006569869797488e+01 4.306193061205649999e-37
8.387151492907510431e+01 4.115223356231581768e-37
8.782053991014888084e+01 3.933460341980189120e-37
9.195550165788709762e+01 3.759677598916441203e-37
9.628515486018424951e+01 3.593166287438094799e-37
1.008186664125982475e+02 3.433640733325873918e-37
1.055656348268279316e+02 3.280826522765788870e-37
1.105361105530215724e+02 3.134460239900785435e-37
1.157406172589486602e+02 2.994286460439629805e-37
1.211901741110815465e+02 2.860059164803687086e-37
1.268963191047668317e+02 2.731541481430756441e-37
1.328711334928796362e+02 2.608457151550421514e-37
1.391272673646796818e+02 2.490623804487040502e-37
1.456779664290316703e+02 2.378028661282240624e-37
1.525371000586883952e+02 2.270628055377879341e-37
1.597191906550216913e+02 2.168177594427623521e-37
1.672394443953645009e+02 2.070445015628191237e-37
1.751137834280704055e+02 1.977209717828655433e-37
1.833588795834529321e+02 1.888260871470173955e-37
1.919921896719743017e+02 1.803397752938674483e-37
2.010319924444276580e+02 1.722429279256464419e-37
2.104974272923544447e+02 1.645149462506614466e-37
2.204085347706472930e+02 1.571403277674513173e-37
2.307862990281217890e+02 1.501021095848976785e-37
2.416526922359029470e+02 1.433817495978301513e-37
2.530307211076878673e+02 1.369646006114772865e-37
2.649444756103739564e+02 1.308368570284123106e-37
2.774191799681964312e+02 1.249853963478037462e-37
2.904812460683477866e+02 1.193976727437749421e-37
3.041583293811679027e+02 1.140617309761774745e-37
3.184793875132843368e+02 1.089661781145037671e-37
3.334747415176871073e+02 1.040990522761712954e-37
3.491761400905416508e+02 9.945081649167137024e-38
3.656168267906509755e+02 9.501025561425339889e-38
3.828316104239050901e+02 9.075977851014156883e-38
4.008569387417161920e+02 8.669046361243182570e-38
4.197309756094946920e+02 8.279496299148361112e-38
4.394936818085434425e+02 7.906625666607635366e-38
4.601868996424372540e+02 7.549758841796154223e-38
4.818544415270416152e+02 7.208248073235607789e-38
5.045421827517085376e+02 6.881472206334180579e-38
5.282981586080760508e+02 6.568789171033573281e-38
5.531726660920876384e+02 6.269660510935506682e-38
5.792183703945809157e+02 5.983658530977307735e-38
6.064904164059043978e+02 5.711532989077843072e-38
6.350465454706303490e+02 5.452953203265547237e-38
6.649472176395895531e+02 5.207192209125803709e-38
6.962557396780288173e+02 4.973567470248201402e-38
7.290383991009541660e+02 4.751434250301694726e-38
7.633646045194018370e+02 4.540185353472334469e-38
7.993070325948197024e+02 4.339248817220768679e-38
8.369417819126814493e+02 4.148069678381786535e-38
8.763485341011032688e+02 3.966151089340121643e-38
9.176107225356309982e+02 3.793010045212345650e-38
9.608157089873343466e+02 3.627276925802245221e-38
1.006054968588257111e+03 3.468066419175827636e-38
1.053424283505822132e+03 3.315155905225305542e-38
1.103023945736224050e+03 3.168330614375403025e-38
1.154958969446223591e+03 3.027380007674326401e-38
1.209339313312854529e+03 2.892099689794707984e-38
1.266280113331857592e+03 2.762291348735194817e-38
1.325901926587685011e+03 2.637759295849694163e-38
1.388330986501249072e+03 2.518319103784542920e-38
1.453699470095813240e+03 2.403791044423419932e-38
1.522145777846861165e+03 2.294312264821461453e-38
1.593814826708523242e+03 2.190108748335105260e-38
1.668858356936875452e+03 2.090917106272694649e-38
1.747435253359824401e+03 1.996485328859181409e-38
1.829711881773687082e+03 1.906573067131308730e-38
1.915862441178772542e+03 1.820952831717811349e-38
2.006069332599706513e+03 1.739409365815702935e-38
2.100523545271331386e+03 1.661741546747997002e-38
2.199425061007932982e+03 1.587754727105821184e-38
2.302983277611809626e+03 1.517265072413867305e-38
2.411417452217751816e+03 1.450013002495688762e-38
2.524957165512049869e+03 1.385587117672376099e-38
2.643842807808844555e+03 1.323858532355865549e-38
2.768326088013081062e+03 1.264723883686286539e-38
2.898670566547498311e+03 1.208081562408484422e-38
3.035152213372165988e+03 1.153833553989179232e-38
3.178059992277845140e+03 1.101885447482700842e-38
3.327696472690405699e+03 1.052151721779782372e-38
3.484378470281587397e+03 1.004541249921243180e-38
3.648437717742343466e+03 9.589671454867536079e-39
3.820221567139135004e+03 9.153677205539960589e-39
4.000093725340005221e+03 8.737932889243139504e-39
4.188435024067743143e+03 8.341727930687173631e-39
4.385644226210278248e+03 7.964133580604393450e-39
4.592138870095654056e+03 7.604247822195206215e-39
4.808356153519039253e+03 7.261212547681192571e-39
5.034753859393360472e+03 6.934212695705647852e-39
5.271811324983628765e+03 6.622536318594688757e-39
5.520030456776751635e+03 6.325408287654679530e-39
5.779936793135804692e+03 6.042099272558965854e-39
6.052080616988557267e+03 5.771955548290768272e-39
6.337038120905957840e+03 5.514563855137627741e-39
6.635412627037601851e+03 5.269387936267313832e-39
6.947835864486722130e+03 5.035837364914158597e-39
7.274969306829591005e+03 4.813332563836404354e-39
7.617505572610776653e+03 4.601322903218926017e-39
7.976169891779768477e+03 4.399286630480069601e-39
8.351721641173639000e+03 4.206796403987961273e-39
8.744955952296542819e+03 4.023342284888645576e-39
9.156705394800517752e+03 3.848445762770498955e-39
9.587841739231384054e+03 3.681685805640986258e-39
1.003927780277247075e+04 3.522194073117514845e-39
1.051196938189340835e+04 3.369251476926534928e-39
1.100691727599645310e+04 3.222624953807975818e-39
1.152516940634465936e+04 3.082069271526685524e-39
1.206782303475773915e+04 2.947346754922676175e-39
1.263602708677394367e+04 2.818228666862645288e-39
1.323098458419592498e+04 2.694564325708736335e-39
1.385395519217145011e+04 2.576100647940458379e-39
1.450625788620086860e+04 2.462596828810862212e-39
1.518927374471911753e+04 2.353857161391935150e-39
1.590444887316398126e+04 2.249950907008760416e-39
1.665329746572182921e+04 2.151163092563538127e-39
1.743740501123360082e+04 2.057255225537908007e-39
1.825843165004770708e+04 1.967967239137816410e-39
1.911811568892840296e+04 1.883052389330456007e-39
2.001827728146055233e+04 1.802278196816284627e-39
2.096082228174337433e+04 1.725497415266454552e-39
2.194774627953277741e+04 1.652462492410769847e-39
2.298113882537436803e+04 1.582938900594339310e-39
2.406318785467443740e+04 1.516743476456415151e-39
2.519618432007442971e+04 1.453615646798827491e-39
2.638252704193715181e+04 1.393050650795862324e-39
2.762472778721487703e+04 1.334929757360852382e-39
2.892541658745093810e+04 1.279159000672595088e-39
3.028734730717633647e+04 1.225646199238844677e-39
3.171340347448933244e+04 1.174302856803561392e-39
3.320660438616406464e+04 1.125119123952155114e-39
3.477011150021218782e+04 1.077972382395476645e-39
3.640723512943454261e+04 1.032740974766835437e-39
3.812144145013293746e+04 9.893501333583430804e-40
3.991635984082153300e+04 9.477548918240805117e-40
4.179579056647660036e+04 9.081617136628657925e-40
4.376371282459159556e+04 8.705586259678985658e-40
4.582429317007606005e+04 8.348363209236752697e-40
4.798189433683350944e+04 8.008901971691921541e-40
5.024108447469643579e+04 7.686222133175859613e-40
5.260664682127620472e+04 7.380214881421137227e-40
5.508358982920245035e+04 7.089597855408610166e-40
5.767715777019767847e+04 6.813076193312878733e-40
6.039284183843543724e+04 6.549895214899932896e-40
6.323639177669169294e+04 6.299321318501406768e-40
6.621382804990420118e+04 6.059506719703178969e-40
6.933145459191581176e+04 5.829517033445311789e-40
7.259587215238552017e+04 5.608942019459810857e-40
7.601399227213120321e+04 5.397374535186514165e-40
7.959305191648904292e+04 5.194434379208018541e-40
8.334062879767331469e+04 5.001500588023013180e-40
8.726465741857916873e+04 4.824159436602932360e-40
9.137344587199205125e+04 4.653393455416808882e-40
9.567569343077814847e+04 4.485492583148541788e-40
1.001805089662932296e+05 4.322749593301784937e-40
1.048974302340102004e+05 4.167703175994040580e-40
1.098364440671914344e+05 4.027704800935977137e-40
1.150080075213685050e+05 3.892059678325052508e-40
1.204230700143911818e+05 3.756572205360239405e-40
1.260930965089233505e+05 3.625814568957630580e-40
1.320300917864712537e+05 3.506066377656871068e-40
1.382466258643303299e+05 3.394607923260414886e-40
1.447558606092743576e+05 3.291269332310906549e-40
1.515715776043267106e+05 3.196900974647733112e-40
1.587082073276169831e+05 3.110058114543307875e-40
1.661808597051044053e+05 3.024316750341841335e-40
1.740053561018459441e+05 2.936919992561942024e-40
1.821982628195550642e+05 2.859617581043027210e-40
1.907769261713633896e+05 2.793339790579139351e-40
1.997595092080503528e+05 2.729451969604667952e-40
2.091650301735026878e+05 2.667125564856208368e-40
2.190134027708111389e+05 2.608569084506058150e-40
2.293254783242732228e+05 2.555286655611523512e-40
2.401230899265559274e+05 2.508108200970927167e-40
2.514290986644988880e+05 2.461669954434067987e-40
2.632674420214138809e+05 2.403813530124895761e-40
2.756631845583785907e+05 2.362804912453054628e-40
2.886425709818144678e+05 2.328168276278886857e-40
3.022330817097105901e+05 2.299204976076512939e-40
3.164634910541453864e+05 2.275760402957056516e-40
3.313639281432752032e+05 2.258390783289623935e-40
3.469659407117993105e+05 2.245558880218946239e-40
3.633025618949435302e+05 2.236000603647773171e-40
3.804083801673855633e+05 2.229771439307679489e-40
3.983196125752088265e+05 2.227122639466781055e-40
4.170741814159096102e+05 2.231707573475526576e-40
4.367117945288383053e+05 2.244948279135494611e-40
4.572740293660460738e+05 2.267071256096958695e-40
4.788044210215412313e+05 2.298407408414834772e-40
5.013485544053445337e+05 2.339321495391779872e-40
5.249541607574683148e+05 2.386190214889475374e-40
5.496712187062011799e+05 2.433995843064721574e-40
5.755520600846305024e+05 2.482368012591633429e-40
6.026514807294680504e+05 2.528081330886480128e-40
6.310268564967282582e+05 2.567702540032233946e-40
6.607382647399372654e+05 2.592496950538008271e-40
6.918486115080381278e+05 2.583350587553848123e-40
7.244237647323088022e+05 2.496340558173618094e-40
7.585326936842980795e+05 2.244640468568289978e-40
7.942476149999997579e+05 1.617533389479856323e-40
