5.109905999999998913e-04 1.194696595338902147e-38
5.350852652708293139e-04 1.522700920602942726e-38
5.603160627807127507e-04 1.876153061779717785e-38
5.867365644074947276e-04 2.241115111517691330e-38
6.144028680959682685e-04 2.637958002592487778e-38
6.433737169691370900e-04 3.040355958241281179e-38
6.737106240559230389e-04 3.381381963860627374e-38
7.054780029001308161e-04 3.675913562536114527e-38
7.387433043280087954e-04 3.934453666292927943e-38
7.735771596647797801e-04 4.166817087074227902e-38
8.100535307042514097e-04 4.393214017254873662e-38
8.482498667499093967e-04 4.647488556364885629e-38
8.882472690609600303e-04 4.920852944840840882e-38
9.301306630524583570e-04 5.195269421034168421e-38
9.739889786151791941e-04 5.404019855803688810e-38
1.019915338938069162e-03 5.583598541024579709e-38
1.068007258234231899e-03 5.799282788235691470e-38
1.118366848790242280e-03 5.997764422199885170e-38
1.171101037778442397e-03 6.167971757058737004e-38
1.226321794292539562e-03 6.359602938009058527e-38
1.284146367088599434e-03 6.557418744003487651e-38
1.344697533536184366e-03 6.735611392461949182e-38
1.408103860308271629e-03 6.896165002105570865e-38
1.474499976363421094e-03 7.045376195963139735e-38
1.544026858799855875e-03 7.203955662931877410e-38
1.616832132188353918e-03 7.361268211571311374e-38
1.693070382019565365e-03 7.505864235821411517e-38
1.772903482931238771e-03 7.659417389665678910e-38
1.856500942412326639e-03 7.821499603665261067e-38
1.944040260713689097e-03 7.970350320365599276e-38
2.035707307729648502e-03 8.105314404538310215e-38
2.131696717650549428e-03 8.228553218371129385e-38
2.232212302224349191e-03 8.350882021725752951e-38
2.337467483504637126e-03 8.479074215409947691e-38
2.447685747003991875e-03 8.623975579229772395e-38
2.563101116214778173e-03 8.747215559381054189e-38
2.683958649504990333e-03 8.826348687633693088e-38
2.810514960444115366e-03 8.938672640405520366e-38
2.943038762663883687e-03 9.069583936114247432e-38
3.081811440410719017e-03 9.139193922996363570e-38
3.227127646001409691e-03 9.205217437723870950e-38
3.379295925450471073e-03 9.303315868436097663e-38
3.538639373597674605e-03 9.387147292852336358e-38
3.705496320126658218e-03 9.452628965775795665e-38
3.880221047931325679e-03 9.511950728082237318e-38
4.063184545355215914e-03 9.580280173469945719e-38
4.254775293901164393e-03 9.658505319944060297e-38
4.455400093083659689e-03 9.694032954181813066e-38
4.665484924175411670e-03 9.704332612512289669e-38
4.885475854681979938e-03 9.739191246061678725e-38
5.115839985464980949e-03 9.781724367825158339e-38
5.357066442524862845e-03 9.819421938775086254e-38
5.609667415549080861e-03 9.835599305307862068e-38
5.874179245430759255e-03 9.836047201111378059e-38
6.151163563066955331e-03 9.834344351799613065e-38
6.441208481854541860e-03 9.822419806502410655e-38
6.744929846415675598e-03 9.798664144325474964e-38
7.062972540204202378e-03 9.774391700879213475e-38
7.396011854769448009e-03 9.741387405275532470e-38
7.744754923584716913e-03 9.686220465431141692e-38
8.109942223484913060e-03 9.622172373747905164e-38
8.492349146901194065e-03 9.553646816185285123e-38
8.892787648230968123e-03 9.476251676997319062e-38
9.312107967838982592e-03 9.382871448920946911e-38
9.751200437349973743e-03 9.266006054820555886e-38
1.021099737006599291e-02 9.138982387722105719e-38
1.069247504052228161e-02 9.006811330848879873e-38
1.119665575738494970e-02 8.869800283178782993e-38
1.172461003409160096e-02 8.727799552206860458e-38
1.227745886184390851e-02 8.580558646871481446e-38
1.285637608977825697e-02 8.428381766150019944e-38
1.346259091736824558e-02 8.271593565480034278e-38
1.409739050435105702e-02 8.110515890694065873e-38
1.476212270371932492e-02 7.946308541402392055e-38
1.545819892358135661e-02 7.780201980344875777e-38
1.618709712396624104e-02 7.612422292095980620e-38
1.695036495493686124e-02 7.443208112565656031e-38
1.774962304267390517e-02 7.272810251289772389e-38
1.858656843050810956e-02 7.103145746600586674e-38
1.946297818220698791e-02 6.936280224758790120e-38
2.038071315516683940e-02 6.772294301439875133e-38
2.134172195152148760e-02 6.611309436352830900e-38
2.234804505555711487e-02 6.453457813176201467e-38
2.340181916621799155e-02 6.296154688108373748e-38
2.450528173390222400e-02 6.136649669135937729e-38
2.566077571118037873e-02 5.975525990331524894e-38
2.687075452752401769e-02 5.813368317815686396e-38
2.813778729860693176e-02 5.650752464271593769e-38
2.946456428123975582e-02 5.482982383197242482e-38
3.085390258552033263e-02 5.305049224526968466e-38
3.230875215632828673e-02 5.118271319897587885e-38
3.383220203686410077e-02 4.924014884260138449e-38
3.542748692753199674e-02 4.723635982949227135e-38
3.709799405409278800e-02 4.516674864539322025e-38
3.884727035966982489e-02 4.302704435194166091e-38
4.067903003587847871e-02 4.083534589793489445e-38
4.259716240906989693e-02 3.860960769412471561e-38
4.460574019843373955e-02 3.636736059595861248e-38
4.670902816349386394e-02 3.412549217248076594e-38
4.891149215935824968e-02 3.189976133350716575e-38
5.121780861894976306e-02 2.970481795596492313e-38
5.363287448235121158e-02 2.755434026427116373e-38
5.616181759434712290e-02 2.546049671153012528e-38
5.881000759223983798e-02 2.342525410803744164e-38
6.158306730705642024e-02 2.145088267681418224e-38
6.448688470235588999e-02 1.954968119297185352e-38
6.752762537598439030e-02 1.773229884564998081e-38
7.071174565132476442e-02 1.600756702876184688e-38
7.404600628583485333e-02 1.439047506461750354e-38
7.753748682598365916e-02 1.289142800491952109e-38
8.119360063906244651e-02 1.150873710713524084e-38
8.502211065379002009e-02 1.023981148029105085e-38
8.903114584313104318e-02 9.080909326226772439e-39
9.322921848432773329e-02 8.059467491047208461e-39
9.762524223278983004e-02 7.189764631045860604e-39
1.022285510482215803e-01 6.446803915480810024e-39
1.070489190131680701e-01 5.810118707600102996e-39
1.120965810860642536e-01 5.262906600119803163e-39
1.173822548328476573e-01 4.796405848579608666e-39
1.229171631832805672e-01 4.402826400438748862e-39
1.287130582602958040e-01 4.070490672707557425e-39
1.347822463329661213e-01 3.790042733650111781e-39
1.411376139460754076e-01 3.553871073148706608e-39
1.477926552817757366e-01 3.347223035979795978e-39
1.547615008114223700e-01 3.157817942117532445e-39
1.620589472984272084e-01 2.984078720425169057e-39
1.697004892158295586e-01 2.824592462720094348e-39
1.777023516452979068e-01 2.678089713216248222e-39
1.860815247274107131e-01 2.542663059772702103e-39
1.948557997363688510e-01 2.416631253517495015e-39
2.040438068557320350e-01 2.299280616501558975e-39
2.136650547353889651e-01 2.189891879810029672e-39
2.237399719137533882e-01 2.087941341219531938e-39
2.342899501931320350e-01 1.991804906214435263e-39
2.453373900603681990e-01 1.900058052255809438e-39
2.569057482491948763e-01 1.812534901979464634e-39
2.690195875452924268e-01 1.729074943770940613e-39
2.817046289397924230e-01 1.649522746430019060e-39
2.949878062419730163e-01 1.574026661509306808e-39
3.088973232670936264e-01 1.502691814764139150e-39
3.234627137208044290e-01 1.435264986130974671e-39
3.387149039072714363e-01 1.371189578434918624e-39
3.546862783941739927e-01 1.310618570920757774e-39
3.714107487739888303e-01 1.253585295252028733e-39
3.889238256675707772e-01 1.200097411529820193e-39
4.072626941229014474e-01 1.149926675687715087e-39
4.264662925691110607e-01 1.102861348811704957e-39
4.465753954934003067e-01 1.058704927624100426e-39
4.676327000164227643e-01 1.017030878698762506e-39
4.896829165499360093e-01 9.774649680671696928e-40
5.127728637292274794e-01 9.398600173269487509e-40
5.369515678218670374e-01 9.035328022359389792e-40
5.622703668238745456e-01 8.690152876164437938e-40
5.887830194643099979e-01 8.363468744213117317e-40
6.165458193497502792e-01 8.055491980488394600e-40
6.456177144909944765e-01 7.765149282796929871e-40
6.760604324658040509e-01 7.491437792173276069e-40
7.079386114834135268e-01 7.233419993631252897e-40
7.413199376291175202e-01 6.987108276916033988e-40
7.762752885803203551e-01 6.749124575389639944e-40
8.128788840992197118e-01 6.518488475057543043e-40
8.512084436216375005e-01 6.284697609063208342e-40
8.913453512766265074e-01 6.058963872036968989e-40
9.333748286872093347e-01 5.843909059807288578e-40
9.773861159191790104e-01 5.641594099781257945e-40
1.023472660962138070e+00 5.451226533443533663e-40
1.071732318145123930e+00 5.272068180815867106e-40
1.122267555908082359e+00 5.103431119147124633e-40
1.175185674370374134e+00 4.944673981591516991e-40
1.230599033158242372e+00 4.795198548771124647e-40
1.288625289975011246e+00 4.653162152787611855e-40
1.349387650420532658e+00 4.505302446906345520e-40
1.413015129590353913e+00 4.363562670839859149e-40
1.479642826010008294e+00 4.227700652435985953e-40
1.549412208486116604e+00 4.097483189532014859e-40
1.622471416483307616e+00 3.972685725352597563e-40
1.698975574664797650e+00 3.853092036887221078e-40
1.779087122264427334e+00 3.738493935591702279e-40
1.862976157989556958e+00 3.628690979801757717e-40
1.950820801187091336e+00 3.523490198279706964e-40
2.042807570039542053e+00 3.421475223433326582e-40
2.139131777594082351e+00 3.311732448315882388e-40
2.239997946465535072e+00 3.206753709126681743e-40
2.345620243093755164e+00 3.106299671783765663e-40
2.456222932477526211e+00 3.010143941007858430e-40
2.572040854350415628e+00 2.918072406499731063e-40
2.693319921809724349e+00 2.829882533158470477e-40
2.820317643457170398e+00 2.745382694775554999e-40
2.953303670160042138e+00 2.664391548391033519e-40
3.092560367593650383e+00 2.586737446688511890e-40
3.238383415780845542e+00 2.511203327639709325e-40
3.391082436901477593e+00 2.428891458238601920e-40
3.550981652704917835e+00 2.349654949989798964e-40
3.718420572921421918e+00 2.273356175613197032e-40
3.893754716134050664e+00 2.199875812741910684e-40
4.077356364641802955e+00 2.129099747266345634e-40
4.269615354916632910e+00 2.060918827263624679e-40
4.470939905332848241e+00 1.995228629767599118e-40
4.681757482926229841e+00 1.931929239633128636e-40
4.902515711023401224e+00 1.870925039795431054e-40
5.133683319668435274e+00 1.811358488301432017e-40
5.375751140864854172e+00 1.747270694475250291e-40
5.629233150746100200e+00 1.685482032230757675e-40
5.894667560887271840e+00 1.625879826197986862e-40
6.172617961075444803e+00 1.568389918153133471e-40
6.463674515964756395e+00 1.512940451752605815e-40
6.768455218157257924e+00 1.459461809731452892e-40
7.087607200370037219e+00 1.407886552629564566e-40
7.421808109474893556e+00 1.358149359003253919e-40
7.771767545327773696e+00 1.310186967081950661e-40
8.138228567443203332e+00 1.263447164759682303e-40
8.521969272712624388e+00 1.214370869180786764e-40
8.923804447516825888e+00 1.167218290200119807e-40
9.344587297740012843e+00 1.121973545262891504e-40
9.785211260359089280e+00 1.078555947926674176e-40
1.024661190045443071e+01 1.036888183218435386e-40
1.072976889767032205e+01 9.968963781884330774e-41
1.123570812634247673e+01 9.585099404241608654e-41
1.176550383370964070e+01 9.216614045417249851e-41
1.232028092083393211e+01 8.862862862407016479e-41
1.290121733107333490e+01 8.520314945020907186e-41
1.350954655117725522e+01 8.168970605490899377e-41
1.414656023031600718e+01 7.832257574422943626e-41
1.481361092260485002e+01 7.508888736545241857e-41
1.551211495894615489e+01 7.198294740724525965e-41
1.624355545428683811e+01 6.900006716899204523e-41
1.700948545667673173e+01 6.613571248715843223e-41
1.781153124481386385e+01 6.338549929501062113e-41
1.865139578107873675e+01 6.074518929801993209e-41
1.953086232738868944e+01 5.821068576118706854e-41
2.045179823155033816e+01 5.576087239700580180e-41
2.141615889214907753e+01 5.328484398906951535e-41
2.242599191039486684e+01 5.091472324238946622e-41
2.348344143773899262e+01 4.864912927689795576e-41
2.459075272849359806e+01 4.648467952906058876e-41
2.575027690711995021e+01 4.441684227793573805e-41
2.696447596030844807e+01 4.244129022260378220e-41
2.823592796444895114e+01 4.055389113358473971e-41
2.956733255959155926e+01 3.875069894236074639e-41
3.096151668151993164e+01 3.702794524770397685e-41
3.242144056410881348e+01 3.537114012897946516e-41
3.395020402470924381e+01 3.371300650336428885e-41
3.555105304590801296e+01 3.213256911498491264e-41
3.722738666763540039e+01 3.062561089357423476e-41
3.898276420425625588e+01 2.918791973561239483e-41
4.082091280196670624e+01 2.781638202148590350e-41
4.274573535254424428e+01 2.650802870009344133e-41
4.476131878025311295e+01 2.526002036848592259e-41
4.687194271950186675e+01 2.406964175185247791e-41
4.908208860167638221e+01 2.293429641494255577e-41
5.139644917044346784e+01 2.184353578496975641e-41
5.381993844572765795e+01 2.075108211135128969e-41
5.635770215751892209e+01 1.971228831767058771e-41
5.901512867166324838e+01 1.872427892891526531e-41
6.179786043083595359e+01 1.778322743446963490e-41
6.471180593498891653e+01 1.688685517948927140e-41
6.776315228671128921e+01 1.603318751327362815e-41
7.095837832813855073e+01 1.522033174589396558e-41
7.430426839730493782e+01 1.444647370135719531e-41
7.780792673314712715e+01 1.370987444197407377e-41
8.147679255974432522e+01 1.300214358293877185e-41
8.531865588182469651e+01 1.228685508929318596e-41
8.934167402507360123e+01 1.160912952851194229e-41
9.355438895636547159e+01 1.096710804751048093e-41
9.796574542069299696e+01 1.035941032895252371e-41
1.025851099333061143e+02 9.784458365984099852e-42
1.074222906673827111e+02 9.240542067493728797e-42
1.124875582794609841e+02 8.726038413224852536e-42
1.177916677168489059e+02 8.239407034447285375e-42
1.233458810533177825e+02 7.779186026656176603e-42
1.291619914015614370e+02 7.337785708123574234e-42
1.352523479531976136e+02 6.883781744410211000e-42
1.416298821994753894e+02 6.457320060380140795e-42
1.483081353883664519e+02 6.056759232126587751e-42
1.553012872763337384e+02 5.680172977979987825e-42
1.626241862358299386e+02 5.325544576748345844e-42
1.702923807824484754e+02 4.991673377524598608e-42
1.783221525886729353e+02 4.677434729077536923e-42
1.867305510543156117e+02 4.381762672847612317e-42
1.955354295070531805e+02 4.103646446129956640e-42
2.047554831099184867e+02 3.836255049544759683e-42
2.144102885562426195e+02 3.552174224784224970e-42
2.245203456363231567e+02 3.288388828613472089e-42
2.351071207640815999e+02 3.043492080999973176e-42
2.461930925561243555e+02 2.816006249743425029e-42
2.578017995599911956e+02 2.603792435436381780e-42
2.699578902329222387e+02 2.405790831682733108e-42
2.826871752772691480e+02 2.221177904137987853e-42
2.960166824436672641e+02 2.049177234056249780e-42
3.099747139183393188e+02 1.889055148465705202e-42
3.245909064163685684e+02 1.734714734843546260e-42
3.398962941085450211e+02 1.563270369908367818e-42
3.559233745153876498e+02 1.407916782106925922e-42
3.727061775082652275e+02 1.267185624539351790e-42
3.902803375641096295e+02 1.139741248876088350e-42
4.086831694271496644e+02 1.024063169818829847e-42
4.279537473383065276e+02 9.189899256861116134e-43
4.481329880004901156e+02 8.236616559455367632e-43
4.692637374559368482e+02 7.372864288190400853e-43
4.913908620600678319e+02 6.591323323950845933e-43
5.145613437450178935e+02 5.841938879446367554e-43
5.388243797751216562e+02 4.954927781297986999e-43
5.642314872061464257e+02 4.202381561857923255e-43
5.908366122700809910e+02 3.564673492043438950e-43
6.186962449177234475e+02 3.009397418481676306e-43
6.478695387622904036e+02 2.536562415100987703e-43
6.784184366786982991e+02 2.134046435656736300e-43
7.104078023252156981e+02 1.782833619450260915e-43
7.439055578667297368e+02 1.473588171916185185e-43
7.789828281920712243e+02 1.206161129074225638e-43
8.157140919315841074e+02 9.430459003029161978e-44
8.541773395956133754e+02 7.221860955305083213e-44
8.944542391696639925e+02 5.348784851051325248e-44
9.366303095178609510e+02 3.814222077963915311e-44
9.807951019628612812e+02 2.620914238051161541e-44
1.027042390427786358e+03 1.693436755983617218e-44
1.075470370543878516e+03 9.963534880841101896e-45
1.126181868146671150e+03 4.636076617276408349e-45
1.179284557603328949e+03 2.882028176420628528e-45
1.234891190434758073e+03 1.798052531624773941e-45
1.293119834717884714e+03 9.823014722766061546e-46
1.354094125776463216e+03 4.649800502163593767e-46
1.417943528692642303e+03 2.438377072894078501e-46
1.484803613196717151e+03 1.293794237612353421e-46
1.554816341518714580e+03 5.406843985137733194e-47
1.628130369812990466e+03 2.855787603447552511e-47
1.704901363795884890e+03 1.114636549411669363e-47
1.785292329266565275e+03 0.000000000000000000e+00
1.869473958212888647e+03 0.000000000000000000e+00
1.957624991237120412e+03 0.000000000000000000e+00
2.049932597071099735e+03 0.000000000000000000e+00
2.146592769986590156e+03 0.000000000000000000e+00
2.247810745944683276e+03 0.000000000000000000e+00
2.353801438367812807e+03 0.000000000000000000e+00
2.464789894459704101e+03 0.000000000000000000e+00
2.581011773042067944e+03 0.000000000000000000e+00
2.702713844922688168e+03 0.000000000000000000e+00
2.830154516857257022e+03 0.000000000000000000e+00
2.963604380217564085e+03 0.000000000000000000e+00
3.103346785530902707e+03 0.000000000000000000e+00
3.249678444110678356e+03 0.000000000000000000e+00
3.402910058055585068e+03 0.000000000000000000e+00
3.563366979955103034e+03 0.000000000000000000e+00
3.731389903701928233e+03 0.000000000000000000e+00
3.907335587878220849e+03 0.000000000000000000e+00
4.091577613251534785e+03 0.000000000000000000e+00
4.284507175988920608e+03 0.000000000000000000e+00
4.486533918273259587e+03 0.000000000000000000e+00
4.698086798085571900e+03 0.000000000000000000e+00
4.919614999999999782e+03 0.000000000000000000e+00
