5.109905999999998913e-04 8.072970079471237545e-35
5.350747357949687567e-04 9.838325223947021294e-35
5.602940110562809172e-04 1.184554039388423586e-34
5.867019274590233374e-04 1.407708840925368588e-34
6.143545083325131339e-04 1.652949922279284785e-34
6.433104175115303587e-04 1.901708092045888258e-34
6.736310837892774388e-04 2.114829698586115358e-34
7.053808312360856318e-04 2.301975737471110431e-34
7.386270156603349547e-04 2.468495662944921205e-34
7.734401675010851808e-04 2.612414614395096641e-34
8.098941414555562747e-04 2.748102947482096519e-34
8.480662731588894639e-04 2.901225407496654276e-34
8.880375432485776823e-04 3.028216953553751680e-34
9.298927491616203059e-04 3.120826576249041436e-34
9.737206850288658479e-04 3.247875314327626344e-34
1.019614330048177874e-03 3.385239855386628283e-34
1.067671045736052387e-03 3.485016433653553969e-34
1.117992782476147839e-03 3.585931521605780569e-34
1.170686295802910587e-03 3.698907047858596746e-34
1.225863372879135334e-03 3.800996467804618632e-34
1.283641069647921840e-03 3.897200579362158939e-34
1.344141959162129798e-03 3.997575140261042500e-34
1.407494391618180612e-03 4.107052632263769438e-34
1.473832766645800452e-03 4.218267371368001942e-34
1.543297818431435585e-03 4.296947582723278028e-34
1.616036914280128117e-03 4.371422964770925456e-34
1.692204367249333262e-03 4.472867812053212732e-34
1.771961763517820648e-03 4.554906508795162160e-34
1.855478305184253551e-03 4.612880868017326935e-34
1.942931169222605935e-03 4.681355958023713560e-34
2.034505883355967187e-03 4.752887354622392191e-34
2.130396719646122320e-03 4.818534078873293463e-34
2.230807106633893137e-03 4.885309188052307452e-34
2.335950060904582425e-03 4.953669397603737573e-34
2.446048638994064838e-03 5.019228124065550750e-34
2.561336410594230919e-03 5.069039376464353100e-34
2.682057954061663283e-03 5.097619012809183390e-34
2.808469375280756627e-03 5.152257393858098185e-34
2.940838850982017798e-03 5.219993082237622089e-34
3.079447197668181650e-03 5.237412030783883464e-34
3.224588467355093014e-03 5.242050611725730421e-34
3.376570571391195388e-03 5.261299433643069819e-34
3.535715933679035600e-03 5.279914521885217962e-34
3.702362174684566565e-03 5.294166611705942666e-34
3.876862827685343890e-03 5.303329189484890324e-34
4.059588088777114391e-03 5.322443579413774983e-34
4.250925602229897911e-03 5.355582646031225125e-34
4.451281282859667621e-03 5.363409515086038963e-34
4.661080177160257555e-03 5.354191835021168914e-34
4.880767365022352887e-03 5.359146635177584470e-34
5.110808903952521881e-03 5.360826322520080883e-34
5.351692817795414628e-03 5.348591403151315284e-34
5.603930132056663370e-03 5.321119137834168672e-34
5.868055958022875065e-03 5.286451682031857150e-34
6.144630627978640326e-03 5.258421088448924958e-34
6.434240883928877934e-03 5.217839948151733774e-34
6.737501122348291994e-03 5.159549061495617681e-34
7.055054697598785000e-03 5.106093008667195508e-34
7.387575286779677654e-03 5.050541699852904279e-34
7.735768318906611693e-03 4.978008358519192344e-34
8.100372471450631787e-03 4.905424637091913960e-34
8.482161237412761540e-03 4.838148313637478228e-34
8.881944566258076143e-03 4.767225398078602155e-34
9.300570582190951022e-03 4.689822076660950869e-34
9.738927383416206424e-03 4.603832323066745186e-34
1.019794492620376171e-02 4.513516361269806443e-34
1.067859699775322753e-02 4.420677813893196009e-34
1.118190328204423864e-02 4.325544806683724639e-34
1.170893152305485865e-02 4.227804685899808432e-34
1.226079978993734922e-02 4.127023447537183393e-34
1.283867884895678255e-02 4.023526959579362201e-34
1.344379464722443920e-02 3.917541366568975919e-34
1.407743091349514600e-02 3.809508959823192876e-34
1.474093188154604155e-02 3.699959646777058780e-34
1.543570514191431459e-02 3.589457880008282305e-34
1.616322462804373888e-02 3.478286504528716255e-34
1.692503374317499629e-02 3.366719222945662725e-34
1.772274863461342082e-02 3.255022438026820066e-34
1.855806162232029322e-02 3.142873414093456736e-34
1.943274478910136591e-02 3.029842190233095512e-34
2.034865374000905183e-02 2.916311543478746032e-34
2.130773153893368577e-02 2.802535597397968168e-34
2.231201283073517422e-02 2.689004689880676987e-34
2.336362815765999704e-02 2.576917859160387386e-34
2.446480847920062818e-02 2.467562722326134431e-34
2.561788990498609780e-02 2.360998712043364794e-34
2.682531865074432725e-02 2.257274730272717840e-34
2.808965622785012176e-02 2.156434529470135839e-34
2.941358487746820183e-02 2.058130934774760600e-34
3.079991326081964534e-02 1.961955952699135978e-34
3.225158241764335132e-02 1.868037520645752402e-34
3.377167200549320569e-02 1.776367159873895713e-34
3.536340683310734700e-02 1.687178041771608609e-34
3.703016370170979232e-02 1.600375418208881455e-34
3.877547856875803584e-02 1.515835200266812605e-34
4.060305404933414047e-02 1.433684439683650144e-34
4.251676727109324899e-02 1.354034340241449614e-34
4.452067809943354576e-02 1.276978903782990309e-34
4.661903775033681557e-02 1.203008605451619957e-34
4.881629780915176797e-02 1.132620286509398863e-34
5.111711967445268373e-02 1.065697229459660187e-34
5.352638444700855841e-02 1.002008410554227491e-34
5.604920328484130909e-02 9.415533575124448758e-35
5.869092824634143668e-02 8.839661087096351881e-35
6.145716364444397950e-02 8.288710808150433006e-35
6.435377793595228879e-02 7.762527111413468050e-35
6.738691617123243605e-02 7.260889240297036526e-35
7.056301303068969466e-02 6.783492948094508498e-35
7.388880647568316085e-02 6.331284013673347937e-35
7.737135204283943080e-02 5.905152403094922534e-35
8.101803781208857802e-02 5.503982244175342969e-35
8.483660008017776533e-02 5.125785804517379763e-35
8.883513977291274122e-02 4.770413483259947360e-35
9.302213963094509153e-02 4.436384061642823984e-35
9.740648220556433201e-02 4.122240961709699832e-35
1.019974687026721505e-01 3.827160701169118486e-35
1.068048387149155010e-01 3.550332024656214893e-35
1.118387908838394812e-01 3.290947671306910542e-35
1.171100045358939440e-01 3.049206973934827229e-35
1.226296623381937928e-01 2.825287008772856858e-35
1.284094740220960706e-01 2.617908574645074004e-35
1.344617012249226529e-01 2.425250774543488164e-35
1.407991835025292349e-01 2.246872210844208740e-35
1.474353655679050967e-01 2.082947734212966227e-35
1.543843258135892405e-01 1.933684394377732521e-35
1.616608061784123584e-01 1.797615001031414800e-35
1.692802434219252972e-01 1.673430114236636114e-35
1.772588018728616099e-01 1.559962067339374519e-35
1.856134077211090416e-01 1.456881638499193562e-35
1.943617849259384467e-01 1.363968008142613532e-35
2.035224928166683711e-01 1.280077729844165471e-35
2.131149654655335457e-01 1.203791807049217284e-35
2.231595529162850866e-01 1.134689641705009863e-35
2.336775643559873550e-01 1.071631754173428573e-35
2.446913133215987690e-01 1.013554645412704229e-35
2.562241650372402146e-01 9.600039726049641443e-36
2.683005859825753903e-01 9.105761771513045416e-36
2.809461957974604962e-01 8.649089129332773293e-36
2.941878216329767426e-01 8.223848133958012683e-36
3.080535550641487763e-01 7.823958502922777764e-36
3.225728116850882787e-01 7.447647330372764812e-36
3.377763935129899364e-01 7.090631716377171111e-36
3.536965543333683848e-01 6.754325912589220898e-36
3.703670681251629571e-01 6.437388261381981222e-36
3.878233007108717878e-01 6.138581546290208981e-36
4.061022847837170158e-01 5.856725445699878494e-36
4.252427984710101527e-01 5.590732913057363639e-36
4.452854476003842987e-01 5.339595769216591126e-36
4.662727518434194862e-01 5.101739212816678674e-36
4.882492349194109127e-01 4.875591149416578010e-36
5.112615190506434315e-01 4.660497880787360565e-36
5.353584238695534570e-01 4.454077028620936024e-36
5.605910699876127667e-01 4.257703035301502716e-36
5.870129874456413432e-01 4.070636059306950277e-36
6.146802292756302633e-01 3.892146280508196734e-36
6.436514904149874816e-01 3.721822665026268643e-36
6.739882322254798774e-01 3.559279361103795453e-36
7.057548128810329224e-01 3.404149857083802368e-36
7.390186239010000380e-01 3.255885701698834286e-36
7.738502331185523886e-01 3.113934657350363892e-36
8.103235343874906071e-01 2.978019673895445694e-36
8.485159043450737348e-01 2.846754315626222774e-36
8.885083665634345707e-01 2.721130386656552428e-36
9.303857634378186470e-01 2.601017644958638395e-36
9.742369361763036917e-01 2.486304780936132849e-36
1.020154913272838249e+00 2.376745082899697889e-36
1.068237107863438728e+00 2.272104403580495912e-36
1.118585524384227536e+00 2.172159229460285456e-36
1.171306974969729575e+00 2.076694887383387007e-36
1.226513306050506902e+00 1.985506702250050714e-36
1.284321635630848668e+00 1.898409355385476076e-36
1.344854601749892353e+00 1.814608953148822192e-36
1.408240622653276874e+00 1.734707861843300517e-36
1.474614169227270510e+00 1.658515357853015057e-36
1.544116050273330210e+00 1.585850514930711279e-36
1.616893711228294395e+00 1.516541676390686759e-36
1.693101546963929005e+00 1.450426737860184979e-36
1.772901229329418626e+00 1.387351720624795410e-36
1.856462050131673758e+00 1.327169710605180509e-36
1.943961280281068627e+00 1.269741248231872811e-36
2.035584545864526973e+00 1.214881111370792858e-36
2.131526221943775834e+00 1.161882987004362437e-36
2.231989844914199939e+00 1.111114215766387703e-36
2.337188544299090509e+00 1.062485144485154800e-36
2.447345494895333928e+00 1.015909537047478219e-36
2.562694390229737884e+00 9.713044520724508059e-37
2.683479938330422421e+00 9.285905708812385599e-37
2.809958380865029692e+00 8.876915345309501433e-37
2.942398036747083001e+00 8.485334837154400583e-37
3.081079871363740175e+00 8.110454132292000204e-37
3.226298092632525094e+00 7.751815464892400899e-37
3.378360775151558748e+00 7.406705282957340717e-37
3.537590513767388867e+00 7.077214910409104708e-37
3.704325107946947249e+00 6.762625398931508495e-37
3.878918278405477871e+00 6.462251472318036325e-37
4.061740417510784518e+00 6.175439921120917753e-37
4.253179375055684552e+00 5.901569972245008318e-37
4.453641281065699786e+00 5.640049495596543127e-37
4.663551407387525494e+00 5.390312147369569277e-37
4.883355069886089694e+00 5.151818010221207029e-37
5.113518573164199665e+00 4.923976278559108760e-37
5.354530199808964497e+00 4.704951828308027567e-37
5.606901246263551464e+00 4.495706734107002718e-37
5.871167107522045292e+00 4.295802688800966608e-37
6.147888412948234738e+00 4.104821108160830339e-37
6.437652215628291152e+00 3.922362239795180505e-37
6.741073237780107696e+00 3.748045185406159155e-37
7.058795174861787203e+00 3.581506008824565826e-37
7.391492061145483738e+00 3.422396288117966376e-37
7.739869699654031265e+00 3.270384327159820125e-37
8.104667159493464723e+00 3.125348510566493359e-37
8.486658343758437084e+00 2.986383519906487234e-37
8.886653631336287162e+00 2.853952862315620608e-37
9.305501596093291639e+00 2.727733936068236190e-37
9.744090807089765605e+00 2.607420832479664999e-37
1.020335171364352966e+01 2.492723431134238155e-37
1.068425861924066567e+01 2.383366875748778373e-37
1.118783174848091377e+01 2.279090360518547630e-37
1.171513941144317528e+01 2.179646118631030215e-37
1.226730027006206392e+01 2.084778613086697001e-37
1.284548571132426886e+01 1.993702294190757564e-37
1.345092233231858536e+01 1.905693014176487621e-37
1.408489454241236416e+01 1.821031697492510329e-37
1.474874728807396096e+01 1.739618921761433797e-37
1.544388890612262877e+01 1.661357057046600680e-37
1.617179411145803059e+01 1.586150261185188129e-37
1.693400712560866594e+01 1.513904586466260023e-37
1.773214495273526836e+01 1.444527841106291609e-37
1.856790081004018944e+01 1.377929504892995926e-37
1.944304771985909497e+01 1.314076541127974574e-37
2.035944227105662208e+01 1.253472507544480842e-37
2.131902855770444916e+01 1.195934140667029121e-37
2.232384230339875941e+01 1.141455033545755314e-37
2.337601517996539613e+01 1.089855876251875878e-37
2.447777932971600023e+01 1.040968927948219858e-37
2.563147210084749972e+01 9.946372030480667159e-38
2.683954100603240889e+01 9.507137305288900307e-38
2.810454891471781735e+01 9.090608446475625652e-38
2.942917949014997347e+01 8.695495334831278577e-38
3.081624288265712863e+01 8.320033015835108343e-38
3.226868169127057939e+01 7.959966617442187397e-38
3.378957720632929806e+01 7.613479048187195454e-38
3.538215594631363103e+01 7.280856493183827656e-38
3.704979650277349634e+01 6.961600728429450107e-38
3.879603670787467706e+01 6.655229228121799272e-38
4.062458113976643403e+01 6.361274728207653177e-38
4.253930898169519281e+01 6.079284511056308115e-38
4.454428225153471743e+01 5.808820358358296019e-38
4.664375441919378318e+01 5.549458368962507407e-38
4.884217943018030894e+01 5.300996541124986606e-38
5.114422115446784289e+01 5.063704145007877934e-38
5.355476328070674441e+01 4.836844043956731276e-38
5.607891967677347367e+01 4.620249773625583014e-38
5.872204523863416625e+01 4.413452274716331539e-38
6.148974725054122814e+01 4.216004131735586908e-38
6.438789728065980000e+01 4.027478563653407294e-38
6.742264363736371990e+01 3.847468006760294989e-38
7.060042441262278601e+01 3.675583768888344410e-38
7.392798114015553779e+01 3.511455493670266089e-38
7.741237309732154870e+01 3.354620762402122787e-38
8.106099228109252408e+01 3.204529406102618276e-38
8.488157908987686540e+01 3.060797950688233100e-38
8.888223874446137529e+01 2.923269560448584312e-38
9.307145848291153811e+01 2.791687970097381746e-38
9.745812556590325926e+01 2.665807011631947333e-38
1.020515461306893599e+02 2.545390234648749552e-38
1.068614649336927584e+02 2.430210012741871357e-38
1.118980860236157611e+02 2.320047853683956309e-38
1.171720943889160225e+02 2.214694447422551294e-38
1.226946786255802948e+02 2.114128243014112204e-38
1.284775546732775808e+02 2.018356401565133220e-38
1.345329906702544633e+02 1.927125675830030898e-38
1.408738329796934181e+02 1.840227255981309885e-38
1.475135334427562839e+02 1.757446472177884368e-38
1.544661779161202446e+02 1.678579751203988819e-38
1.617465161545569856e+02 1.603434016833041060e-38
1.693699931019399116e+02 1.531825559667811180e-38
1.773527816570721143e+02 1.463580214431753452e-38
1.857118169838360302e+02 1.398532548806099004e-38
1.944648324384631621e+02 1.336370657716143655e-38
2.036303971901311911e+02 1.276853579990843635e-38
2.132279556147101687e+02 1.219893459843653343e-38
2.232778685452183538e+02 1.165365818329373227e-38
2.338014564665115245e+02 1.113171781948601923e-38
2.448210447458278622e+02 1.063216302187926270e-38
2.563600109951576655e+02 1.015408012557244190e-38
2.684428346659001932e+02 9.696585028222696857e-39
2.810951489810364023e+02 9.258829298713722109e-39
2.943437953149730788e+02 8.840047968197886538e-39
3.082168801364404089e+02 8.440715024020433302e-39
3.227438346352266194e+02 8.060470894384326926e-39
3.379554771592651150e+02 7.698698692626602083e-39
3.538840785945107541e+02 7.354115335283625992e-39
3.705634308263283287e+02 7.025865391001890575e-39
3.880289184276082892e+02 6.713138114791026734e-39
4.063175937257166765e+02 6.415164984040910237e-39
4.254682554075067173e+02 6.131211241291787706e-39
4.455215308291741394e+02 5.860581494573392873e-39
4.665199622055476993e+02 5.602544862305821017e-39
4.885080968616888981e+02 5.355637343334710322e-39
5.115325817382383775e+02 5.119164195546361433e-39
5.356422623510214862e+02 4.893103142453764339e-39
5.608882864148430372e+02 4.676603003417744083e-39
5.873242123512929993e+02 4.469278282385311040e-39
6.150061229107865302e+02 4.270759063758316262e-39
6.439927441498471126e+02 4.080690290675020655e-39
6.743455700160761808e+02 3.898724549516587729e-39
7.061289928050715616e+02 3.724529757156383751e-39
7.394104397660963741e+02 3.557904716720509312e-39
7.742605161462565775e+02 3.399176506021931350e-39
8.107531549766958960e+02 3.248065600706975751e-39
8.489657739185270202e+02 3.104610999887525236e-39
8.889794395012893347e+02 2.967970184147994118e-39
9.308790391023070470e+02 2.837799818127433020e-39
9.747534610318504065e+02 2.713775204169751963e-39
1.020695783106085059e+03 2.595589172755281072e-39
1.068803470107919338e+03 2.482944069777630409e-39
1.119178580554593736e+03 2.375559736590845342e-39
1.171927983210724506e+03 2.272951796257030780e-39
1.227163583806059023e+03 2.174133420660499994e-39
1.285002562438985706e+03 2.078942905475413652e-39
1.345567622169365677e+03 1.987721311026109912e-39
1.408987249328145026e+03 1.899881218089221337e-39
1.475395986095901208e+03 1.815329861506807451e-39
1.544934715928673995e+03 1.733975629819250450e-39
1.617750962436509553e+03 1.655728085131297347e-39
1.693999202348874405e+03 1.580489516717768873e-39
1.773841193230777435e+03 1.508165928918537946e-39
1.857446316644947046e+03 1.439045944101695494e-39
1.944991937487953692e+03 1.373772181911763002e-39
2.036663780262713772e+03 1.312145194882100665e-39
2.132656323085498570e+03 1.254384415188735401e-39
2.233173210263445071e+03 1.199784322797424665e-39
2.338427684317703552e+03 1.148152734379795219e-39
2.448643038368880298e+03 1.099310739080589154e-39
2.564053089844347596e+03 1.053091673717421163e-39
2.684902676512520884e+03 1.009331819759136182e-39
2.811448175896269277e+03 9.678805406560521042e-40
2.943958049167528316e+03 9.283284365611600735e-40
3.082713410676801686e+03 8.902302535607820053e-40
3.228008624325963410e+03 8.535521597242796510e-40
3.380151928049348953e+03 8.186888414792250904e-40
3.539466087728153070e+03 7.851052255517354606e-40
3.706289081925177015e+03 7.525834567575889127e-40
3.880974818892734220e+03 7.193292641964415959e-40
4.063893887374755195e+03 6.876736644679711667e-40
4.255434342795803786e+03 6.587456671955809354e-40
4.456002530505069444e+03 6.315104819533726733e-40
4.666023947821564434e+03 6.049612886950602547e-40
4.885944146709593952e+03 5.787620173812834832e-40
5.116229678999197859e+03 5.539384654475470640e-40
5.357369086157116726e+03 5.312252805175810321e-40
5.609873935707721103e+03 5.096870080061709012e-40
5.874279906502963968e+03 4.891453906567365645e-40
6.151147925143367502e+03 4.701312455290553195e-40
6.441065355961266505e+03 4.519235816222865848e-40
6.744647247090450946e+03 4.337438128156899498e-40
7.062537635266069628e+03 4.156941131720532439e-40
7.395410912122477384e+03 3.993503224180774811e-40
7.743973254887991970e+03 3.833870057712403445e-40
8.108964124511277987e+03 3.678534716665307733e-40
8.491157834398043633e+03 3.528233184506447859e-40
8.891365193085563078e+03 3.379332697822434425e-40
9.310435224340417335e+03 3.244238267070730500e-40
9.749256968328016228e+03 3.109804928594603078e-40
1.020876136767559365e+04 2.979301120138614795e-40
1.068992324242930590e+04 2.856666986812526961e-40
1.119376335809577540e+04 2.739782798031179002e-40
1.172135059115469630e+04 2.621457636517886890e-40
1.227380419663746034e+04 2.507929173773639218e-40
1.285229618258136725e+04 2.397214047179697871e-40
1.345805379639749117e+04 2.285439677612982725e-40
1.409236212842634814e+04 2.175535866491237624e-40
1.475656683820552644e+04 2.062851209404678836e-40
1.545207700923189441e+04 1.953015700980674119e-40
1.618036813827552396e+04 1.846054381889295468e-40
1.694298526558629237e+04 1.734756504599964600e-40
1.774154625263483467e+04 1.616531612788832839e-40
1.857774521434013150e+04 1.496233843697196403e-40
1.945335611306611463e+04 1.370561945673896378e-40
2.037023652201093864e+04 1.238289133918407593e-40
2.133033156597404013e+04 1.099594299924324403e-40
2.233567804785964836e+04 9.547018200916395202e-41
2.338840876967212898e+04 8.043730116633446263e-41
2.449075705716902303e+04 6.540768981543034630e-41
2.564506149777210885e+04 5.051590827915510629e-41
2.685377090178602157e+04 3.613614695763770716e-41
2.811944949745017220e+04 2.333122165702988489e-41
2.944478237084616194e+04 1.389475828084641044e-41
3.083258116219916337e+04 8.104827830657573209e-42
3.228579003065946745e+04 4.954368785014797103e-42
3.380749190021682443e+04 2.442962608130482587e-42
3.540091500000001543e+04 8.170613413511664387e-43
