5.109905999999998913e-04 3.576447950051698992e-34
5.350462431392007893e-04 4.352343271791705260e-34
5.602343414876380292e-04 5.234738040924083588e-34
5.866082070600219791e-04 6.195906406632659994e-34
6.142236616135160390e-04 7.159398609197276498e-34
6.431391547975941593e-04 8.089541026890449023e-34
6.734158878659882120e-04 8.995589665322190213e-34
7.051179432125490856e-04 9.773849862943008156e-34
7.383124200052109233e-04 1.037922066357620207e-33
7.730695762051205443e-04 1.099657725593395999e-33
8.094629772715268828e-04 1.161803328022620366e-33
8.475696518671834443e-04 1.217756119383184753e-33
8.874702548938021495e-04 1.269821081591302384e-33
9.292492382026563231e-04 1.318728276276442320e-33
9.729950293416270461e-04 1.362865590950629773e-33
1.018800218717044953e-03 1.402215340177738612e-33
1.066761755566446052e-03 1.437617830913908217e-33
1.116981153157035412e-03 1.474374390705193211e-33
1.169564703644185993e-03 1.512706962219967463e-33
1.224623703044702737e-03 1.543206323023214325e-33
1.282274686801058864e-03 1.570613934602567445e-33
1.342639676435147767e-03 1.602350253520517353e-33
1.405846437813646540e-03 1.627772207672891184e-33
1.472028751571595549e-03 1.645910889632649644e-33
1.541326696266565651e-03 1.669671599289334423e-33
1.613886944862747211e-03 1.698358129069312044e-33
1.689863075172452029e-03 1.729013365593297609e-33
1.769415894912114559e-03 1.753391504498950578e-33
1.852713782060793051e-03 1.770129096309370139e-33
1.939933041241555982e-03 1.785093391168665785e-33
2.031258276880044261e-03 1.796944970826177505e-33
2.126882783930026007e-03 1.804240378719652843e-33
2.227008956992956607e-03 1.813719696186761685e-33
2.331848718697433244e-03 1.825641294708814252e-33
2.441623968245249139e-03 1.834064105831065747e-33
2.556567051073443259e-03 1.836331828382936966e-33
2.676921250626354380e-03 1.831159251363921367e-33
2.802941303278618998e-03 1.827182619554520170e-33
2.934893937498890201e-03 1.826587048185154387e-33
3.073058438395535625e-03 1.828696797285743918e-33
3.217727238839133887e-03 1.827296329596573221e-33
3.369206538412942726e-03 1.817833504714194233e-33
3.527816951501413709e-03 1.806747686424551995e-33
3.693894185888389834e-03 1.794956702472849908e-33
3.867789753301375220e-03 1.780582923693899643e-33
4.049871713405681778e-03 1.763594759915429262e-33
4.240525452823258254e-03 1.744148654510096604e-33
4.440154500824956135e-03 1.722869620790458899e-33
4.649181383422722018e-03 1.699548231184026057e-33
4.868048517669487825e-03 1.673349812882063959e-33
5.097219148059504816e-03 1.646460816367123789e-33
5.337178327011179134e-03 1.619702407763133246e-33
5.588433941507527612e-03 1.588412673394577327e-33
5.851517788067333269e-03 1.555009886824253137e-33
6.126986698322114608e-03 1.526218756879590488e-33
6.415423717581308569e-03 1.497363217011789185e-33
6.717439338880215084e-03 1.465561955182403961e-33
7.033672795122532413e-03 1.430731720805131365e-33
7.364793412052426588e-03 1.394848636398177887e-33
7.711502024919807824e-03 1.361397971838793560e-33
8.074532461837228767e-03 1.325804456182581879e-33
8.454653096968000811e-03 1.287023168152781568e-33
8.852668476832916203e-03 1.252939676288407301e-33
9.269421023177888339e-03 1.219806850258883325e-33
9.705792816006520579e-03 1.179515314456581543e-33
1.016270746055159685e-02 1.138119787184022731e-33
1.064113204213710043e-02 1.098560490287916029e-33
1.114207917306821519e-02 1.060745416939360223e-33
1.166660913588172047e-02 1.023984858495346606e-33
1.221583212749314043e-02 9.872398119613607831e-34
1.279091060899037978e-02 9.505858853353064062e-34
1.339306176604746455e-02 9.140889135254278959e-34
1.402356008516589259e-02 8.778612662033894083e-34
1.468374005119637421e-02 8.421861212983389254e-34
1.537499897185043429e-02 8.074533180390873833e-34
1.609879993518012822e-02 7.736735785918948000e-34
1.685667490628544110e-02 7.408487653173252871e-34
1.765022796980388747e-02 7.089790752193067883e-34
1.848113872504507718e-02 6.781020928173652731e-34
1.935116584095631850e-02 6.482770657085353488e-34
2.026215077844351412e-02 6.194862600874014202e-34
2.121602168792583593e-02 5.916860949296127744e-34
2.221479749037365975e-02 5.648783879359356256e-34
2.326059215046730883e-02 5.389451037943707362e-34
2.435561915092122193e-02 5.137044104063093578e-34
2.550219617744353337e-02 4.891702507686894479e-34
2.670275002424713634e-02 4.653585819910545794e-34
2.795982173049491384e-02 4.422826396790635335e-34
2.927607195855090258e-02 4.199601294069142173e-34
3.065428662542045782e-02 3.984112981333883814e-34
3.209738279929899574e-02 3.776365862651202433e-34
3.360841487370950370e-02 3.576145974759408779e-34
3.519058103229671941e-02 3.383589070607182719e-34
3.684723001796114811e-02 3.198944176550022596e-34
3.858186822066024535e-02 3.022602881731632820e-34
4.039816709887813356e-02 2.854336336732051263e-34
4.229997095047233202e-02 2.693907804934824747e-34
4.429130504934447599e-02 2.541082174078330159e-34
4.637638416515703355e-02 2.395469578884928321e-34
4.855962148412829027e-02 2.256585919934847811e-34
5.084563794978707446e-02 2.124243745384233049e-34
5.323927204345751257e-02 1.998117124608499301e-34
5.574559002517429085e-02 1.878149347630017117e-34
5.836989665670486160e-02 1.763989527439621270e-34
6.111774642937339852e-02 1.655149097832423918e-34
6.399495532045118562e-02 1.551522852776294263e-34
6.700761310299729878e-02 1.453011200687532340e-34
7.016209623520236471e-02 1.359506862073173194e-34
7.346508135651835802e-02 1.271274149681975638e-34
7.692355941913783801e-02 1.188827339043713342e-34
8.054485048473451758e-02 1.111808316916123994e-34
8.433661921778187742e-02 1.039759449360718071e-34
8.830689110824253840e-02 9.724388011202461369e-35
9.246406945796599441e-02 9.096852445133032490e-35
9.681695316674480967e-02 8.514412995764394852e-35
1.013747553556774150e-01 7.973615884981364665e-35
1.061471228672519196e-01 7.471239122862948671e-35
1.111441566834268507e-01 7.004343147087285969e-35
1.163764333049224359e-01 6.569571725835609161e-35
1.218550271369737981e-01 6.163328869976523325e-35
1.275915339289279693e-01 5.783632673462028815e-35
1.335980953172931085e-01 5.427986164370802660e-35
1.398874245241899517e-01 5.095348646616196803e-35
1.464728332655951260e-01 4.786097980660403478e-35
1.533682599263298529e-01 4.502059234904756746e-35
1.605882990614295458e-01 4.240938797688255819e-35
1.681482322863323275e-01 4.000578303860121418e-35
1.760640606212714732e-01 3.779059009648585799e-35
1.843525383583256017e-01 3.573653873016245640e-35
1.930312085228133856e-01 3.380940677036297870e-35
2.021184400040844098e-01 3.199977949690734756e-35
2.116334664342970628e-01 3.029490898454554807e-35
2.215964268974750795e-01 2.869177770204670781e-35
2.320284085550000375e-01 2.719246749159240360e-35
2.429514912777661628e-01 2.580617679074033825e-35
2.543887943794564954e-01 2.452354069705766160e-35
2.663645255498611197e-01 2.333557609729726612e-35
2.789040320918017013e-01 2.223424666278280554e-35
2.920338545701107180e-01 2.120804083977556162e-35
3.057817829862186088e-01 2.024187540087473144e-35
3.201769155972393199e-01 1.933132590081793187e-35
3.352497205040559924e-01 1.846944742603702371e-35
3.510321001387549100e-01 1.765574933584905958e-35
3.675574587879005262e-01 1.688328171440652588e-35
3.848607732945733551e-01 1.613997406869376328e-35
4.029786670888058642e-01 1.542459759515547021e-35
4.219494877031172431e-01 1.473638133988182990e-35
4.418133879372014294e-01 1.407457842009591134e-35
4.626124108435692439e-01 1.344134944681742990e-35
4.843905787140124763e-01 1.284203954404220113e-35
5.071939862552378164e-01 1.227485075609265752e-35
5.310708981508871496e-01 1.173567709448923941e-35
5.560718512164282146e-01 1.122459545006515725e-35
5.822497613631461011e-01 1.073888345594688600e-35
6.096600355976167229e-01 1.027383007054196044e-35
6.383606892937292443e-01 9.828434568509249218e-36
6.684124689854585855e-01 9.401900547001839364e-36
6.998789809402897744e-01 8.993472200001871885e-36
7.328268257854346768e-01 8.602736354712345229e-36
7.673257394717681867e-01 8.229708357564929930e-36
8.034487408738617553e-01 7.873582867541744081e-36
8.412722863384982652e-01 7.532187119643471995e-36
8.808764315087979080e-01 7.205952277851891338e-36
9.223450007664492079e-01 6.894047282419365562e-36
9.657657646506843108e-01 6.594883079600455855e-36
1.011230625629525814e+00 6.307934233631176764e-36
1.058835812616477634e+00 6.032749443949928102e-36
1.108682084644392996e+00 5.768899576555152705e-36
1.160874944127583852e+00 5.515954491459326551e-36
1.215524860163559762e+00 5.273498966297566710e-36
1.272747502347040705e+00 5.041136666650256623e-36
1.332663985591095779e+00 4.818044904100738855e-36
1.395401126473619247e+00 4.604784065500503315e-36
1.461091711651679725e+00 4.401093644135354767e-36
1.529874778911893385e+00 4.206535973123793736e-36
1.601895911451648891e+00 4.020694152996195454e-36
1.677307546014057182e+00 3.843176344577315282e-36
1.756269295528830598e+00 3.673613555426161003e-36
1.838948286941935351e+00 3.511643429015639894e-36
1.925519514949105782e+00 3.356920377826960602e-36
2.016166212381862444e+00 3.209115037296304429e-36
2.111080238030029754e+00 3.067348181760516513e-36
2.210462482721557542e+00 2.931667937289782090e-36
2.314523294519155616e+00 2.801931769212218781e-36
2.423482923933711675e+00 2.677882129594894865e-36
2.537571990096761265e+00 2.559272510008773763e-36
2.657031968878757144e+00 2.445869890673089056e-36
2.782115703986207222e+00 2.337453824107016962e-36
2.913087942119469975e+00 2.233807240585398803e-36
3.050225893323927462e+00 2.134722255809341236e-36
3.193819817720482845e+00 2.039999960026100954e-36
3.344173639857315194e+00 1.949161581817909337e-36
3.501605591983107502e+00 1.862322651876363833e-36
3.666448887603371176e+00 1.779385149690234688e-36
3.839052426745399593e+00 1.700171903663984256e-36
4.019781534424621938e+00 1.624513986218385700e-36
4.209018733875394602e+00 1.552251689055514770e-36
4.407164556182727289e+00 1.483234021082902202e-36
4.614638388028692084e+00 1.417314006532946998e-36
4.831879359347685643e+00 1.354351373091552564e-36
5.059347272769455728e+00 1.294212326560660596e-36
5.297523576816993263e+00 1.236603926832711569e-36
5.546912384919168382e+00 1.181590096460012205e-36
5.808041542394914991e+00 1.129111190635015867e-36
6.081463743667323563e+00 1.079046262763940353e-36
6.367757702072140980e+00 1.031280483309043533e-36
6.667529374736846925e+00 9.857054512757571511e-37
6.981413245122745082e+00 9.422188691152591407e-37
7.310073665944511134e+00 9.007221000967763841e-37
7.654206265309811741e+00 8.611213618990216278e-37
8.014539419054957037e+00 8.233275170114421790e-37
8.391835792393035121e+00 7.871639328899407882e-37
8.786893954137271479e+00 7.525537346885181081e-37
9.200550066916493464e+00 7.193928254251712496e-37
9.633679656960026705e+00 6.876234016671629424e-37
1.008719946719766014e+01 6.571899898629938446e-37
1.056206939759725927e+01 6.280396042219502029e-37
1.105929453684652941e+01 6.001216614545632072e-37
1.157992728967935925e+01 5.733869581978529982e-37
1.212506960434899561e+01 5.477882056865386035e-37
1.269587530496302641e+01 5.232799689252161198e-37
1.329355253361652878e+01 4.997710544293642592e-37
1.391936630749202841e+01 4.772813199627644402e-37
1.457464119633900701e+01 4.558407757712508312e-37
1.526076412599958942e+01 4.354014113800829417e-37
1.597918731391453839e+01 4.159146746831458062e-37
1.673143134282227606e+01 3.973345863391383969e-37
1.751908837915712169e+01 3.796176245024585824e-37
1.834382554295843804e+01 3.627221975623967235e-37
1.920738843642296700e+01 3.466087950939116691e-37
2.011160483856933467e+01 3.312398890118399579e-37
2.105838857383420759e+01 3.165565136431036725e-37
2.204974356278858849e+01 3.025372132953442656e-37
2.308776806354720179e+01 2.891221891988245823e-37
2.417465911284892499e+01 2.762796083362680386e-37
2.531271717620769834e+01 2.639860879173088437e-37
2.650435101697577878e+01 2.522192014289420742e-37
2.775208279462583505e+01 2.409574551632257280e-37
2.905855340304229273e+01 2.301800843556712403e-37
3.042652806012015532e+01 2.198671336862501764e-37
3.185890216050311352e+01 2.099994322149223295e-37
3.335870740384763167e+01 2.005475721119978070e-37
3.492911821158458707e+01 1.915029476975611813e-37
3.657345844575887384e+01 1.828792807560480994e-37
3.829520844416892089e+01 1.746690729174762230e-37
4.009801238669596302e+01 1.668514287607773389e-37
4.198568600841353060e+01 1.594065833127461210e-37
4.396222467580381021e+01 1.523158451542925957e-37
4.603181184317338648e+01 1.455614674804424130e-37
4.819882790716799548e+01 1.391266379275044692e-37
5.046785947812568907e+01 1.329954288255313578e-37
5.284370908789365728e+01 1.271479404876796646e-37
5.533140535465501131e+01 1.215734003499172723e-37
5.793621362627894200e+01 1.162434907976957326e-37
6.066364712472353915e+01 1.111260883150742365e-37
6.351947861507722592e+01 1.062136136359194203e-37
6.650975262393851040e+01 1.014988456022659932e-37
6.964079823299282168e+01 9.697479175785043020e-38
7.291924247486718969e+01 9.263465395222361381e-38
7.635202435961477363e+01 8.847184035293500114e-38
7.994640956151575040e+01 8.447996076877349425e-38
8.371000579728263347e+01 8.065087254242292676e-38
8.765077892821659589e+01 7.697996604852679511e-38
9.177706982039779859e+01 7.346710485744879391e-38
9.609761199859258340e+01 7.012211783740136656e-38
1.006215501312460532e+02 6.693793110955977546e-38
1.053584593856834601e+02 6.390642559045085515e-38
1.103183656944845268e+02 6.101992295605997560e-38
1.155117669759297030e+02 5.827114939907641426e-38
1.209496553534290655e+02 5.565321858421431628e-38
1.266435404209655076e+02 5.315960975304187456e-38
1.326054736037907276e+02 5.078352419787982170e-38
1.388480736659394950e+02 4.851954371950593193e-38
1.453845534185482222e+02 4.636183195080369256e-38
1.522287476855049135e+02 4.429965956323528247e-38
1.593951425856264450e+02 4.232740772227858963e-38
1.668989061933362166e+02 4.044123401252343876e-38
1.747559206427408469e+02 3.863745854483717136e-38
1.829828157430506508e+02 3.691255367912642084e-38
1.915970041764990697e+02 3.526313985206480672e-38
2.006167183532568004e+02 3.368597959168463067e-38
2.100610490013423544e+02 3.217789880384802160e-38
2.199499855732134677e+02 3.073597591419246343e-38
2.303044585545593463e+02 2.935740202934490020e-38
2.411463837648381059e+02 2.803990339030904851e-38
2.524987087433325428e+02 2.678110018338597171e-38
2.643854613188955227e+02 2.557839407768352106e-38
2.768318004661919645e+02 2.442930189956091335e-38
2.898640695560682161e+02 2.333144996350782295e-38
3.035098521127671347e+02 2.228256948909645463e-38
3.177980301959970575e+02 2.128049194435792167e-38
3.327588455314182170e+02 2.032331219997654962e-38
3.484239635189436513e+02 1.940893959952434932e-38
3.648265402543228788e+02 1.853540174034798310e-38
3.820012927058699006e+02 1.770193109484436548e-38
3.999845721948585719e+02 1.690851359491815974e-38
4.188144413351230355e+02 1.615315771742537059e-38
4.385307545947049448e+02 1.543393450491645024e-38
4.591752426500525530e+02 1.474901864439873090e-38
4.807916007113278170e+02 1.409668209357757742e-38
5.034255810057531448e+02 1.347528857186983902e-38
5.271250896147560070e+02 1.288355367286515328e-38
5.519402878698551831e+02 1.231984233752876683e-38
5.779236985219195049e+02 1.178263307373723861e-38
6.051303169085017544e+02 1.126996032254920293e-38
6.336177273545310982e+02 1.077765419378222616e-38
6.634462250527517426e+02 1.030461477091029764e-38
6.946789436818587546e+02 9.850192758508814869e-39
7.273819890324546122e+02 9.413758046618127053e-39
7.616245789236330666e+02 8.994698141030483583e-39
7.974791897063570332e+02 8.592417640435167138e-39
8.350217096637019267e+02 8.206641197890184282e-39
8.743315996326286950e+02 7.836622325635788827e-39
9.154920611872827294e+02 7.481657259347402954e-39
9.585902127397617960e+02 7.141328303645926035e-39
1.003717273931100408e+03 6.816961653042258679e-39
1.050968758702715832e+03 6.508433302591924097e-39
1.100444677456995805e+03 6.214920671444067912e-39
1.152249748734900095e+03 5.935648546380392113e-39
1.206493620858577742e+03 5.669884673445969724e-39
1.263291104008163757e+03 5.416937056733684560e-39
1.322762413223923886e+03 5.176471968378489113e-39
1.385033422848099917e+03 4.947684491647135968e-39
1.450235932944959814e+03 4.729815374304433907e-39
1.518507948262989657e+03 4.522313899089827551e-39
1.589993970329648619e+03 4.324378736289845668e-39
1.664845303296893007e+03 4.135290270836956060e-39
1.743220374184857974e+03 3.954640275631018833e-39
1.825285068201491640e+03 3.782043040160821655e-39
1.911213079847827203e+03 3.617131778743126322e-39
2.001186280552093194e+03 3.459557385671047894e-39
2.095395103610726437e+03 3.309317147086440561e-39
2.194038947251078298e+03 3.165911408628151430e-39
2.297326596668858201e+03 3.028850564282796570e-39
2.405476665933653749e+03 2.897850051597682906e-39
2.518718060697815872e+03 2.772574757157696465e-39
2.637290462688005391e+03 2.652615039122614146e-39
2.761444837004953570e+03 2.537737325285526132e-39
2.891443963305081525e+03 2.427729953026068632e-39
3.027562991988319936e+03 2.322390397018148601e-39
3.170090026569237580e+03 2.221524502230266318e-39
3.319326733464213248e+03 2.125285445590048185e-39
3.475588980485246793e+03 2.033315876536045212e-39
3.639207505391759241e+03 1.945241795782712557e-39
3.810528615915529372e+03 1.860901835860442918e-39
3.989914922740302245e+03 1.780189865435129703e-39
4.177746106987556232e+03 1.703273297195939069e-39
4.374419723832720592e+03 1.630015208098280986e-39
4.580352043952892927e+03 1.560228803675879058e-39
4.795978934586972173e+03 1.493738252927389394e-39
5.021756782072917304e+03 1.430377362863902644e-39
5.258163457814917820e+03 1.370342566387785468e-39
5.505699329724850031e+03 1.313309839870921348e-39
5.764888321278904186e+03 1.258917255748544022e-39
6.036279020430777564e+03 1.207034385149060776e-39
6.320445840728693838e+03 1.157539545318312903e-39
6.617990237093752512e+03 1.110372723245199872e-39
6.929541978832731729e+03 1.065430297337599120e-39
7.255760482579993550e+03 1.022596553506276297e-39
7.597336207989533250e+03 9.817648988773940983e-40
7.954992119131401523e+03 9.428358271236609681e-40
8.329485214685379106e+03 9.059579694891050633e-40
8.721608130170941877e+03 8.698550189668414831e-40
9.132190815604586533e+03 8.350004403911641543e-40
9.562102292135225071e+03 8.025340431195111104e-40
1.001225249137595347e+04 7.719647763436798003e-40
1.048359418132508290e+04 7.399142737652833392e-40
1.097712498295267505e+04 7.106852915409785788e-40
1.149388948172099299e+04 6.827160225587022280e-40
1.203498143850782071e+04 6.561387475645447190e-40
1.260154610461255288e+04 6.317656384281711662e-40
1.319478264574413697e+04 6.073506806832085054e-40
1.381594668012236070e+04 5.849594280687429594e-40
1.446635293606377672e+04 5.633849711201888591e-40
1.514737803467750564e+04 5.424279871122636510e-40
1.586046340356057226e+04 5.228178861208100596e-40
1.660711832765972940e+04 5.044564262152523465e-40
1.738892314375746719e+04 4.860809321050030179e-40
1.820753258534255656e+04 4.693145722377391003e-40
1.906467928494599619e+04 4.536863433282521495e-40
1.996217744135432440e+04 4.377727134368722110e-40
2.090192665946251873e+04 4.235838629542282077e-40
2.188591597089366769e+04 4.101678688493517327e-40
2.291622804389524390e+04 3.966317416175842470e-40
2.399504359142293106e+04 3.836603580740748978e-40
2.512464598674067747e+04 3.719759209570895028e-40
2.630742609630786319e+04 3.601817687714450833e-40
2.754588734018142350e+04 3.487807879727549495e-40
2.884265099064397509e+04 3.376412306850129774e-40
3.020046172027278590e+04 3.267731615171887859e-40
3.162219341119220553e+04 3.161466247991332066e-40
3.311085523780593212e+04 3.059067517082644345e-40
3.466959803588170325e+04 2.959675055524200968e-40
3.630172097147137538e+04 2.861693503237105003e-40
3.801067852377973031e+04 2.764197040017144246e-40
3.980008779676235281e+04 2.668607385457242161e-40
4.167373617492782068e+04 2.576613760457989720e-40
4.363558933954806707e+04 2.489599742569484621e-40
4.568979966224462987e+04 2.407154136353244006e-40
4.784071499371366372e+04 2.328875104527544739e-40
5.009288786619510938e+04 2.254246946562783429e-40
5.245108512916084874e+04 2.143696600082916961e-40
5.492029803861743858e+04 1.959295839845847161e-40
5.750575282137774775e+04 1.720873764752060399e-40
6.021292173666149029e+04 1.451232685923829858e-40
6.304753465843668528e+04 1.168612385911962625e-40
6.601559120301848452e+04 8.802489339308690414e-41
6.912337342759016610e+04 5.826396358127678586e-41
7.237745912652839615e+04 2.946649796334065120e-41
7.578473575367164449e+04 1.463484038902232206e-41
7.935241500000008091e+04 8.571840139541636775e-42
