5.109905999999998913e-04 2.738471117082301180e-37
5.350924372291627389e-04 3.435746253927747469e-37
5.603310831546520678e-04 4.226789602821781508e-37
5.867601575067711616e-04 5.088745907945194865e-37
6.144358090917243723e-04 5.928491769957261154e-37
6.434168350802612962e-04 6.737915007727359981e-37
6.737648059227925677e-04 7.590103050934581078e-37
7.055441961563695824e-04 8.322578677304450916e-37
7.388225213814155617e-04 8.848296859779584203e-37
7.736704816992269040e-04 9.332121301815461375e-37
8.101621119149740461e-04 9.847557597071212302e-37
8.483749388253115920e-04 1.047012199249645609e-36
8.883901459247546713e-04 1.099669638720121159e-36
9.302927458807434434e-04 1.137513522024920646e-36
9.741717611438210607e-04 1.185264693224416533e-36
1.020120413076626301e-03 1.239193156123666665e-36
1.068236320003523214e-03 1.289060645016876532e-36
1.118621704601605558e-03 1.331173651711020177e-36
1.171383611073694483e-03 1.368377429278162815e-36
1.226634132564710612e-03 1.418807520999295551e-36
1.284490649304568556e-03 1.468954397659162588e-36
1.345076077983532780e-03 1.501809256171819474e-36
1.408519132889826317e-03 1.547735013596666253e-36
1.474954599364302005e-03 1.608059910873066068e-36
1.544523620153106288e-03 1.648222546848253345e-36
1.617373995266714170e-03 1.680986095922648229e-36
1.693660495982381295e-03 1.722405637580730455e-36
1.773545193657114719e-03 1.767163906956251009e-36
1.857197804049728375e-03 1.810916945178784702e-36
1.944796047883500054e-03 1.845070515023824285e-36
2.036526028415446086e-03 1.874902906019547802e-36
2.132582626814366958e-03 1.905436480476251908e-36
2.233169916187636300e-03 1.934703712707223656e-36
2.338501595136364009e-03 1.964472892523607507e-36
2.448801441759989282e-03 2.000773583384491770e-36
2.564303789074868795e-03 2.036172980285915000e-36
2.685254022856875880e-03 2.065387647659965115e-36
2.811909102965690251e-03 2.095151174315773921e-36
2.944538109258334601e-03 2.126053412824592957e-36
3.083422813251737379e-03 2.155852358400659864e-36
3.228858276748875801e-03 2.185368672463331916e-36
3.381153478700216642e-03 2.214245707247260223e-36
3.540631971632279221e-03 2.235618673881066253e-36
3.707632569037889059e-03 2.252814927853360318e-36
3.882510065188491798e-03 2.275509757719772056e-36
4.065635988897772432e-03 2.300484479209929598e-36
4.257399392837963800e-03 2.325672571648891971e-36
4.458207680085747755e-03 2.350875871643300980e-36
4.668487469653756668e-03 2.374100457519698414e-36
4.888685502846507741e-03 2.391923621254268009e-36
5.119269592366304522e-03 2.409227198044527005e-36
5.360729616185559883e-03 2.427749597951661751e-36
5.613578558296935736e-03 2.443229863218108087e-36
5.878353598552454352e-03 2.456628671654463535e-36
6.155617253906933185e-03 2.470433451680133615e-36
6.445958573490289875e-03 2.483683354045581815e-36
6.749994390047756726e-03 2.495865827970633188e-36
7.068370630406568995e-03 2.506703411784670729e-36
7.401763687753326951e-03 2.514475891319322603e-36
7.750881858637407966e-03 2.516920040274425284e-36
8.116466847753352892e-03 2.515228994368905926e-36
8.499295343699165076e-03 2.510698357531651315e-36
8.900180669058220875e-03 2.506547300669404673e-36
9.319974508310416295e-03 2.500825741806192703e-36
9.759568717243505623e-03 2.490881206197272981e-36
1.021989721770875069e-02 2.477607889656193096e-36
1.070193798174627099e-02 2.461351250972020572e-36
1.120671510929548143e-02 2.442171191637481171e-36
1.173530100390457985e-02 2.420916387210682718e-36
1.228881865106157094e-02 2.398499301427182449e-36
1.286844400398702050e-02 2.374959579367722668e-36
1.347540848195725310e-02 2.350341682837795474e-36
1.411100158646566051e-02 2.324686853177369343e-36
1.477657364078026857e-02 2.296611130548300549e-36
1.547353865871763448e-02 2.264668195011414829e-36
1.620337734872792992e-02 2.229022825476778063e-36
1.696764025967334791e-02 2.189860715674169365e-36
1.776795107498313486e-02 2.147385958173958311e-36
1.860601006218363246e-02 2.102229587818693521e-36
1.948359768513192175e-02 2.055028191141248989e-36
2.040257838662730069e-02 2.005964205862641234e-36
2.136490454943680908e-02 1.955227272580213448e-36
2.237262064414995491e-02 1.903002123544028407e-36
2.342786757267488473e-02 1.848909131765469296e-36
2.453288721660375205e-02 1.792605816682900490e-36
2.569002720011028668e-02 1.734391863001635704e-36
2.690174587749852991e-02 1.674569493232434583e-36
2.817061755599863104e-02 1.613440763534099642e-36
2.949933796490573218e-02 1.550670109493352040e-36
3.089072998268105330e-02 1.485996526883819674e-36
3.234774963418266674e-02 1.419871203062850024e-36
3.387349237076683200e-02 1.352742520728550325e-36
3.547119964660228053e-02 1.285037714644937055e-36
3.714426580516869136e-02 1.216892608162769999e-36
3.889624529057006397e-02 1.148476406553699509e-36
4.073086019898308069e-02 1.080252738783574951e-36
4.265200818628397950e-02 1.012657382182491175e-36
4.466377074865351959e-02 9.460940455004179934e-37
4.677042189375225922e-02 8.808559092125190435e-37
4.897643722088840246e-02 8.172212175630699120e-37
5.128650342946871471e-02 7.555172319876471696e-37
5.370552827593352146e-02 6.960339922499714166e-37
5.623865100032953562e-02 6.390086912674471900e-37
5.889125324467148204e-02 5.846913342354292216e-37
6.166897048628900563e-02 5.332634293178796422e-37
6.457770401044891917e-02 4.848028784916589350e-37
6.762363344768884676e-02 4.393509405625814243e-37
7.081322990249801219e-02 3.969150834993277041e-37
7.415326970123657657e-02 3.581877936570353766e-37
7.765084878850241068e-02 3.235144479347152971e-37
8.131339780252892779e-02 2.924359256793924909e-37
8.514869786164297460e-02 2.645551866237139688e-37
8.916489709532063324e-02 2.395186149406607813e-37
9.337052795496164626e-02 2.173343187337912245e-37
9.777452534115914362e-02 1.979200959544523477e-37
1.023862455859763237e-01 1.808957769668060934e-37
1.072154863305582184e-01 1.659411067228706588e-37
1.122725073403080115e-01 1.527854427424969885e-37
1.175680523018515222e-01 1.410395641375937426e-37
1.231133716480957291e-01 1.303973470712768887e-37
1.289202464598747377e-01 1.207427151878356137e-37
1.350010134949619911e-01 1.119729050465497792e-37
1.413685913976232000e-01 1.039977049710213773e-37
1.480365081443922315e-01 9.681694652665873122e-38
1.550189297843790615e-01 9.041208597389849376e-38
1.623306905351681040e-01 8.469209204048932443e-38
1.699873242982475607e-01 7.957823515749224354e-38
1.780050976609224844e-01 7.500228744086719819e-38
1.864010444548259426e-01 7.086508396496406988e-38
1.951930019444473863e-01 6.708725206052550333e-38
2.043996487225618053e-01 6.363402772045560432e-38
2.140405443930677720e-01 6.046744639735216187e-38
2.241361711255421552e-01 5.756909562374681594e-38
2.347079771697937189e-01 5.487297315992818871e-38
2.457784224228618808e-01 5.232765288862915215e-38
2.573710261452713532e-01 4.992432411175230956e-38
2.695104169279118889e-01 4.765472168190223082e-38
2.822223850157012937e-01 4.551108372878191324e-38
2.955339370991927339e-01 4.347826349454829739e-38
3.094733536905320270e-01 4.154392949839968233e-38
3.240702492056595774e-01 3.970152431145712857e-38
3.393556348804043776e-01 3.793146449291476014e-38
3.553619846541316019e-01 3.624699875926306162e-38
3.721233041609212089e-01 3.465699144184058457e-38
3.896752029748422608e-01 3.316644394491652858e-38
4.080549702628132325e-01 3.176854465653090980e-38
4.273016540057729129e-01 3.045699279328841458e-38
4.474561439564671006e-01 2.922595724181162005e-38
4.685612585100961680e-01 2.806998251224025023e-38
4.906618356723806418e-01 2.698402866083724213e-38
5.138048283183084264e-01 2.596005186193111944e-38
5.380394039439381215e-01 2.497180211462565090e-38
5.634170491231891287e-01 2.404058475824012741e-38
5.899916788915300359e-01 2.314592790044298003e-38
6.178197512889560539e-01 2.227294187642817661e-38
6.469603873056035681e-01 2.142229126148456959e-38
6.774754964848248573e-01 2.059456859271955109e-38
7.094299084505705233e-01 1.979031533827435638e-38
7.428915106385090006e-01 1.902193145153844525e-38
7.779313925234913052e-01 1.829750442673359218e-38
8.146239966497847984e-01 1.761009461840692292e-38
8.530472767849247573e-01 1.693303977901704661e-38
8.932828635331954148e-01 1.629244324894030485e-38
9.354162377605835799e-01 1.568363942995738269e-38
9.795369121996466699e-01 1.510295665127759270e-38
1.025738621620118751e+00 1.454898367309623957e-38
1.074119521969271851e+00 1.402038549645049434e-38
1.124782398905110226e+00 1.351589884945330006e-38
1.177834886165420647e+00 1.303432796633805057e-38
1.233389694236622924e+00 1.257454063902629652e-38
1.291564849808208848e+00 1.213138567458707012e-38
1.352483946521505942e+00 1.168228219573893964e-38
1.416276407545479898e+00 1.125229853899828515e-38
1.483077760537422796e+00 1.084055067164371255e-38
1.553029925572678493e+00 1.044619796376977226e-38
1.626281516655122106e+00 1.006844092617617613e-38
1.702988157448940720e+00 9.706519074526637304e-39
1.783312811902518558e+00 9.359708912164990924e-39
1.867426130466803835e+00 9.027322024476349496e-39
1.955506812643729164e+00 8.708703278144430267e-39
2.047741986634910472e+00 8.399906554511311989e-39
2.144327606897195704e+00 8.084196694370477681e-39
2.245468870449669030e+00 7.780676915598675444e-39
2.351380652816566386e+00 7.488881428351489369e-39
2.462287964532258844e+00 7.208361532538531278e-39
2.578426429178151125e+00 6.938685030331159033e-39
2.700042783967111060e+00 6.679435657203175341e-39
2.827395403938889551e+00 6.430212530977108496e-39
2.960754850880219724e+00 6.190629618359281350e-39
3.100404448135764657e+00 5.960315218460226945e-39
3.246640882531115047e+00 5.736763951783670451e-39
3.399774834686616121e+00 5.510309261052807113e-39
3.560131639061140607e+00 5.293378549966767597e-39
3.728051975128078510e+00 5.085545468757883524e-39
3.903892591151927327e+00 4.886403924320562319e-39
4.088027062103209985e+00 4.695567062786263506e-39
4.280846583321848087e+00 4.512666305880570800e-39
4.482760801615181201e+00 4.337350438084407463e-39
4.694198685556296269e+00 4.169284741792513664e-39
4.915609436831619661e+00 4.008150177826223506e-39
5.147463444573944891e+00 3.852299242401118510e-39
5.390253284708356851e+00 3.695972569827842064e-39
5.644494766434245747e+00 3.546187918274083455e-39
5.910728028066572826e+00 3.402662451261462395e-39
6.189518684564581541e+00 3.265125972646251094e-39
6.481459029185868026e+00 3.133320343056016219e-39
6.787169291818734074e+00 3.006998924108131587e-39
7.107298956666165068e+00 2.885926049050106396e-39
7.442528142080861997e+00 2.769876518528909900e-39
7.793569045482796831e+00 2.658635120262540843e-39
8.161167456429042844e+00 2.551244147353827939e-39
8.546104341050391184e+00 2.444621395700690960e-39
8.949197501220927720e+00 2.342388094843441598e-39
9.371303311985466067e+00 2.244367319556461054e-39
9.813318540936055712e+00 2.150389096723041713e-39
1.027618225340271785e+01 2.060290139225125395e-39
1.076087780750630429e+01 1.973913589806472921e-39
1.126843494331159690e+01 1.891108774538175153e-39
1.179993197051935283e+01 1.811730965530452273e-39
1.235649805934496470e+01 1.735641152546646996e-39
1.293931563945074181e+01 1.662316345187662861e-39
1.354962291202836511e+01 1.590278875264882167e-39
1.418871648036845379e+01 1.521306866961126904e-39
1.485795410450592691e+01 1.455272732084932564e-39
1.555875758579339774e+01 1.392054079483171698e-39
1.629261578753095563e+01 1.331533506090817056e-39
1.706108779806962517e+01 1.273598396446497873e-39
1.786580624310859378e+01 1.218140730316124942e-39
1.870848075422321344e+01 1.165056898083658836e-39
1.959090160099263400e+01 1.114247523583221804e-39
2.051494349444364929e+01 1.065414627537120170e-39
2.148256956989117583e+01 1.017834033404725505e-39
2.249583555763671328e+01 9.723676983547633318e-40
2.355689415038611756e+01 9.289222593070007012e-40
2.466799957666446019e+01 8.874084493886378037e-40
2.583151238994483023e+01 8.477409191839987889e-40
2.704990448366544697e+01 8.098380657642874718e-40
2.832576434278948696e+01 7.736218691579493555e-40
2.966180254306467390e+01 7.390177359371909013e-40
3.106085750966584769e+01 7.059543496104336096e-40
3.252590154745477946e+01 6.742484138389112772e-40
3.406004715566857044e+01 6.434744732348811586e-40
3.566655364045231380e+01 6.140681379358407406e-40
3.734883403928428436e+01 5.859704969370349198e-40
3.911046237200478259e+01 5.591250923976902321e-40
4.095518123385343046e+01 5.334778208180581385e-40
4.288690974664643107e+01 5.089768380932113523e-40
4.490975188498610038e+01 4.855724682931168333e-40
4.702800519519195177e+01 4.632171160246448158e-40
4.924616992547611716e+01 4.418651822364316550e-40
5.156895858676170263e+01 4.213994444010625252e-40
5.400130596445431053e+01 4.015923579174141686e-40
5.654837960243806094e+01 3.827208612656292105e-40
5.921559078156909806e+01 3.647405150879991724e-40
6.200860601599043065e+01 3.476090315586340711e-40
6.493335909169219633e+01 3.312861655556602796e-40
6.799606367289339914e+01 3.157336117197804184e-40
7.120322650302739476e+01 3.009149070576291104e-40
7.456166122837690580e+01 2.867953387694647787e-40
7.807850287372679077e+01 2.733418569999667546e-40
8.176122300078839089e+01 2.604644859099451383e-40
8.561764558159964622e+01 2.479466656220410565e-40
8.965596362062399294e+01 2.359752570080883998e-40
9.388475656086207266e+01 2.245292544076477754e-40
9.831300851095564042e+01 2.135883993682394728e-40
1.029501273320072698e+02 2.031331465667303160e-40
1.078059646246651653e+02 1.931446322622322867e-40
1.128908366589385253e+02 1.836046450874205332e-40
1.182155462912052428e+02 1.744955989950985958e-40
1.237914059149775738e+02 1.658005081866682176e-40
1.296302614941839693e+02 1.574507943243180370e-40
1.357445177300259616e+02 1.493250113366382816e-40
1.421471644148774942e+02 1.416166384692218537e-40
1.488518040292156570e+02 1.343042704725703010e-40
1.558726806402128204e+02 1.273676214966511717e-40
1.632247101633854527e+02 1.207874631577113637e-40
1.709235120515908477e+02 1.145455663237821856e-40
1.789854424786951768e+02 1.086246463808730344e-40
1.874276290884120897e+02 1.030083117573410282e-40
1.962680073821357212e+02 9.768101549840925851e-41
2.055253588230748960e+02 9.257588497731152705e-41
2.152193507376405250e+02 8.754216541369867866e-41
2.253705780988580614e+02 8.274389961542603892e-41
2.360006072805710176e+02 7.817242215361481696e-41
2.471320218753990048e+02 7.381931384616437276e-41
2.587884706737815463e+02 6.967638812836676018e-41
2.709947179060466738e+02 6.573567935295498366e-41
2.837766958542406996e+02 6.198943283369484767e-41
2.971615599454951280e+02 5.843009645343031830e-41
3.111777464439756500e+02 5.505031366477006998e-41
3.258550328639810800e+02 5.178868078845614589e-41
3.412246012325404649e+02 4.852267530519755816e-41
3.573191043359100831e+02 4.543175476868275648e-41
3.741727350907113419e+02 4.250893492212668568e-41
3.918212991870900623e+02 3.974739836612836507e-41
4.103022911582268648e+02 3.714048520329253017e-41
4.296549740378105184e+02 3.468168620089241537e-41
4.499204627747060385e+02 3.236463813675280651e-41
4.711418115820335970e+02 3.018312100913355672e-41
4.933641054062323974e+02 2.813105680869055239e-41
5.166345557104308455e+02 2.614469726104070615e-41
5.410026007756309809e+02 2.410489818525937585e-41
5.665200107327771093e+02 2.219539555536934236e-41
5.932409975488652663e+02 2.041080443632016274e-41
6.212223302007554366e+02 1.874582744129233730e-41
6.505234552813731170e+02 1.719522122520651654e-41
6.812066232945309139e+02 1.575583176450652746e-41
7.133370209066835059e+02 1.444544843153023056e-41
7.469829094365876472e+02 1.322700126141397915e-41
7.822157698770872685e+02 1.207638067235149310e-41
8.191104547571259218e+02 1.093787273888168311e-41
8.577453471666179894e+02 9.727298132854136532e-42
8.982025272820284272e+02 8.650287513157790841e-42
9.405679467464455001e+02 7.667889046638473003e-42
9.849316112746203089e+02 6.767485253367074133e-42
1.031387771870917049e+03 5.962092030174672595e-42
1.080035125066421870e+03 5.248896957657703554e-42
1.130977022600602595e+03 4.609218636936802143e-42
1.184321690993021093e+03 4.035532684575370378e-42
1.240182461471540137e+03 3.522894655652544144e-42
1.298678010745537676e+03 3.033970403158577771e-42
1.359932613135644260e+03 2.523533867798260879e-42
1.424076404595654367e+03 2.097212224509275757e-42
1.491245659187531146e+03 1.737864395244285023e-42
1.561583078596877613e+03 1.436331258405220404e-42
1.635238095303950104e+03 1.161313564431789695e-42
1.712367190054307684e+03 9.172435211495425244e-43
1.793134224303563769e+03 7.055007371781082717e-43
1.877710788342522164e+03 5.261838161204886605e-43
1.966276565842293394e+03 3.824108694462009660e-43
2.059019715593870387e+03 2.723570563622171826e-43
2.156137271253173822e+03 1.848852428094483374e-43
2.257835559940823259e+03 1.170760955097216018e-43
2.364330640585970286e+03 7.148797623638462899e-44
2.475848762945413910e+03 4.111717947624460023e-44
2.592626848273274391e+03 1.963846372979345361e-44
2.714912992662309989e+03 7.760593409012028951e-45
2.842966994126302779e+03 3.963696654349791541e-45
2.977060904543274319e+03 1.547433026644833977e-45
3.117479607632149964e+03 1.558684365874177548e-46
3.264521424190780635e+03 1.046450251351616048e-46
3.418498745881161994e+03 0.000000000000000000e+00
3.579738698908331571e+03 0.000000000000000000e+00
3.748583839002932109e+03 0.000000000000000000e+00
3.925392879183943478e+03 0.000000000000000000e+00
4.110541451847719145e+03 0.000000000000000000e+00
4.304422906802390571e+03 0.000000000000000000e+00
4.507449146943073174e+03 0.000000000000000000e+00
4.720051503343271179e+03 0.000000000000000000e+00
4.942681651621624951e+03 0.000000000000000000e+00
5.175812571530836067e+03 0.000000000000000000e+00
5.419939551807363387e+03 0.000000000000000000e+00
5.675581242416864370e+03 0.000000000000000000e+00
5.943280756430666770e+03 0.000000000000000000e+00
6.223606823874388283e+03 0.000000000000000000e+00
6.517154999999998836e+03 0.000000000000000000e+00
