5.109905999999998913e-04 1.838113460278886018e-33
5.350769259422039851e-04 2.217474913820552963e-33
5.602985978132642587e-04 2.624729974816841544e-33
5.867091318854961591e-04 3.041749076521819766e-33
6.143645670028185591e-04 3.486032113241229849e-33
6.433235834860387891e-04 3.924404933494930430e-33
6.736476276429204752e-04 4.281531997711445990e-33
7.054010421472184725e-04 4.580105585109406002e-33
7.386512025633355707e-04 4.836518305479588032e-33
7.734686603062794095e-04 5.065638242069443897e-33
8.099272923402482541e-04 5.273481408304935489e-33
8.481044579334970270e-04 5.468556558913282747e-33
8.880811628020847306e-04 5.637405922391499811e-33
9.299422309907805478e-04 5.775005832499586668e-33
9.737764848558493535e-04 5.892329029280302564e-33
1.019676933531601373e-03 6.003011518909108119e-33
1.067740970280593032e-03 6.123159749695092931e-33
1.118070579146241469e-03 6.222382277090264762e-33
1.170772551346327579e-03 6.296167230169252209e-33
1.225958711866527830e-03 6.377440256802210074e-33
1.283746156734791918e-03 6.446604800248953576e-33
1.344257501480010256e-03 6.478287494241225926e-33
1.407621141302152663e-03 6.511873090526043791e-33
1.473971523505935135e-03 6.554233817818578949e-33
1.543449432776068577e-03 6.581668851393349873e-33
1.616202289899378551e-03 6.593537556353615758e-33
1.692384464567664188e-03 6.591299916631939854e-33
1.772157602925002358e-03 6.574122239275883730e-33
1.855690970554478699e-03 6.540527951873515564e-33
1.943161811632140726e-03 6.486737010441087719e-33
2.034755725010225537e-03 6.424704967099004609e-33
2.130667058027627125e-03 6.362898579434888647e-33
2.231099318883246474e-03 6.278485518107657665e-33
2.336265608447186427e-03 6.173951615074119410e-33
2.446389072426015908e-03 6.070861717180965526e-33
2.561703374841555608e-03 5.968801460884770243e-33
2.682453193827810580e-03 5.865639148908755474e-33
2.808894740798034608e-03 5.753643982578361228e-33
2.941296304083548634e-03 5.637506572840269507e-33
3.079938818197813268e-03 5.531722707197654554e-33
3.225116459933609087e-03 5.417087485001232293e-33
3.377137272558198341e-03 5.283775898317376388e-33
3.536323819430886063e-03 5.155023839783225346e-33
3.703013868429815263e-03 5.029263585880957862e-33
3.877561108640301471e-03 4.893907544682310686e-33
4.060335900825371748e-03 4.750693848951360800e-33
4.251726063270851175e-03 4.603672206268958447e-33
4.452137694672492381e-03 4.469124448246051933e-33
4.661996035811163779e-03 4.342671726534101209e-33
4.881746371844373177e-03 4.211746926948849289e-33
5.111854977128722430e-03 4.076381361342642486e-33
5.352810104578034980e-03 3.938484418679903957e-33
5.605123021656333027e-03 3.806643205717403281e-33
5.869329095203993513e-03 3.680172565193191199e-33
6.145988927398842415e-03 3.556009625575575758e-33
6.435689545262470238e-03 3.432732032339302780e-33
6.739045646235801781e-03 3.309307352697990539e-33
7.056700902466790486e-03 3.183197737764633499e-33
7.389329326577646906e-03 3.057473446823682630e-33
7.737636701809661594e-03 2.936683272011836573e-33
8.102362079580109969e-03 2.820883376988963960e-33
8.484279347628721768e-03 2.709366764433607426e-33
8.884198872081210466e-03 2.599780627624407857e-33
9.302969216913991451e-03 2.492176107879795111e-33
9.741478944468433612e-03 2.386989820468784465e-33
1.020065850083518369e-02 2.285412181519809984e-33
1.068148219010898146e-02 2.187786212681213136e-33
1.118497024170290489e-02 2.093982219972841654e-33
1.171219097510877577e-02 2.003368356304018334e-33
1.226426306669678272e-02 1.915260618877607985e-33
1.284235792336418588e-02 1.829679427075679860e-33
1.344770216806965256e-02 1.746613162254056105e-33
1.408158024252701042e-02 1.666101216612820493e-33
1.474533713258096256e-02 1.588239697347737455e-33
1.544038122204762983e-02 1.513125426151518317e-33
1.616818728107518449e-02 1.440719591859269113e-33
1.693029959536545073e-02 1.370985967368962477e-33
1.772833524289621140e-02 1.303884711067484247e-33
1.856398752509682767e-02 1.239403032782508556e-33
1.943902955975751815e-02 1.177527822896688180e-33
2.035531804329606884e-02 1.118193928854225167e-33
2.131479719036464063e-02 1.061313552451465710e-33
2.231950285915598742e-02 1.006843912849459341e-33
2.337156687116243373e-02 9.545508384390481131e-34
2.447322153455318283e-02 9.041905824080646908e-34
2.562680438076798267e-02 8.557536538494271414e-34
2.683476312437750241e-02 8.092300985819608417e-34
2.809966085673421335e-02 7.646044316993007838e-34
2.942418148443399009e-02 7.220943877995489442e-34
3.081113542412805550e-02 6.819187721709091991e-34
3.226346556576850655e-02 6.439532539724662923e-34
3.378425351694053919e-02 6.080616703177204473e-34
3.537672614153104106e-02 5.741497488259074373e-34
3.704426240660716602e-02 5.421082665065019819e-34
3.879040055203306081e-02 5.118336019293639474e-34
4.061884559803764783e-02 4.832308534585508134e-34
4.253347720666292298e-02 4.562119115077718159e-34
4.453835791377373787e-02 4.306929589325790595e-34
4.663774174909612186e-02 4.065002466153879047e-34
4.883608326257417309e-02 3.834633206001907600e-34
5.113804697619818429e-02 3.615447331251302032e-34
5.354851728135928690e-02 3.406938214495486793e-34
5.607260880273085002e-02 3.208886279724486577e-34
5.871567725066755006e-02 3.022332741295241636e-34
6.148333078514908040e-02 2.848299083342750660e-34
6.438144191538014427e-02 2.685844525063436062e-34
6.741615996029699798e-02 2.534106565390681114e-34
7.059392409641902788e-02 2.392292988216109945e-34
7.392147702073029181e-02 2.259356075940055109e-34
7.740587925758242449e-02 2.134307983865006276e-34
8.105452413997561723e-02 2.016647268456507575e-34
8.487515349700429368e-02 1.905801988689548204e-34
8.887587408075554862e-02 1.801452891143538482e-34
9.306517476751448303e-02 1.703453508018196596e-34
9.745194456977414321e-02 1.611683660149463956e-34
1.020454914972697275e-01 1.525692201672943583e-34
1.068555623070569366e-01 1.445068088454967979e-34
1.118923631845393646e-01 1.369432928531647976e-34
1.171665813993288952e-01 1.298725266117098365e-34
1.226894079818883765e-01 1.232912704453485476e-34
1.284725614690715445e-01 1.171591284214913028e-34
1.345283127689463898e-01 1.114315785220697185e-34
1.408695111976603909e-01 1.060846083009442387e-34
1.475096117435917842e-01 1.010613382746016526e-34
1.544627036166400236e-01 9.630646055124049865e-35
1.617435401432306408e-01 9.180369678806764019e-35
1.693675700704657394e-01 8.753807526064781903e-35
1.773509703458450437e-01 8.349561521973879922e-35
1.857106804421094215e-01 7.965998845066116524e-35
1.944644383000370402e-01 7.601555235545347957e-35
2.036308179654598705e-01 7.255167966135675288e-35
2.132292690003589342e-01 6.925266352678698559e-35
2.232801577516599356e-01 6.611590541531505411e-35
2.338048105652990039e-01 6.313424064137478616e-35
2.448255590372494794e-01 6.030075387967565458e-35
2.563657873975236368e-01 5.760718175011721468e-35
2.684499821276936649e-01 5.504602013859839252e-35
2.811037839172109143e-01 5.261030568000265868e-35
2.943540420687636994e-01 5.029223017623536146e-35
3.082288714681172825e-01 4.808422275095446579e-35
3.227577122393149867e-01 4.598054182918984700e-35
3.379713922118159908e-01 4.397167558808223271e-35
3.539021923321197804e-01 4.205717184162274076e-35
3.705839151586688973e-01 4.022787027279944086e-35
3.880519565853600694e-01 3.847454042959168298e-35
4.063433809458567025e-01 3.679407246921352233e-35
4.254969996580582614e-01 3.518368682509758372e-35
4.455534535755938941e-01 3.364077803476881232e-35
4.665552992210836858e-01 3.216680798795908973e-35
4.885470990841370709e-01 3.076334061992751415e-35
5.115755161756819769e-01 2.942658842995327848e-35
5.356894130392612086e-01 2.815020973349957237e-35
5.609399554293788004e-01 2.693404019439336784e-35
5.873807208768790922e-01 2.577455662638783252e-35
6.150678123717265855e-01 2.466840377027145272e-35
6.440599774043980208e-01 2.361295814047955970e-35
6.744187326184684084e-01 2.260580681957801456e-35
7.062084943388918790e-01 2.164465194719223051e-35
7.394967152529354770e-01 2.072433670452735104e-35
7.743540275337710277e-01 1.983969722306156674e-35
8.108543927104228111e-01 1.898946253993762110e-35
8.490752586020677839e-01 1.817059217254824709e-35
8.890977236496647729e-01 1.738400000634102581e-35
9.310067089936163720e-01 1.662898933607991091e-35
9.748911386625750408e-01 1.590490878846512074e-35
1.020844128255716798e+00 1.521058520204718528e-35
1.068963182518851474e+00 1.454493459607954386e-35
1.119350402233587616e+00 1.390689884648732374e-35
1.172112700858523926e+00 1.329540976254181700e-35
1.227362031382167595e+00 1.270943693492727620e-35
1.285215623868911194e+00 1.214834244262335588e-35
1.345796234202094821e+00 1.161212192438319935e-35
1.409232404551963747e+00 1.110115158560721522e-35
1.475658736121183479e+00 1.061416653785860103e-35
1.545216174746621540e+00 1.014997005096850596e-35
1.618052309963418089e+00 9.707429594896914855e-36
1.694321688165903783e+00 9.285503345393300173e-36
1.774186140529820932e+00 8.883198095308024191e-36
1.857815126391677119e+00 8.499545412439774997e-36
1.945386092813812695e+00 8.133628048063406550e-36
2.037084851098102778e+00 7.784052224527020800e-36
2.133105971047225324e+00 7.447501079352608392e-36
2.233653193810041682e+00 7.124140440502943276e-36
2.338939864187057793e+00 6.813521625005446655e-36
2.449189383313286061e+00 6.515208480141493720e-36
2.564635682679007100e+00 6.228777113216917165e-36
2.685523720494210842e+00 5.953834152687464170e-36
2.812110001449951824e+00 5.689992669565051622e-36
2.944663120979460924e+00 5.436859549928824419e-36
3.083464335173810245e+00 5.194053225655975136e-36
3.228808157561455783e+00 4.961465737736611843e-36
3.381002984017896562e+00 4.738929921251978120e-36
3.540371747131385582e+00 4.526493042948160569e-36
3.707252601413196569e+00 4.323689486111731660e-36
3.881999640806332419e+00 4.130075724331225012e-36
4.064983650015070005e+00 3.945229233203524283e-36
4.256592891249631805e+00 3.768757410219614163e-36
4.457233928055215344e+00 3.600283726930813600e-36
4.667332487973511412e+00 3.439440278708359856e-36
4.887334365867093133e+00 3.285876512054621274e-36
5.117706369823345369e+00 3.139293283022686886e-36
5.358937311645096457e+00 2.999175929193001540e-36
5.611539044029449030e+00 2.865502326030982353e-36
5.876047546635748020e+00 2.737967410183587388e-36
6.153024063346936856e+00 2.616281036341662557e-36
6.443056293137457757e+00 2.500167225359407409e-36
6.746759637074654314e+00 2.389368317745002165e-36
7.064778504099390233e+00 2.283637971524274157e-36
7.397787678356628760e+00 2.182737391165048943e-36
7.746493750977367476e+00 2.086439392499098562e-36
8.111636619349686939e+00 1.994453911736190671e-36
8.493991057060224392e+00 1.906357079167535559e-36
8.894368357837409533e+00 1.822144031698365635e-36
9.313618056984328319e+00 1.741643824496337398e-36
9.752629733953956048e+00 1.664693039763655526e-36
1.021233489989172583e+01 1.591135457048817658e-36
1.069370897415012500e+01 1.520824233772060863e-36
1.119777335396933715e+01 1.453618342485643865e-36
1.172559758171565214e+01 1.389380705919811023e-36
1.227830161427580080e+01 1.327979799383509947e-36
1.285705819942263162e+01 1.269207807821892971e-36
1.346309536419469310e+01 1.212815029226410639e-36
1.409769902056914859e+01 1.158800988293629085e-36
1.476221569395709743e+01 1.107071423634740072e-36
1.545805538031094173e+01 1.057535554835816661e-36
1.618669453790565882e+01 1.010105963811131841e-36
1.694967922014224371e+01 9.646995027435988811e-37
1.774862835602094435e+01 9.212358400964077652e-37
1.858523718524437029e+01 8.796367184935381085e-37
1.946128085523939077e+01 8.398305282479482731e-37
2.037861818773055944e+01 8.018594658122372549e-37
2.133919562285640481e+01 7.656443126777540587e-37
2.234505134919767499e+01 7.311487605790126935e-37
2.339831962848118962e+01 6.982874369092668292e-37
2.450123532413484995e+01 6.669794079552729595e-37
2.565613864330303784e+01 6.371479370558401365e-37
2.686548010238459483e+01 6.087206990476381555e-37
2.813182572662865510e+01 5.816289818104613505e-37
2.945786249482134522e+01 5.558072140072732388e-37
3.084640404061666885e+01 5.311883637049611108e-37
3.230039662260786315e+01 5.076463914762963040e-37
3.382292537580720904e+01 4.850890832139699666e-37
3.541722085779947804e+01 4.635027853907916119e-37
3.708666590345786318e+01 4.428471713603618842e-37
3.883480280276734220e+01 4.230835366692388439e-37
4.066534081698649317e+01 4.041747350098729554e-37
4.258216404909443042e+01 3.860853268492192865e-37
4.458933968522329394e+01 3.687812420866783490e-37
4.669112662456409879e+01 3.522295976816597977e-37
4.889198451605564344e+01 3.363990131673319001e-37
5.119658322103158810e+01 3.212598666093038319e-37
5.360981272190482372e+01 3.067709268675707078e-37
5.613679349791195250e+01 2.929177622053954776e-37
5.878288738993438756e+01 2.796732548034969294e-37
6.155370897745048353e+01 2.670114323900714984e-37
6.445513749175677276e+01 2.549074182029346113e-37
6.749332929073702303e+01 2.433374754901295851e-37
7.067473092164992465e+01 2.322788395114279999e-37
7.400609279965016185e+01 2.217096201362467066e-37
7.749448353106740228e+01 2.116154941328507079e-37
8.114730491183647132e+01 2.020069017013999809e-37
8.497230763290014011e+01 1.928575346599929743e-37
8.897760772591010436e+01 1.841504110804769081e-37
9.317170378412291143e+01 1.758629789092204875e-37
9.756349499502762512e+01 1.679739015546352312e-37
1.021623000229689922e+02 1.604629885130756531e-37
1.069778767818338565e+02 1.533111764546542070e-37
1.120204431397517055e+02 1.465004061932467526e-37
1.173006985997428160e+02 1.400135384477810441e-37
1.228298470023192692e+02 1.338252161834729962e-37
1.286196202982057173e+02 1.278922565083978933e-37
1.346823034416236737e+02 1.222002417315465546e-37
1.410307604569615592e+02 1.167428888175603469e-37
1.476784617341344870e+02 1.115113963002445987e-37
1.546395126105529414e+02 1.064972810940070983e-37
1.619286833003489221e+02 1.016923644462677879e-37
1.695614402343595088e+02 9.708878645551919945e-38
1.775539788773683085e+02 9.267895660907015760e-38
1.859232580922411557e+02 8.845552654349625912e-38
1.946870361238651412e+02 8.441951071099848959e-38
2.038639082792452371e+02 8.057998240321436696e-38
2.134733463837140448e+02 7.692633422063785470e-38
2.235357400969668618e+02 7.345005824797131411e-38
2.340724401765911011e+02 7.014202083612435026e-38
2.451058037808928418e+02 6.699361006029543908e-38
2.566592419071375275e+02 6.399670170959671766e-38
2.687572690658644206e+02 6.114364789820920492e-38
2.814255552966814093e+02 5.842722085906800122e-38
2.946909806358985975e+02 5.584057475748921036e-38
3.085816921515778404e+02 5.337101637346493782e-38
3.231271636670217617e+02 5.100423309062434651e-38
3.383582582994161498e+02 4.873575802457343147e-38
3.543072939463263538e+02 4.656211606914703744e-38
3.710081118590068172e+02 4.447959425520171818e-38
3.884961484480124341e+02 4.248462888194287939e-38
4.068085104734773267e+02 4.057379789965402996e-38
4.259840537796095532e+02 3.874383088909775783e-38
4.460634657404505106e+02 3.699157934012928194e-38
4.670893515918407957e+02 3.531400143412032352e-38
4.891063248327840824e+02 3.371164614389855987e-38
5.121611018880103074e+02 3.218438318526980717e-38
5.363026012326023420e+02 3.072859803789774770e-38
5.615820471890251611e+02 2.934080739127227854e-38
5.880530786167762471e+02 2.801773268428014964e-38
6.157718627252900205e+02 2.675626120650233770e-38
6.447972142515982341e+02 2.555343715214682287e-38
6.751907202556020593e+02 2.440646910843325151e-38
7.070168707977599070e+02 2.331270052124340953e-38
7.403431957764810250e+02 2.226959968786287610e-38
7.752404082155468359e+02 2.127520205629812899e-38
8.117825543056052311e+02 2.032742594638089215e-38
8.500471705181134894e+02 1.942414094385988280e-38
8.901154481250754316e+02 1.856301246063995614e-38
9.320724054736668904e+02 1.774198945725992586e-38
9.760070683813063397e+02 1.695912520499989086e-38
1.022012659033908790e+03 1.621257175110545689e-38
1.070186793788146588e+03 1.550059020478584078e-38
1.120631690297442447e+03 1.482152466282852799e-38
1.173454384401145944e+03 1.417364121562170549e-38
1.228766957237111683e+03 1.355209551982206975e-38
1.286686773059599773e+03 1.295456019949357024e-38
1.347336728267067429e+03 1.238047279486463663e-38
1.410845512168263895e+03 1.182884216867087088e-38
1.477347880039962092e+03 1.129893921522729288e-38
1.546984939055661243e+03 1.079005356987148219e-38
1.619904447691973928e+03 1.030149311530593811e-38
1.696261129248022144e+03 9.832598924161957524e-39
1.776217000143024734e+03 9.382723765527747004e-39
1.859941713688690470e+03 8.951542582012868379e-39
1.947612920065884964e+03 8.541882578424667419e-39
2.039416643269317319e+03 8.153558974815562679e-39
2.135547675820090717e+03 7.785589569750444256e-39
2.236209992083673569e+03 7.436563775211904553e-39
2.341617181070207153e+03 7.105415190513056992e-39
2.451992899635521098e+03 6.791143534981246652e-39
2.567571347044514368e+03 6.492810194076931535e-39
2.688597761903768969e+03 6.209549560384913238e-39
2.815328942517840915e+03 5.940543981320930405e-39
2.948033791773392750e+03 5.684688549861481829e-39
3.086993887707226349e+03 5.439197347657784778e-39
3.232504080968915332e+03 5.203321192613583823e-39
3.384873120445806308e+03 4.976976538296233780e-39
3.544424308377766465e+03 4.759555888900308698e-39
3.711496186351756933e+03 4.550750779663171224e-39
3.886443253631886364e+03 4.350262158188783027e-39
4.069636719348985480e+03 4.157800116899751110e-39
4.261465290145785730e+03 3.973099276143999482e-39
4.462335994949041378e+03 3.795897008458498400e-39
4.672675048618471919e+03 3.626201947565372448e-39
4.892928756305122079e+03 3.464853726017980948e-39
5.123564460438125025e+03 3.311552993978861536e-39
5.365071532349053086e+03 3.166123463224311876e-39
5.617962410638001529e+03 3.027856984214520698e-39
5.882773688484745435e+03 2.896370933568675625e-39
6.160067252211883897e+03 2.771304873699990661e-39
6.450431473515895050e+03 2.652319210830242512e-39
6.754482457895944208e+03 2.539109625218531641e-39
7.072865351929191092e+03 2.431384253684530765e-39
7.406255712166511330e+03 2.328712740631333637e-39
7.755360938553355481e+03 2.230449253662342692e-39
8.120921775416965829e+03 2.136397054161426854e-39
8.503713883204918602e+03 2.046644784644587993e-39
8.904549484310135085e+03 1.960704679739936250e-39
9.324279086474214637e+03 1.878412926608651452e-39
9.763793287426031384e+03 1.799612894354073125e-39
1.022402466458490017e+04 1.724154865026277018e-39
1.070594975383770179e+04 1.651912146067205962e-39
1.121059112158847529e+04 1.582758186678512174e-39
1.173901953447777851e+04 1.516614365528786804e-39
1.229235623137460243e+04 1.453448856303515460e-39
1.287177530246233800e+04 1.393143001085304951e-39
1.347850618046657837e+04 1.335850306448245750e-39
1.411383624931080340e+04 1.281105374261121752e-39
1.477911357573478745e+04 1.228787582489887066e-39
1.547574976967258772e+04 1.178782355420356226e-39
1.620522297945827631e+04 1.130980892711504561e-39
1.696908102821556895e+04 1.085293309767992287e-39
1.776894469808593931e+04 1.041629865345033112e-39
1.860651116926393297e+04 9.999261722424344336e-40
1.948355762113631863e+04 9.601267759704835239e-40
2.040194500316720951e+04 9.221620814247757146e-40
2.136362198352887572e+04 8.862651161907801770e-40
2.237062908385772607e+04 8.519863550874712547e-40
2.342510300890827784e+04 8.193379014693866188e-40
2.452928118029207326e+04 7.891456890675965949e-40
2.568550648392089352e+04 7.611946406042702360e-40
2.689623224122895408e+04 7.341526522829902644e-40
2.816402741472029447e+04 7.069002353068007704e-40
2.949158205888812881e+04 6.810732393589528132e-40
3.088171302807155735e+04 6.550549647200829403e-40
3.233736995336083783e+04 6.307334224892486192e-40
3.386164150123341824e+04 6.089577358679894796e-40
3.545776192719967366e+04 5.880842644947443127e-40
3.712911793836619472e+04 5.686666003556616724e-40
3.887925587947509484e+04 5.488315761007477243e-40
4.071188925766907778e+04 5.290595648690572812e-40
4.263090662194762263e+04 5.106178024613883927e-40
4.464037981403367303e+04 4.943311969298635768e-40
4.674457260815665359e+04 4.794370381049847528e-40
4.894794975808673189e+04 4.650720789191652516e-40
5.125518647061310185e+04 4.504372388241528184e-40
5.367117832557035581e+04 4.368592157523931341e-40
5.620105166345919133e+04 4.250586718998066754e-40
5.885017446270578512e+04 4.129498648489052457e-40
6.162416772963530093e+04 4.020574986188025164e-40
6.452891742533032084e+04 3.919447285050403321e-40
6.757058695467986399e+04 3.824598048679410455e-40
7.075563024411919469e+04 3.733138105892105766e-40
7.409080543580742960e+04 3.619006133931148201e-40
7.758318922730426129e+04 3.531675511430656609e-40
8.124019188716630742e+04 3.450983954526302532e-40
8.506957297832815675e+04 3.381240380313698418e-40
8.907945782262877037e+04 3.315973037728654836e-40
9.327835474141906889e+04 3.254199951139694357e-40
9.767517310882994207e+04 3.195366127223986454e-40
1.022792422560127452e+05 3.139459493806258975e-40
1.071003312664562254e+05 3.086136439491916134e-40
1.121486697043880267e+05 3.035875888560011008e-40
1.174349693202408816e+05 2.992973746780407354e-40
1.229704467792396317e+05 2.958390792718769429e-40
1.287668474613327271e+05 2.931595111286064546e-40
1.348364703829748614e+05 2.908661779561567874e-40
1.411921942936311534e+05 2.898513491424665965e-40
1.478475050023825897e+05 2.869256624510461157e-40
1.548165239926124632e+05 2.790453657524273949e-40
1.621140383854904794e+05 2.662364103954732283e-40
1.697555323158285464e+05 2.488337935080638330e-40
1.777572197868922376e+05 2.274384346201725119e-40
1.861360790738673531e+05 2.029189688844234585e-40
1.949098887489904300e+05 1.763178127411728441e-40
2.040972654047778633e+05 1.469409483479858333e-40
2.137177031553986017e+05 9.926351309924592339e-41
2.237916150000001071e+05 6.636119909767763432e-41
