5.109905999999998913e-04 2.340525625084442779e-36
5.351002010137972378e-04 2.898574476904656351e-36
5.603473432290259236e-04 3.558924562353917805e-36
5.867856982093193948e-04 4.320985180507905574e-36
6.144714698544901732e-04 5.128859085508151358e-36
6.434635138814318077e-04 5.931430466987796971e-36
6.738234629423682943e-04 6.668682070943195556e-36
7.056158576464495588e-04 7.309673820373557760e-36
7.389082837632202040e-04 7.844447843426516755e-36
7.737715158996244817e-04 8.358198496720536746e-36
8.102796679560048641e-04 8.868792556218061201e-36
8.485103506809148818e-04 9.387953550671923909e-36
8.885448366597050677e-04 9.945096957262121951e-36
9.304682330876142557e-04 1.053919956584139224e-35
9.743696626946457898e-04 1.109232247042558297e-35
1.020342453206870724e-03 1.158426731672854428e-35
1.068484335746895534e-03 1.200768429316253818e-35
1.118897652595286177e-03 1.242600042746068924e-35
1.171689574754610939e-03 1.285947294428907209e-35
1.226972329778595492e-03 1.328567379190256429e-35
1.284863440350749375e-03 1.372776068640718352e-35
1.345485974119612228e-03 1.420693896001385043e-35
1.408968805321758524e-03 1.457527995760203805e-35
1.475446888748722018e-03 1.482727624022502801e-35
1.545061546640237550e-03 1.512635514796402064e-35
1.617960769113715091e-03 1.545928020170454679e-35
1.694299528768605529e-03 1.580471000004777505e-35
1.774240110134436789e-03 1.621224966589636810e-35
1.857952454662921199e-03 1.662646597934596599e-35
1.945614521997481288e-03 1.683705200820284123e-35
2.037412668288253025e-03 1.704918550140502720e-35
2.133542042356750476e-03 1.743210659110385816e-35
2.234207000552424199e-03 1.784922706841180531e-35
2.339621541183018166e-03 1.823960720244484319e-35
2.450009759442234748e-03 1.853546787356734451e-35
2.565606323801854043e-03 1.880116727933203384e-35
2.686656974881028274e-03 1.908419173726178292e-35
2.813419047853242799e-03 1.936447747716757876e-35
2.946162019501564859e-03 1.965761999250065206e-35
3.085168081085054147e-03 2.000861650144076252e-35
3.230732738234252856e-03 2.032013227989652510e-35
3.383165439150943952e-03 2.053803396006659434e-35
3.542790232447720015e-03 2.073437456280967104e-35
3.709946456025791338e-03 2.094725252234199177e-35
3.884989458455450403e-03 2.122458318748702816e-35
4.068291354392806689e-03 2.152547271237124743e-35
4.260241815638651786e-03 2.181618997508771297e-35
4.461248899521097488e-03 2.203819977002508872e-35
4.671739916363082043e-03 2.220530245755608232e-35
4.892162337878745194e-03 2.235884786408575375e-35
5.122984748429902820e-03 2.251642589735381585e-35
5.364697841164708068e-03 2.267702619318140681e-35
5.617815461156265046e-03 2.279401564935481414e-35
5.882875697758697259e-03 2.288177097010202743e-35
6.160442028502798560e-03 2.296983369093434216e-35
6.451104516963108645e-03 2.301897631147833804e-35
6.755481067142862263e-03 2.302321531738577268e-35
7.074218737043403045e-03 2.302847490062347364e-35
7.407995114210500984e-03 2.305245433601893561e-35
7.757519756181940028e-03 2.310833237689967982e-35
8.123535698898296312e-03 2.314439714294160025e-35
8.506821036283713361e-03 2.314565870759568453e-35
8.908190574354615809e-03 2.312766925617304857e-35
9.328497563372728507e-03 2.308015241999850555e-35
9.768635511724610074e-03 2.299218900150674622e-35
1.022954008538386368e-02 2.289104975212593866e-35
1.071219109699395565e-02 2.278554451744359491e-35
1.121761458880001817e-02 2.267575010111246158e-35
1.174688501385777288e-02 2.254552838359225234e-35
1.230112752015644594e-02 2.237881081098047299e-35
1.288152034251131839e-02 2.217640975688909953e-35
1.348929730731078351e-02 2.193932297270159609e-35
1.412575045544257543e-02 2.166869860843834847e-35
1.479223278897509250e-02 2.137635912424251942e-35
1.549016114743295008e-02 2.107361485148472479e-35
1.622101921978110622e-02 2.076102324018103083e-35
1.698636069852074715e-02 2.043915417462018244e-35
1.778781258260194245e-02 2.010858784107924949e-35
1.862707863617461476e-02 1.975990393595328703e-35
1.950594301053060545e-02 1.938466093411803785e-35
2.042627403693648286e-02 1.898462470262299352e-35
2.139002819842011557e-02 1.856165875003644292e-35
2.239925428895442674e-02 1.811768930460039584e-35
2.345609776888003123e-02 1.765290814084780326e-35
2.456280532582591491e-02 1.716781709876841084e-35
2.572172965082373391e-02 1.666477530903684266e-35
2.693533443976919156e-02 1.614617553973377673e-35
2.820619963086277993e-02 1.561442553431668712e-35
2.953702688916383379e-02 1.507233577686504518e-35
3.093064534991738293e-02 1.452261324299289527e-35
3.239001763286302599e-02 1.396751827342778081e-35
3.391824614031145602e-02 1.340925294771225116e-35
3.551857965237738973e-02 1.284995436434414624e-35
3.719442023338922348e-02 1.228978077805976937e-35
3.894933046415768180e-02 1.172929742564991153e-35
4.078704101547774713e-02 1.117085190293752580e-35
4.271145857896434250e-02 1.061666890533437741e-35
4.472667417208121832e-02 1.006883640910941557e-35
4.683697183501861483e-02 9.527779739596689556e-36
4.904683773790752266e-02 8.994262947253492873e-36
5.136096971773140146e-02 8.470382276266814172e-36
5.378428726520923658e-02 7.958022525321122488e-36
5.632194198288040937e-02 7.458925415569075326e-36
5.897932853662422870e-02 6.973347715141813142e-36
6.176209612389428616e-02 6.501825579081494880e-36
6.467616048304854204e-02 6.045918615518283753e-36
6.772771646930469958e-02 5.606953959114195189e-36
7.092325122405455928e-02 5.186030345958345662e-36
7.426955796553524891e-02 4.785270725236641805e-36
7.777375043017187295e-02 4.406011745071286485e-36
8.144327799529350875e-02 4.048171314071021008e-36
8.528594151537059742e-02 3.711476944685227125e-36
8.930990990543802299e-02 3.395681109170980761e-36
9.352373750696002519e-02 3.100561880804014188e-36
9.793638227305144495e-02 2.825693561191516319e-36
1.025572248117164326e-01 2.570368224889818274e-36
1.073960883275869721e-01 2.333822523607376381e-36
1.124632595045530203e-01 2.115256795440242305e-36
1.177695103736804000e-01 1.916823419612973442e-36
1.233261212129007217e-01 1.738996479729790830e-36
1.291449045271577112e-01 1.579498348473127303e-36
1.352382301599867886e-01 1.436208414949116231e-36
1.416190515899099500e-01 1.307516570020187555e-36
1.483009334675513546e-01 1.194048195937026225e-36
1.552980804520092961e-01 1.095419897117612735e-36
1.626253674077897948e-01 1.009506941706307422e-36
1.702983710264943384e-01 9.345267110344894244e-37
1.783334029404831378e-01 8.689790243806626521e-37
1.867475443989126960e-01 8.113105166861770984e-37
1.955586825798580619e-01 7.602941250526765122e-37
2.047855486157187932e-01 7.150727683991117344e-37
2.144477574127427733e-01 6.747647242489480441e-37
2.245658493493159769e-01 6.389971023793350032e-37
2.351613339416676052e-01 6.064714174681716781e-37
2.462567355698109528e-01 5.762904316362290751e-37
2.578756413609315512e-01 5.482607095792731117e-37
2.700427513320134976e-01 5.222070641388365551e-37
2.827839308982966204e-01 4.979698355466176140e-37
2.961262658591963803e-01 4.752376229606223045e-37
3.100981199785693976e-01 4.537845375844998027e-37
3.247291952817389360e-01 4.334818085258885515e-37
3.400505951974598373e-01 4.140381347210863454e-37
3.560948906790496471e-01 3.956594220847649858e-37
3.728961894452571535e-01 3.783531469108420019e-37
3.904902084880546576e-01 3.620982863306783759e-37
4.089143500015018362e-01 3.468210677808734671e-37
4.282077808930925267e-01 3.324537069753187792e-37
4.484115160466076166e-01 3.189329830769400108e-37
4.695685055134894981e-01 3.060627312290132649e-37
4.917237258180808257e-01 2.937125532571945003e-37
5.149242755708385300e-01 2.818097263941203782e-37
5.392194755927792738e-01 2.701252426767749614e-37
5.646609737639992632e-01 2.589162100606274511e-37
5.913028548191737732e-01 2.482194627373448126e-37
6.192017553234288041e-01 2.380472182869441916e-37
6.484169840730191758e-01 2.283708522433220363e-37
6.790106481767624880e-01 2.191634265780201088e-37
7.110477850862501059e-01 2.103993917477498374e-37
7.445965008555299747e-01 2.020310016900801412e-37
7.797281149241575005e-01 1.940231179849613656e-37
8.165173117314201701e-01 1.863110347910830715e-37
8.550422994840380930e-01 1.787090871490929889e-37
8.953849764148454904e-01 1.714329241902634372e-37
9.376311048859176100e-01 1.644711463959609167e-37
9.818704937062312510e-01 1.578115537221519026e-37
1.028197189051462290e+00 1.514404531513992288e-37
1.076709674391777227e+00 1.453447901967990416e-37
1.127511079852622666e+00 1.395121184500927859e-37
1.180709401453611918e+00 1.339305706140174288e-37
1.236417730691539152e+00 1.285888309446993705e-37
1.294754494955611568e+00 1.234424939518098747e-37
1.355843709285973864e+00 1.183773921733668361e-37
1.419815240010709356e+00 1.135475977549294585e-37
1.486805080821806513e+00 1.089409608592657410e-37
1.556955641876942131e+00 1.045460155705733577e-37
1.630416052541703520e+00 1.003519386759057363e-37
1.707342478415821097e+00 9.634851106966048968e-38
1.787898453317340319e+00 9.252608160653623098e-38
1.872255226930526817e+00 8.887553324045942084e-38
1.960592128856494698e+00 8.538825129822517889e-38
2.053096949840521379e+00 8.202498619997820701e-38
2.149966340986462665e+00 7.868731331088868820e-38
2.251406231806912128e+00 7.547343985890682157e-38
2.357632267997874287e+00 7.237950206286853898e-38
2.468870269868520761e+00 6.940172205156237526e-38
2.585356712400642909e+00 6.653640724043785621e-38
2.707339227958311056e+00 6.377994968528761146e-38
2.835077132716393056e+00 6.112882541092554380e-38
2.968841977927112463e+00 5.857959371325103790e-38
3.108918127196464098e+00 5.612889643336519593e-38
3.255603360997764817e+00 5.376267902150828787e-38
3.409209509707415098e+00 5.145239744616409279e-38
3.570063116508575884e+00 4.925205248033286968e-38
3.738506131572049362e+00 4.715589362768080950e-38
3.914896638990066347e+00 4.515850537524920519e-38
4.099609618008279277e+00 4.325478544205411992e-38
4.293037740174334260e+00 4.143992458416611575e-38
4.495592204097500044e+00 3.970938783588636056e-38
4.707703609594051208e+00 3.805889707651209025e-38
4.929822873076639134e+00 3.648441482120437865e-38
5.162422186133604818e+00 3.497117791412001283e-38
5.405996019336121172e+00 3.348907148479983317e-38
5.661062173407004572e+00 3.206582971217707512e-38
5.928162879985833023e+00 3.069930950383293510e-38
6.207865954330563873e+00 2.938744044245815603e-38
6.500766002405908850e+00 2.812822213871131908e-38
6.807485684924649227e+00 2.691972171887951132e-38
7.128677041029176209e+00 2.576007143820575501e-38
7.465022874426961330e+00 2.464746641135957462e-38
7.817238204926779233e+00 2.358016245210584042e-38
8.186071788461569909e+00 2.255337019074632219e-38
8.572307708829001172e+00 2.155959077105931842e-38
8.976767044533749740e+00 2.061154943663569878e-38
9.400309614274773296e+00 1.970704649423781554e-38
9.843835804788497512e+00 1.884399340472444577e-38
1.030828848493327676e+01 1.802040684576755277e-38
1.079465501008433748e+01 1.723440311112790734e-38
1.130396932110046038e+01 1.648419282624077137e-38
1.183731414232406642e+01 1.576807596114567923e-38
1.239582328328753391e+01 1.508443712300715600e-38
1.298068404901902539e+01 1.442920887401562082e-38
1.359313976407132607e+01 1.379595473264178016e-38
1.423449241563976919e+01 1.319024284851995568e-38
1.490610542138780126e+01 1.261088714812652918e-38
1.560940652786461769e+01 1.205675209209296929e-38
1.634589084567591755e+01 1.152675054624093270e-38
1.711712402786032428e+01 1.101984174127350597e-38
1.792474559822851532e+01 1.053502931747111479e-38
1.877047243674006438e+01 1.007135945089556741e-38
1.965610242932754304e+01 9.627919057740884622e-39
2.058351828992734056e+01 9.202689799566566723e-39
2.155469156284143395e+01 8.792820242803013259e-39
2.257168681393916643e+01 8.400645895352155032e-39
2.363666601960840907e+01 8.025429942090943788e-39
2.475189316278702378e+01 7.666465043610941495e-39
2.591973904584425625e+01 7.323072204922515708e-39
2.714268633054388502e+01 6.994599685985269532e-39
2.842333481580378418e+01 6.680421952550236500e-39
2.976440696447074075e+01 6.379938665860645958e-39
3.116875369085995828e+01 6.092573709806293013e-39
3.263936042136329263e+01 5.817573085231749701e-39
3.417935344100901318e+01 5.554233063340983344e-39
3.579200653946582378e+01 5.303372256656810271e-39
3.748074797061881469e+01 5.064374190726226070e-39
3.924916774051338564e+01 4.836654151360446412e-39
4.110102523915896455e+01 4.619657475315340273e-39
4.304025723241698387e+01 4.412857937208445956e-39
4.507098623096363355e+01 4.215756227001538715e-39
4.719752925411691535e+01 4.027878512728997484e-39
4.942440700715925317e+01 3.848775083480022746e-39
5.175635349166622490e+01 3.677392419190402261e-39
5.419832606926961205e+01 3.512281240290286135e-39
5.675551600025035270e+01 3.353893650286743318e-39
5.943335947936364505e+01 3.201990567992695132e-39
6.223754919235839367e+01 3.056340092538957188e-39
6.517404641775623020e+01 2.916717306452476189e-39
6.824909369961771688e+01 2.782904086880135297e-39
7.146922811823718291e+01 2.654688924358352741e-39
7.484129518697542949e+01 2.531866748569207446e-39
7.837246340477388173e+01 2.414238760562153124e-39
8.207023949528803541e+01 2.301795188439014441e-39
8.594248436503363564e+01 2.194729132789640939e-39
8.999742981447130319e+01 2.093159510008708085e-39
9.424369603755657465e+01 1.996781667808112513e-39
9.869030994695339132e+01 1.905309276233861944e-39
1.033467243638704360e+02 1.818473130337230461e-39
1.082228381133126760e+02 1.736020037696393290e-39
1.133290170674709003e+02 1.657711784314044291e-39
1.186761161819802624e+02 1.583324172945075742e-39
1.242755025718953164e+02 1.512646128388516270e-39
1.301390796764398488e+02 1.445087378306858687e-39
1.362793125638976619e+02 1.379898277082323160e-39
1.427092544304409500e+02 1.317290438380630874e-39
1.494425743492307106e+02 1.257179593070549620e-39
1.564935863287751658e+02 1.199483593694762577e-39
1.638772797423234522e+02 1.144122360537428184e-39
1.716093511929798296e+02 1.091017831725159745e-39
1.797062378822834319e+02 1.040093916963982985e-39
1.881851525531844231e+02 9.912764545405902209e-40
1.970641200817020717e+02 9.444931712397248714e-40
2.063620157950571752e+02 8.996374832877796999e-40
2.160986055977303977e+02 8.566350000362528284e-40
2.262945879907511539e+02 8.156568939719402272e-40
2.369716380735482062e+02 7.766094464235821091e-40
2.481524536218950630e+02 7.394032090407334885e-40
2.598608033399111150e+02 7.039528114928785396e-40
2.721215773886900138e+02 6.701767777995075894e-40
2.849608402989790079e+02 6.379973508998869270e-40
2.984058863803843451e+02 6.073403250896506878e-40
3.124852977448975366e+02 5.781348859684299268e-40
3.272290050680986724e+02 5.501986335671994082e-40
3.426683512171939583e+02 5.233636623090328771e-40
3.588361578811562822e+02 4.978278870035903199e-40
3.757667953446213005e+02 4.735288674363726889e-40
3.934962555538537572e+02 4.504071583996889380e-40
4.120622286301233430e+02 4.284061646802799995e-40
4.315041829931354300e+02 4.074720032411270719e-40
4.518634492648610035e+02 3.875533722274838418e-40
4.731833081321166219e+02 3.686014264468643293e-40
4.955090823546830734e+02 3.505696589913164287e-40
5.188882331145678108e+02 3.332236797228525398e-40
5.433704609112176058e+02 3.163469846972253150e-40
5.690078112171768225e+02 3.001988257764010729e-40
5.958547851188100140e+02 2.847553133536990893e-40
6.239684551772731993e+02 2.699930219781180736e-40
6.534085867560532961e+02 2.558889814865503341e-40
6.842377650729875995e+02 2.424206703735675423e-40
7.165215282468732312e+02 2.295660110988817943e-40
7.503285066214828021e+02 2.173033670507871824e-40
7.857305686631757453e+02 2.056115409022287481e-40
8.228029737422765493e+02 1.943208479762748561e-40
8.616245321229838510e+02 1.833123260148222596e-40
9.022777725019349191e+02 1.728894662766664152e-40
9.448491174516050251e+02 1.630234506132558209e-40
9.894290671414743201e+02 1.536868182377621611e-40
1.036112391727553131e+03 1.448365102067943201e-40
1.084998332819232701e+03 1.362298772491966997e-40
1.136190814451783808e+03 1.280830424867868877e-40
1.189798664012958625e+03 1.204814477808651489e-40
1.245935843593367508e+03 1.132263831953433891e-40
1.304721692252470575e+03 1.060352991650920422e-40
1.366281179715163944e+03 9.886084291414552671e-41
1.430745172038295095e+03 9.200029098743246053e-41
1.498250709811904244e+03 8.555120804416476859e-41
1.568941299486553362e+03 7.971199013637504264e-41
1.642967218446100333e+03 7.398817103551529638e-41
1.720485834474424337e+03 6.876999242395347266e-41
1.801661940295289696e+03 6.378513952275825358e-41
1.886668103896467983e+03 5.894400637245929464e-41
1.975685035382879278e+03 5.443520045916883887e-41
2.068901971138664521e+03 4.967390400910245959e-41
2.166517076114789234e+03 4.469800675651560148e-41
2.268737865097414669e+03 4.019637297956655211e-41
2.375781643852623802e+03 3.610002226631297251e-41
2.487875971085235960e+03 3.230788689895391947e-41
2.605259142193823664e+03 2.879339471491637568e-41
2.728180695850269331e+03 2.548724658099453729e-41
2.856901944480855491e+03 2.250317553314793788e-41
2.991696529776507759e+03 1.979863732026207025e-41
3.132851004413168084e+03 1.726391622476435770e-41
3.280665441218999604e+03 1.489591873585502669e-41
3.435454071083316194e+03 1.247872519717721430e-41
3.597545950963381074e+03 1.025798670006369267e-41
3.767285663409220888e+03 8.264786062171233905e-42
3.945034049093405429e+03 6.499061112778786926e-42
4.131168973903155347e+03 4.953509270470484298e-42
4.326086132225404981e+03 3.646232034671270500e-42
4.530199888132604428e+03 2.564928033422552402e-42
4.743944156257358372e+03 1.710176611057720829e-42
4.967773324228544880e+03 1.073147564604269470e-42
5.202163218629993025e+03 6.186690609377459891e-43
5.447612116535010500e+03 3.164195510397797697e-43
5.704641804767208669e+03 1.446655410873011154e-43
5.973798689139568523e+03 6.055788939061248807e-44
6.255654956029598907e+03 2.473862500615995665e-44
6.550809788760104311e+03 9.472389536841047758e-45
6.859890641371248421e+03 2.377362389989202508e-45
7.183554572491975705e+03 3.445256223546707032e-46
7.522489642146141705e+03 0.000000000000000000e+00
7.877416374462865861e+03 0.000000000000000000e+00
8.249089289400732014e+03 0.000000000000000000e+00
8.638298506741803067e+03 0.000000000000000000e+00
9.045871425765402819e+03 0.000000000000000000e+00
9.472674484172561279e+03 0.000000000000000000e+00
9.919615000000001601e+03 0.000000000000000000e+00
