5.109905999999998913e-04 5.784080591735744907e-33
5.350770011947983970e-04 6.989806853203609867e-33
5.602987554127577185e-04 8.280692242347646972e-33
5.867093794277942337e-04 9.598065695834869634e-33
6.143649126169549359e-04 1.097311166193889342e-32
6.433240358675573192e-04 1.228198567640733139e-32
6.736481960892187542e-04 1.327411760938868914e-32
7.054017365949681031e-04 1.408184952410509472e-32
7.386520336280922965e-04 1.478672335051101287e-32
7.734696393244006474e-04 1.539179227326331830e-32
8.099284314132640687e-04 1.587515169586691744e-32
8.481057699750569516e-04 1.621131791629925598e-32
8.880826615876281048e-04 1.644469075558016897e-32
9.299439312100908324e-04 1.659413146982942549e-32
9.737784021686452960e-04 1.665684053914039294e-32
1.019679084626334050e-03 1.666819041547915499e-32
1.067743372936636988e-03 1.667349044891764932e-32
1.118073252299660791e-03 1.662204539389055003e-32
1.170775515159413593e-03 1.650636020748323612e-32
1.225961987801330120e-03 1.637098598652831818e-32
1.283749767630852374e-03 1.620820750707211479e-32
1.344261471636536056e-03 1.600514918977152362e-32
1.407625496564875395e-03 1.577571920452045342e-32
1.473976291358927758e-03 1.552587977431594014e-32
1.543454642438756583e-03 1.525772416869315251e-32
1.616207972429081416e-03 1.497590577027118655e-32
1.692390652967937963e-03 1.468514256102619984e-32
1.772164332260106265e-03 1.438571121905000383e-32
1.855698278070320919e-03 1.407653006183377619e-32
1.943169736884041649e-03 1.375365166358111478e-32
2.034764309997872094e-03 1.340972229850372159e-32
2.130676347337631064e-03 1.304145911274942973e-32
2.231109359839704692e-03 1.267238596749383080e-32
2.336276451270680090e-03 1.231172107264661625e-32
2.446400770401534717e-03 1.196713760604246333e-32
2.561715984495794348e-03 1.162146475600968718e-32
2.682466775116395218e-03 1.126251201479185063e-32
2.808909357303169749e-03 1.089195405999404202e-32
2.941312023222717332e-03 1.051491782673670382e-32
3.079955711444040505e-03 1.014057545696025518e-32
3.225134603048019234e-03 9.775451795599944630e-33
3.377156745835463349e-03 9.423011081882792400e-33
3.536344707958275196e-03 9.081362926275429486e-33
3.703036262360617434e-03 8.747984193281811905e-33
3.877585103482361802e-03 8.418639881731343894e-33
4.060361597745564162e-03 8.091067302822627094e-33
4.251753569416379108e-03 7.767748425019073296e-33
4.452167123509896685e-03 7.470257540618706799e-33
4.662027507483988004e-03 7.185795268740733799e-33
4.881780013550534453e-03 6.887019073746635352e-33
5.111890923518593206e-03 6.598632963848423726e-33
5.352848498174410038e-03 6.330433722440867172e-33
5.605164013297389385e-03 6.070138720090277520e-33
5.869372844510586766e-03 5.815442561920082260e-33
6.146035603267279226e-03 5.565742624967444031e-33
6.435739326384320828e-03 5.324942346176893840e-33
6.739098721646063009e-03 5.094817944411739222e-33
7.056757472121943410e-03 4.876242210409181514e-33
7.389389601965273315e-03 4.666516100456312527e-33
7.737700906591244050e-03 4.461956619654212220e-33
8.102430450268784806e-03 4.261695574084506139e-33
8.484352134303922710e-03 4.066191826928312403e-33
8.884276339142120615e-03 3.878550984720126701e-33
9.303051643873808119e-03 3.699268880123553452e-33
9.741566626791847705e-03 3.528330955761054676e-33
1.020075175082106773e-02 3.361487402026468623e-33
1.068158133782094385e-02 3.197506068942480364e-33
1.118507563595015977e-02 3.036808491918231911e-33
1.171230298447998447e-02 2.881772313952542724e-33
1.226438208064969948e-02 2.734848866009476478e-33
1.284248435337414194e-02 2.595612269591489226e-33
1.344783644883987273e-02 2.463627614873524040e-33
1.408172283326414830e-02 2.338527691871388142e-33
1.474548851833928399e-02 2.219167062263583454e-33
1.544054191514543720e-02 2.104376112510220064e-33
1.616835782258737447e-02 1.994096026368979227e-33
1.693048055669617649e-02 1.888268779344449582e-33
1.772852722743594941e-02 1.786827971969451451e-33
1.856419116996821730e-02 1.690360639709108127e-33
1.943924553765480692e-02 1.599468819038911278e-33
2.035554706442290959e-02 1.513812150486047757e-33
2.131504000447560776e-02 1.433050809715056142e-33
2.231976025770724195e-02 1.356904244400002801e-33
2.337183968957713340e-02 1.285042774341081423e-33
2.447351065460793423e-02 1.217152565080750857e-33
2.562711073310656659e-02 1.153004706384970938e-33
2.683508769115849554e-02 1.092385826344319957e-33
2.810000467441971586e-02 1.035095042338216881e-33
2.942454564672681086e-02 9.808604728898356391e-34
3.081152108506507101e-02 9.294187940289240735e-34
3.226387394297844380e-02 8.806309293645949612e-34
3.378468589507498815e-02 8.343502158210166129e-34
3.537718387587742569e-02 7.904684087853038079e-34
3.704474692689350285e-02 7.489450526475722459e-34
3.879091336643453874e-02 7.097446022461372309e-34
4.061938829739532297e-02 6.727276424420131936e-34
4.253405146892602628e-02 6.377640568044853907e-34
4.453896550867697535e-02 6.047323192568690129e-34
4.663838454308442960e-02 5.735790302718821211e-34
4.883676322398779190e-02 5.442595472967015072e-34
5.113876618073170954e-02 5.166520939139689205e-34
5.354927791780886293e-02 4.906314527057333502e-34
5.607341317904479538e-02 4.661060418602673625e-34
5.871652780031605401e-02 4.429837414496962087e-34
6.148423007382940175e-02 4.211794885955406413e-34
6.438239264807547879e-02 4.006078081169598493e-34
6.741716498870677088e-02 3.811904987782095119e-34
7.059498642678009583e-02 3.628548740330280337e-34
7.392259982204955893e-02 3.454759163978023814e-34
7.740706587030254937e-02 3.289315164678382353e-34
8.105577808509534243e-02 3.131812758615890807e-34
8.487647848567836384e-02 2.981777822233856326e-34
8.887727402439811464e-02 2.838950094836284900e-34
9.306665378843231862e-02 2.703682482721205089e-34
9.745350701235774848e-02 2.576358356425699047e-34
1.020471419397707968e-01 2.456427176929325998e-34
1.068573055739822086e-01 2.343384161614179203e-34
1.118942043596939384e-01 2.236767499001678065e-34
1.171685258395418205e-01 2.135759855106520627e-34
1.226914613314555869e-01 2.039554173104348581e-34
1.284747296749545464e-01 1.947901311585557958e-34
1.345306020967648730e-01 1.860500054413271530e-34
1.408719282485188795e-01 1.777208333011891976e-34
1.475121634717865560e-01 1.697885612593754921e-34
1.544653973482887077e-01 1.622404254918707763e-34
1.617463835958729834e-01 1.550559908431370236e-34
1.693705713736872176e-01 1.482164660153728381e-34
1.773541380629744257e-01 1.417041309546847018e-34
1.857140235930457572e-01 1.354887063425639430e-34
1.944679663852661444e-01 1.295401722078746577e-34
2.036345409913197790e-01 1.238470608105721899e-34
2.132331975056187823e-01 1.183934963674588859e-34
2.232843028354820625e-01 1.131747448005373987e-34
2.338091839166532293e-01 1.081903594331407645e-34
2.448301729658547699e-01 1.034406394537259441e-34
2.563706548663975404e-01 9.891369657084378733e-35
2.684551167873905908e-01 9.459860376878579684e-35
2.811092001418349917e-01 9.048497843521061111e-35
2.943597549938521407e-01 8.657894408556918862e-35
3.082348970304855107e-01 8.288783940574454916e-35
3.227640672189657778e-01 7.939788925593397051e-35
3.379780942760211015e-01 7.609285132610570355e-35
3.539092600817828060e-01 7.296502464799067681e-35
3.705913681770864887e-01 6.997558634657137996e-35
3.880598154895078533e-01 6.708471828748130771e-35
4.063516674403260254e-01 6.429034622325403736e-35
4.255057365917801482e-01 6.159060327214988583e-35
4.455626650014962165e-01 5.898357631148470532e-35
4.665650104588286995e-01 5.647088310675004652e-35
4.885573367860971405e-01 5.405428180139936685e-35
5.115863083963233526e-01 5.173059525274599133e-35
5.357007893081048300e-01 4.949426975769100598e-35
5.609519468277249787e-01 4.734509813590926600e-35
5.873933601184897491e-01 4.528850764182308441e-35
6.150811338876640555e-01 4.333029038719973126e-35
6.440740174322338030e-01 4.146533402467608087e-35
6.744335292960889072e-01 3.968898101194742199e-35
7.062240878031328384e-01 3.799680537050079864e-35
7.395131477432899114e-01 3.638024631134213944e-35
7.743713435014372148e-01 3.483081574356590072e-35
8.108726389329592443e-01 3.334573526707158921e-35
8.490944843039390788e-01 3.192068614053823067e-35
8.891179806289892795e-01 3.055504619237400321e-35
9.310280517554226920e-01 2.924407973783440752e-35
9.749136245589012928e-01 2.798306509068009316e-35
1.020867817632904684e+00 2.677041934871014841e-35
1.068988138872404070e+00 2.560464861187202193e-35
1.119376692370964710e+00 2.448428161123063055e-35
1.172140395070297325e+00 2.340783739678468637e-35
1.227391203621947202e+00 2.237387025744465302e-35
1.285246351942493259e+00 2.138178189582008287e-35
1.345828599966308214e+00 2.043376087024362081e-35
1.409266494123700753e+00 1.952970041504769378e-35
1.475694640097130694e+00 1.866746318862014465e-35
1.545253988434249104e+00 1.784502199513655216e-35
1.618092133623788564e+00 1.706045377287886451e-35
1.694363627268896666e+00 1.631200817217075604e-35
1.774230306022424930e+00 1.559800728628422060e-35
1.857861634979997012e+00 1.491679027984230251e-35
1.945435067259480011e+00 1.426678087851935700e-35
2.037136420529856551e+00 1.364595998588223752e-35
2.133160271288398580e+00 1.305032854101711736e-35
2.233710367722770318e+00 1.247948159272183644e-35
2.339000062034077398e+00 1.193244598034453028e-35
2.449252763138190403e+00 1.140828509229318227e-35
2.564702410705904878e+00 1.090609747307506264e-35
2.685593971547786118e+00 1.042503114454190592e-35
2.812183959396940658e+00 9.964262188475981364e-36
2.944740979192630448e+00 9.522983116164133915e-36
3.083546297019606808e+00 9.100416850643136913e-36
3.228894436912492338e+00 8.696093630365076199e-36
3.381093805791542728e+00 8.309558460040664303e-36
3.540467347855809521e+00 7.940529226516604960e-36
3.707353229822207830e+00 7.588193040669230361e-36
3.882105558464514772e+00 7.251777539315088978e-36
4.065095131974739040e+00 6.930548610783732625e-36
4.256710226741190262e+00 6.623829535314283482e-36
4.457357421212653215e+00 6.330971471817217454e-36
4.667462458596785879e+00 6.051337731027424260e-36
4.887471150223251293e+00 5.784322509853852543e-36
5.117850321488399246e+00 5.529250237248756350e-36
5.359088802388636275e+00 5.285127606632917169e-36
5.611698464744228509e+00 5.051776146795524873e-36
5.876215308314477248e+00 4.828719036140262862e-36
6.153200598108605313e+00 4.615500906910884079e-36
6.443242055305902660e+00 4.411686854843186883e-36
6.746955104311680884e+00 4.216870813122143185e-36
7.064984178595529407e+00 4.030662529181246458e-36
7.398004088082224428e+00 3.852680750298575162e-36
7.746721450997141822e+00 3.682561331626823196e-36
8.111876193203876539e+00 3.519835240976655012e-36
8.494243118215896615e+00 3.363865573935661906e-36
8.894633551213097178e+00 3.214564698208357824e-36
9.313897060552092100e+00 3.071659670004838933e-36
9.752923260422534213e+00 2.934888619887704680e-36
1.021264369847484588e+01 2.804000264248722569e-36
1.069403383242447525e+01 2.678758599493378831e-36
1.119811509982649333e+01 2.558935716792256224e-36
1.172595708541283877e+01 2.444308149310278209e-36
1.227867979059026560e+01 2.334661575343846721e-36
1.285745600991529436e+01 2.229978287605353588e-36
1.346351381958788984e+01 2.130088103145629041e-36
1.409813918324490345e+01 2.034865804301767416e-36
1.476267868058152111e+01 1.944082257269911033e-36
1.545854236459135045e+01 1.857521039708336855e-36
1.618720675348681581e+01 1.774977601902781821e-36
1.695021796364927980e+01 1.696260591972530685e-36
1.774919499025549641e+01 1.621188385702672565e-36
1.858583314254246943e+01 1.549587136934907540e-36
1.946190764099874215e+01 1.481287998829552155e-36
2.037927738411573486e+01 1.415870581094700686e-36
2.133988889269124911e+01 1.353007785653001677e-36
2.234578044005390751e+01 1.292675235161539336e-36
2.339908637697335436e+01 1.234783181972592844e-36
2.450204166043162246e+01 1.179244810814938798e-36
2.565698659586651331e+01 1.125976124359895710e-36
2.686637180294780336e+01 1.074898094721765178e-36
2.813276341542450254e+01 1.025933577560039783e-36
2.945884852607477455e+01 9.790058504067491054e-37
3.084744088831363129e+01 9.340526135737983399e-37
3.230148688655457079e+01 8.912624078173012805e-37
3.382407178799520864e+01 8.505979830263342493e-37
3.541842628909040513e+01 8.119797161571140589e-37
3.708793337060503603e+01 7.752965106880877849e-37
3.883613547579124514e+01 7.404438190733016781e-37
4.066674202692043139e+01 7.073232216884643456e-37
4.258363729612068482e+01 6.758413663493675700e-37
4.459088864721818624e+01 6.459104912672257474e-37
4.669275516607294918e+01 6.174484827862048004e-37
4.889369669771855342e+01 5.903643487438532578e-37
5.119838330948415006e+01 5.644307320752254260e-37
5.361170520017505225e+01 5.395381386808548370e-37
5.613878307634089992e+01 5.156682089159518332e-37
5.878497901764486500e+01 4.927823754623007017e-37
6.155590785439222401e+01 4.708434359383891680e-37
6.445744908135590379e+01 4.498155027237772398e-37
6.749575933318219256e+01 4.296646294323202589e-37
7.067728544784384326e+01 4.103578663834354778e-37
7.400877814586219472e+01 3.918628240737922843e-37
7.749730635432260328e+01 3.741565415392449595e-37
8.115027220607483116e+01 3.572642747472100708e-37
8.497542674594829748e+01 3.411491770600401646e-37
8.898088637730369044e+01 3.257842968826708775e-37
9.317515008382306974e+01 3.111336292854825019e-37
9.756711746307519206e+01 2.971629579216030251e-37
1.021661076101262609e+02 2.838397625811637664e-37
1.069818788912582335e+02 2.711331808942432704e-37
1.120246496497579898e+02 2.590138598292778331e-37
1.173051198877051178e+02 2.474538493249813992e-37
1.228344939697709464e+02 2.364209513736689976e-37
1.286245043971954090e+02 2.258649111080446120e-37
1.346874367023944501e+02 2.157577953747844048e-37
1.410361555170125030e+02 2.060864301794995164e-37
1.476841318687392857e+02 1.968328001097333200e-37
1.546454717648079509e+02 1.879796058305102811e-37
1.619349461228214864e+02 1.795102363713859646e-37
1.695680221124237335e+02 1.714088029014717807e-37
1.775608959743073001e+02 1.636600319245543421e-37
1.859305273862063359e+02 1.562492067753964966e-37
1.946946754487823057e+02 1.491667726970285091e-37
2.038719363677709282e+02 1.424125644824400880e-37
2.134817829123344666e+02 1.359697849794557798e-37
2.235446057333559793e+02 1.298260979622764085e-37
2.340817566293343646e+02 1.239672699428378435e-37
2.451155938516970707e+02 1.183797641234124735e-37
2.566695295456479471e+02 1.130507051923649174e-37
2.687680794272241087e+02 1.079678763302490595e-37
2.814369148019642921e+02 1.031196466183960463e-37
2.947029170355597785e+02 9.849492436588327454e-38
3.085942345920785215e+02 9.407983524819425371e-38
3.231403427607735921e+02 8.985755067566282642e-38
3.383721061982240030e+02 8.581862222216787344e-38
3.543218444184950044e+02 8.195638315736785828e-38
3.710234003702972814e+02 7.826333050097290469e-38
3.885122122466353289e+02 7.473227031645614040e-38
4.068253886793356173e+02 7.135630538448282479e-38
4.260017874779829299e+02 6.812884588104950401e-38
4.460820980803623570e+02 6.504356745455415005e-38
4.671089278893271057e+02 6.209438810957060088e-38
4.891268926793150058e+02 5.927912435699169388e-38
5.121827112643131841e+02 5.659712582145462122e-38
5.363253046281668048e+02 5.404151587979165898e-38
5.616058997275616775e+02 5.160650067432026200e-38
5.880781381879237415e+02 4.928616462346053626e-38
6.157981901229002233e+02 4.707489473334809519e-38
6.448248733188936512e+02 4.496736441755027369e-38
6.752197780375799994e+02 4.295853714822815165e-38
7.070473977011814668e+02 4.104362629234394854e-38
7.403752657378328195e+02 3.921807147620500668e-38
7.752740988773593926e+02 3.747473168172955816e-38
8.118179472015680176e+02 3.580700021460075079e-38
8.500843512673849318e+02 3.421157840752502251e-38
8.901545066362834859e+02 3.268551445044677468e-38
9.321134361590573008e+02 3.122586976771910950e-38
9.760501703815433530e+02 2.982982845493935460e-38
1.022057936454073456e+03 2.849469213764215950e-38
1.070234355945469360e+03 2.721789262872209731e-38
1.120681651981364894e+03 2.599696321262290343e-38
1.173506866146306720e+03 2.482953047504132130e-38
1.228822085609935357e+03 2.371404889457628913e-38
1.286744680959104471e+03 2.264872648683107037e-38
1.347397555240656175e+03 2.163132057711350502e-38
1.410909404743203595e+03 2.065965377288363526e-38
1.477414992071345750e+03 1.973166654576265441e-38
1.547055432091650800e+03 1.884539262170233298e-38
1.619978491357227540e+03 1.799895475453166122e-38
1.696338901646132399e+03 1.719057779407818063e-38
1.776298688278985310e+03 1.641856137908445634e-38
1.860027513912339145e+03 1.568126460359440896e-38
1.947703038537361863e+03 1.497702883728772065e-38
2.039511296447663881e+03 1.430433644753070566e-38
2.135647090976097388e+03 1.366187098783159012e-38
2.236314407838199259e+03 1.304818572492864897e-38
2.341726847959207134e+03 1.246199917566648824e-38
2.452108080703170799e+03 1.190208735379692862e-38
2.567692318465709832e+03 1.136728113826526106e-38
2.688724813637575608e+03 1.085648078779941131e-38
2.815462378993343009e+03 1.036863012722747806e-38
2.948173932609587609e+03 9.902797403076106872e-39
3.087141068468602498e+03 9.459344084945772403e-39
3.232658653958580999e+03 9.037575138273866938e-39
3.385035455537869893e+03 8.636448352444632626e-39
3.544594793891069003e+03 8.254773709505665130e-39
3.711675229966911047e+03 7.891539811771076085e-39
3.886631283353758135e+03 7.545793457961205889e-39
4.069834184516940240e+03 7.216635930891358648e-39
4.261672662493987445e+03 6.903236687915439066e-39
4.462553769719321281e+03 6.604806497245881474e-39
4.672903745728307513e+03 6.320367135623766002e-39
4.893168921573598709e+03 6.047363952746037310e-39
5.123816666872510723e+03 5.784958304424802475e-39
5.365336381495224487e+03 5.532905618320579041e-39
5.618240533997715829e+03 5.290726314219517423e-39
5.883065749003139899e+03 5.058084716110996186e-39
6.160373945838588952e+03 4.834655211511816810e-39
6.450753530843587214e+03 4.620121959985307932e-39
6.754820645879881340e+03 4.414196037696144181e-39
7.073220475691950014e+03 4.216591023263003958e-39
7.406628616892166974e+03 4.027194713468348474e-39
7.755752511475229767e+03 3.846672629051439868e-39
8.121332947903927561e+03 3.674747350472431530e-39
8.504145632950863728e+03 3.511107465538019227e-39
8.905002837631835064e+03 3.355206607481011645e-39
9.324755120722784341e+03 3.206659755578497830e-39
9.764293133517903698e+03 3.065102099946552694e-39
1.022454950965775424e+04 2.930187980669778246e-39
1.070650084403788242e+04 2.801607692861921551e-39
1.121116976499636439e+04 2.679061790357618754e-39
1.173962710417775634e+04 2.562208688661481549e-39
1.229299416867671607e+04 2.450613243644795401e-39
1.287244512028340432e+04 2.344026315494210332e-39
1.347920946687838841e+04 2.242341397582960709e-39
1.411457467126362826e+04 2.145194092981433627e-39
1.477988888296537698e+04 2.052376357474981414e-39
1.547656379880464010e+04 1.963689981728500315e-39
1.620607765830599055e+04 1.878946179145474993e-39
1.696997838029968625e+04 1.797983704257817574e-39
1.776988684737317817e+04 1.720642691078878549e-39
1.860750034514008803e+04 1.646820581128495100e-39
1.948459616362560701e+04 1.576513981459705330e-39
2.040303536840879678e+04 1.509560947876100830e-39
2.136476674952455141e+04 1.445920048426416915e-39
2.237183095650282121e+04 1.385276361834667318e-39
2.342636482832072215e+04 1.327477421680161686e-39
2.453060592745378017e+04 1.272379087237608943e-39
2.568689728764731990e+04 1.219845137177474061e-39
2.689769238548252179e+04 1.169766830211856235e-39
2.816556034628458292e+04 1.122034746268799656e-39
2.949319139542116682e+04 1.076441185798099661e-39
3.088340256655629855e+04 1.032727350386526178e-39
3.233914367897316333e+04 9.908220810630871065e-40
3.386350359664679127e+04 9.507904024467294266e-40
3.545971678234991850e+04 9.123962013299193973e-40
3.713117016069689998e+04 8.755715071302807102e-40
3.888141030468955432e+04 8.402512925967864595e-40
4.071415096101150266e+04 8.063734125996407444e-40
4.263328093004133552e+04 7.738970650403167920e-40
4.464287231730257918e+04 7.427769519867561657e-40
4.674718917386067915e+04 7.130731647968809204e-40
4.895069654399777210e+04 6.848594351114157863e-40
5.125806993936667277e+04 6.580655724784140173e-40
5.367420525972413452e+04 6.327719589862078397e-40
5.620422918129472237e+04 6.087293646376343780e-40
5.885351003480743384e+04 5.858794734860526032e-40
6.162766919628809410e+04 5.642303828105373788e-40
6.453259301477350527e+04 5.435025319376986331e-40
6.757444530226083589e+04 5.236990703421277558e-40
7.075968041239026934e+04 5.049767362696551602e-40
7.409505693561513908e+04 4.869084729317225310e-40
7.758765203991394083e+04 4.700669311766037222e-40
8.124487648747878848e+04 4.545919134457688549e-40
8.507449035923910560e+04 4.402654715732756119e-40
8.908461952058903989e+04 4.261717042667644041e-40
9.328377286325117166e+04 4.120013734633435547e-40
9.768086035986807838e+04 3.985912418215170856e-40
1.022852119696255249e+05 3.860466783010824341e-40
1.071065974350239849e+05 3.741590694934057234e-40
1.121552470118064375e+05 3.628920864878730564e-40
1.174418731760218943e+05 3.528252992402329467e-40
1.229776933542920451e+05 3.427620859271198947e-40
1.287744537255047035e+05 3.328882930280797822e-40
1.348444541444430943e+05 3.239866364646779535e-40
1.412005742402271135e+05 3.160851422313327072e-40
1.478563007449536526e+05 3.090702021811329744e-40
1.548257561105151544e+05 3.026301120170405327e-40
1.621237284743237542e+05 2.964536825346112813e-40
1.697657030375137983e+05 2.906467756919255098e-40
1.777678949222151423e+05 2.850973391872240068e-40
1.861472835776059655e+05 2.785133481007599017e-40
1.949216488077527320e+05 2.738280240668323510e-40
2.041096084976868588e+05 2.694023019274677944e-40
2.137306581177554908e+05 2.654802854594846920e-40
2.238052120900843001e+05 2.616855820749549670e-40
2.343546471049130778e+05 2.582591570350079279e-40
2.454013474787251907e+05 2.554952279572339106e-40
2.569687526503992849e+05 2.533750609427281239e-40
2.690814069161814405e+05 2.518792795324659073e-40
2.817650115089929895e+05 2.510302514975445799e-40
2.950464791325906990e+05 2.510888803507488094e-40
3.089539910662749317e+05 2.519459488758205847e-40
3.235170569613357657e+05 2.536031648603916786e-40
3.387665774560990394e+05 2.561095004728650055e-40
3.547349097424381762e+05 2.593731578024297937e-40
3.714559362228806131e+05 2.627574346852184084e-40
3.889651364039680921e+05 2.651493245574654521e-40
4.072996621784455492e+05 2.662992542446702685e-40
4.264984166559941368e+05 2.658469615827924876e-40
4.466021367097932380e+05 2.632031500013147346e-40
4.676534794140358572e+05 2.573390695825263817e-40
4.896971125558395288e+05 2.464112608835469577e-40
5.127798094135772553e+05 2.274826825721492995e-40
5.369505480027567828e+05 1.973398827169281480e-40
5.622606150000001071e+05 1.397647396804080302e-40
