5.109905999999998913e-04 5.773581263747864852e-35
5.350427776295952698e-04 7.370600698194090422e-35
5.602270842038828544e-04 9.076814069213285407e-35
5.865968087001490481e-04 1.079953584395757391e-34
6.142077483922095014e-04 1.273680818687830642e-34
6.431183269151866848e-04 1.474360194664285832e-34
6.733897178875690925e-04 1.636381810521949305e-34
7.050859743521204056e-04 1.780632124724786065e-34
7.382741643095355136e-04 1.920252282394886725e-34
7.730245126316252768e-04 2.047942749303381224e-34
8.094105496543166269e-04 2.160549495888200460e-34
8.475092667648741673e-04 2.257551461332896806e-34
8.874012793125744900e-04 2.356025765483433016e-34
9.291709971875338229e-04 2.461633596123682111e-34
9.729068034286327037e-04 2.558184397097875483e-34
1.018701241238460960e-03 2.650164474492475606e-34
1.066651209801007354e-03 2.748342739163030351e-34
1.116858169316420346e-03 2.845463583768081966e-34
1.169428355686704399e-03 2.938123008209174365e-34
1.224473005306604126e-03 3.026552016973245943e-34
1.282108590435330521e-03 3.111258560804316320e-34
1.342457065647164162e-03 3.192796009254076606e-34
1.405646125882422737e-03 3.264615383954048980e-34
1.471809476644798205e-03 3.327251126108335240e-34
1.541087116916815868e-03 3.394928121581915137e-34
1.613625635392036987e-03 3.469918362376906211e-34
1.689578520650820807e-03 3.552514011487104647e-34
1.769106485935979713e-03 3.631297718002698336e-34
1.852377809215510675e-03 3.700442489863775658e-34
1.939568689251997078e-03 3.754478735624869526e-34
2.030863618432084995e-03 3.799979637011039933e-34
2.126455773144933243e-03 3.845451177032795283e-34
2.226547422535666773e-03 3.899362812457577299e-34
2.331350356498727069e-03 3.960626146922599889e-34
2.441086333816759688e-03 4.016109889337334022e-34
2.555987551393244447e-03 4.058384059847738044e-34
2.676297135571788829e-03 4.082959781322935113e-34
2.802269656581666234e-03 4.110716323373543011e-34
2.934171667198154972e-03 4.148268212341856715e-34
3.072282266757474147e-03 4.197132935094114242e-34
3.216893691719707737e-03 4.248665679454605276e-34
3.368311934029384787e-03 4.293770860084899578e-34
3.526857388582092280e-03 4.319508139890211872e-34
3.692865531167152399e-03 4.330186235185566534e-34
3.866687628320885500e-03 4.346943808876581237e-34
4.048691480592396703e-03 4.365941932319839286e-34
4.239262200794759877e-03 4.382626180805945589e-34
4.438803028888163409e-03 4.391611637243022735e-34
4.647736185219423534e-03 4.392445817943177652e-34
4.866503763923210601e-03 4.387240436654646447e-34
5.095568668375412280e-03 4.379962657874032080e-34
5.335415590678026058e-03 4.373004702495200649e-34
5.586552037248081193e-03 4.364023432537628530e-34
5.849509402680769937e-03 4.350582907104346897e-34
6.124844094158981775e-03 4.328324933547713603e-34
6.413138708788461602e-03 4.300256725083019015e-34
6.715003266349829116e-03 4.268529697118383944e-34
7.031076500075763604e-03 4.233848525255581645e-34
7.362027208184867937e-03 4.197479940149420708e-34
7.708555669031656211e-03 4.161522989601307507e-34
8.071395122867341607e-03 4.117201666782735156e-34
8.451313323346684725e-03 4.060456091949716530e-34
8.849114162063671449e-03 3.997491173730861004e-34
9.265639369553836310e-03 3.931575752690693093e-34
9.701770296362040996e-03 3.866450666082043151e-34
1.015842977794473995e-02 3.799284898021548480e-34
1.063658408735257584e-02 3.728693100523479056e-34
1.113724497982521849e-02 3.654911814311572605e-34
1.166147183362463424e-02 3.578356968632980985e-34
1.221037389163677836e-02 3.499569934369968035e-34
1.278511260848484016e-02 3.418779189066127088e-34
1.338690410812036664e-02 3.336130995294321482e-34
1.401702175709251472e-02 3.251920543166346366e-34
1.467679885894036286e-02 3.166024143584766728e-34
1.536763147540938686e-02 3.078057568609350037e-34
1.609098138046185372e-02 2.988313002556392540e-34
1.684837915333161143e-02 2.897095548283926249e-34
1.764142741716797844e-02 2.804707266597733072e-34
1.847180423012174597e-02 2.711713112642090026e-34
1.934126663604858465e-02 2.618861391994465825e-34
2.025165438234294291e-02 2.526367749886818149e-34
2.120489381276942711e-02 2.434337859493292941e-34
2.220300194352846368e-02 2.343042777115123449e-34
2.324809073118129163e-02 2.252547631413872505e-34
2.434237154146492998e-02 2.162804186732225010e-34
2.548815982845283740e-02 2.074003962507744209e-34
2.668788003396240643e-02 1.986332837182064455e-34
2.794407071757614922e-02 1.899964590901156726e-34
2.925938992813132550e-02 1.814874903001241967e-34
3.063662082804416431e-02 1.730890367054836825e-34
3.207867758236935402e-02 1.648214272917869318e-34
3.358861152505570463e-02 1.566948816491752329e-34
3.516961761544583343e-02 1.487360473001203832e-34
3.682504119868131726e-02 1.409964178713166523e-34
3.855838508431806699e-02 1.335495052300718559e-34
4.037331695813012322e-02 1.263940870532825284e-34
4.227367714278499472e-02 1.195264039850251091e-34
4.426348672381139743e-02 1.129422060500406538e-34
4.634695605805420893e-02 1.066274990459876787e-34
4.852849368261985541e-02 1.005607144825446216e-34
5.081271564316290623e-02 9.474019040009709216e-35
5.320445526125269775e-02 8.915536839758127717e-35
5.570877336148679498e-02 8.381157290574726513e-35
5.833096897999201502e-02 7.869134706482618611e-35
6.107659057697087390e-02 7.376351208006293263e-35
6.395144777701990135e-02 6.903157487214262768e-35
6.696162366206098726e-02 6.449886049757971557e-35
7.011348764289744573e-02 6.016746683237746026e-35
7.341370893663039243e-02 5.605772293288912573e-35
7.686927067845351902e-02 5.220374673833668215e-35
8.048748469768521319e-02 4.859328204055417176e-35
8.427600698930479139e-02 4.520608620269314341e-35
8.824285391372919951e-02 4.203576594733458499e-35
9.239641915910837278e-02 3.906948058044630323e-35
9.674549150203087811e-02 3.629232272418086364e-35
1.012992734042211657e-01 3.369422353313772557e-35
1.060674004845769958e-01 3.126564280266991034e-35
1.110599619077508871e-01 2.899740427471352316e-35
1.162875217324156052e-01 2.688121364957434304e-35
1.217611412643864466e-01 2.490960304499033977e-35
1.274924024618981355e-01 2.307399802075482864e-35
1.334934324425620378e-01 2.136110076193587535e-35
1.397769291438573092e-01 1.976758248430419718e-35
1.463561881914550999e-01 1.829585167657668067e-35
1.532451310322262839e-01 1.695536333028444710e-35
1.604583343914617044e-01 1.573375997443660766e-35
1.680110611166350520e-01 1.461927095319244166e-35
1.759192924729733321e-01 1.360139664415664458e-35
1.841997619591687618e-01 1.267464950342949025e-35
1.928699907147879700e-01 1.183817411481564597e-35
2.019483245942967076e-01 1.108224502473283363e-35
2.114539729861479589e-01 1.039464783580471987e-35
2.214070494590742455e-01 9.770552145329794605e-36
2.318286143215869122e-01 9.202189901725433101e-36
2.427407191847405221e-01 8.680298961103162661e-36
2.541664536224524928e-01 8.200360569860030677e-36
2.661299940281107168e-01 7.758501720546320099e-36
2.786566547708467789e-01 7.351265206475730691e-36
2.917729417597214048e-01 6.975711574929083033e-36
3.055066085291578970e-01 6.629419580373118042e-36
3.198867149643028207e-01 6.309799502557691719e-36
3.349436887905711813e-01 6.012341353627273644e-36
3.507093899574864615e-01 5.736816496865304454e-36
3.672171780530488761e-01 5.479992587884517063e-36
3.845019828912801252e-01 5.236171327203559958e-36
4.026003784222991211e-01 5.004439026365931493e-36
4.215506601213273585e-01 4.784143332547652971e-36
4.413929260203700577e-01 4.574672322112013391e-36
4.621691615540350351e-01 4.375292431031915658e-36
4.839233283990191925e-01 4.185106058319685183e-36
5.067014574952457551e-01 4.003647744254879610e-36
5.305517464454739818e-01 3.829042740333719424e-36
5.555246614994859833e-01 3.662121923828353090e-36
5.816730443386349814e-01 3.502494996452948538e-36
6.090522238867135396e-01 3.349002845511054309e-36
6.377201333837237973e-01 3.201417891277590807e-36
6.677374329702809863e-01 3.059563444943547462e-36
6.991676380420205339e-01 2.923266706255429996e-36
7.320772536456173762e-01 2.792740128416689655e-36
7.665359152007825694e-01 2.668722169506328351e-36
8.026165358460023436e-01 2.550905206088736537e-36
8.403954607198035331e-01 2.438084386059724973e-36
8.799526285039825924e-01 2.330658595577342604e-36
9.213717405706374208e-01 2.228459113027558928e-36
9.647404380908940480e-01 2.131004072463108243e-36
1.010150487480091952e+00 2.038050301639928510e-36
1.057697974571817134e+00 1.949379440918172594e-36
1.107483507931657174e+00 1.864784822703790101e-36
1.159612431740861593e+00 1.784069117458220678e-36
1.214195048700387414e+00 1.707045004606387752e-36
1.271346853426965406e+00 1.633534021684280114e-36
1.331188776835052545e+00 1.562655266226625515e-36
1.393847442021769911e+00 1.494615783697299842e-36
1.459455432196275604e+00 1.429446861444911043e-36
1.528151571220482063e+00 1.367032274881300392e-36
1.600081217354756058e+00 1.307260346263061542e-36
1.675396570830134602e+00 1.250024086363343172e-36
1.754256995897878424e+00 1.195221002650439898e-36
1.836829358037798787e+00 1.142751910474383990e-36
1.923288377038893548e+00 1.092521487121149980e-36
2.013816996699364203e+00 1.044438145518299079e-36
2.108606771928324353e+00 9.981343914814070488e-37
2.207858274068261295e+00 9.539182712932449181e-37
2.311781515295911582e+00 9.117844040182698681e-37
2.420596392999554425e+00 8.716286767057901651e-37
2.534533155073031452e+00 8.333526836484584380e-37
2.653832887110989525e+00 7.968635125160653002e-37
2.778748022536289941e+00 7.620734196947752687e-37
2.909542876738949957e+00 7.288990596688651723e-37
3.046494206356851198e+00 6.972615178813194564e-37
3.189891794881623444e+00 6.670860576335491790e-37
3.340039065828841913e+00 6.381161243263449299e-37
3.497253724769932237e+00 6.103714577480686040e-37
3.661868431584363925e+00 5.838400447685175163e-37
3.834231504354538078e+00 5.584680213709935381e-37
4.014707656392802804e+00 5.342040980233302652e-37
4.203678767960131069e+00 5.109994849256665735e-37
4.401544694309335704e+00 4.888077660517886959e-37
4.608724111762673381e+00 4.675845315318431503e-37
4.825655403614059757e+00 4.472874236330667738e-37
5.052797587730444739e+00 4.278760345065178049e-37
5.290631287815105388e+00 4.092110295370029833e-37
5.539659750388050696e+00 3.913000632685909435e-37
5.800409909635305894e+00 3.741273717124957514e-37
6.073433502380477300e+00 3.576645615599137503e-37
6.359308235537592502e+00 3.418843010495880627e-37
6.658639008515598867e+00 3.267603012646805300e-37
6.972059193161213919e+00 3.122672792936676619e-37
7.300231973948108077e+00 2.983808218074614135e-37
7.643851751248621262e+00 2.850774107264419016e-37
8.003645610656839438e+00 2.723343903250459559e-37
8.380374861472501991e+00 2.600789244395361966e-37
8.774836647600734452e+00 2.483544132237721753e-37
9.187865634276361604e+00 2.371973060390976926e-37
9.620335774182018795e+00 2.265790417831649547e-37
1.007316215669663073e+01 2.164718935286220169e-37
1.054730294418779124e+01 2.068496767233533153e-37
1.104376139944462842e+01 1.976876606030648554e-37
1.156358800854136248e+01 1.889624431687947032e-37
1.210788270362362518e+01 1.806518964950686588e-37
1.267779719032035501e+01 1.727350930472970848e-37
1.327453738470666522e+01 1.651680705489438801e-37
1.389936596497343047e+01 1.579407836935375428e-37
1.455360504320360882e+01 1.510030955994305849e-37
1.523863896290803410e+01 1.443391715330315255e-37
1.595591722824037006e+01 1.379397369496708034e-37
1.670695757108966717e+01 1.317957727715238772e-37
1.749334916253959094e+01 1.258985103902895917e-37
1.831675597549060797e+01 1.202394199623607661e-37
1.917892030555942284e+01 1.148102091322357617e-37
2.008166645770617365e+01 1.096028181484495315e-37
2.102690460639040992e+01 1.045980783741294290e-37
2.201663483742293437e+01 9.979764590116957751e-38
2.305295138006701094e+01 9.522374041447190386e-38
2.413804703834293619e+01 9.087531870208396563e-38
2.527421783091277874e+01 8.674056147334547561e-38
2.646386784936363767e+01 8.280830724255173583e-38
2.770951434516809897e+01 7.906801394467581137e-38
2.901379305608728032e+01 7.550971991215920069e-38
3.037946378328523167e+01 7.212401153186677332e-38
3.180941623095730009e+01 6.890199140820301854e-38
3.330667612082756079e+01 6.583048074625128122e-38
3.487441159445374694e+01 6.290482254567644551e-38
3.651593991688754670e+01 6.011660314216916490e-38
3.823473449587313411e+01 5.745558948245818008e-38
4.003443223143840157e+01 5.491581408551680381e-38
4.191884121142859243e+01 5.249160471527234090e-38
4.389194876926637079e+01 5.017755801540262856e-38
4.595792992098915875e+01 4.796853577023904117e-38
4.812115619941405242e+01 4.585964616597802780e-38
5.038620490412572650e+01 4.384623126959496460e-38
5.275786878685701708e+01 4.192195712821981094e-38
5.524116619275908846e+01 4.008386824505390540e-38
5.784135167901709451e+01 3.832673159705416835e-38
6.056392713328099831e+01 3.663992163769241122e-38
6.341465341543879219e+01 3.502034011042899458e-38
6.639956254736279107e+01 3.346564251176268546e-38
6.952497047642560801e+01 3.197355263499652143e-38
7.279749043978971201e+01 3.054186896111698175e-38
7.622404695775023242e+01 2.916845714471963419e-38
7.981189048574168510e+01 2.785124752213219171e-38
8.356861275600816441e+01 2.658761502870501560e-38
8.750216284140373091e+01 2.537601156908267042e-38
9.162086397530966053e+01 2.421530700436984989e-38
9.593343116326006736e+01 2.310919835230811218e-38
1.004489896235435822e+02 2.205666076928880275e-38
1.051770940957957094e+02 2.105495070088197240e-38
1.101277490584443370e+02 2.010147147065512231e-38
1.153114298977810108e+02 1.919377467958468862e-38
1.207391050734574378e+02 1.832954557235366487e-38
1.264222593273032942e+02 1.750659465839244579e-38
1.323729179845760484e+02 1.672276353680381567e-38
1.386036723990661699e+02 1.597614530563955950e-38
1.451277065958919366e+02 1.526492660260952546e-38
1.519588251683668716e+02 1.458621826789617418e-38
1.591114824879619505e+02 1.393754999195670530e-38
1.666008132891716684e+02 1.331759443651315511e-38
1.744426646940043497e+02 1.272507866653301201e-38
1.826536297438507574e+02 1.215879263157878093e-38
1.912510825096933047e+02 1.161758018800481648e-38
2.002532148549369424e+02 1.110033616288422255e-38
2.096790749286611231e+02 1.060613486559706268e-38
2.195486074707343107e+02 1.013388892704758181e-38
2.298826960140779647e+02 9.682562912596566939e-39
2.407032070733831688e+02 9.251200435157604842e-39
2.520330364137705885e+02 8.838838315897018781e-39
2.638961574973093889e+02 8.444643098604673021e-39
2.763176722098953064e+02 8.067817447643828550e-39
2.893238639758271802e+02 7.707605294217511688e-39
3.029422533724768414e+02 7.363283696464431268e-39
3.172016563627168466e+02 7.034160823863585609e-39
3.321322452683400570e+02 6.719791622867156470e-39
3.477656126134745023e+02 6.419420081357283216e-39
3.641348379730880538e+02 6.132317335190484628e-39
3.812745579680407104e+02 5.857953966633614430e-39
3.992210395547716075e+02 5.596151319373308534e-39
4.180122567647228493e+02 5.346399642007045657e-39
4.376879710558525289e+02 5.108121433381638138e-39
4.582898154462822617e+02 4.880774639059796950e-39
4.798613826080827494e+02 4.663844317943763261e-39
5.024483171076069539e+02 4.456840599756468055e-39
5.260984119875591887e+02 4.259546609270182313e-39
5.508617098951381195e+02 4.071385488503613960e-39
5.767906089702682948e+02 3.891786670331765718e-39
6.039399737179480780e+02 3.720346372034937555e-39
6.323672510993263813e+02 3.556355905624154081e-39
6.621325920871649942e+02 3.399295288892404922e-39
6.932989789428617087e+02 3.248877807762192185e-39
7.259323584843859862e+02 3.104835398418598087e-39
7.601017816270762069e+02 2.966910969474889204e-39
7.958795494926023366e+02 2.834857245528707833e-39
8.333413663952202342e+02 2.708695712482652029e-39
8.725665000290426860e+02 2.588066870698688123e-39
9.136379491952961871e+02 2.472587915224460081e-39
9.566426194244237422e+02 2.362049674450556315e-39
1.001671506864695857e+03 2.256469877652178599e-39
1.048819890826386654e+03 2.156026471248860666e-39
1.098187535388944980e+03 2.060454306798776441e-39
1.149878900497780933e+03 1.969500742821065078e-39
1.204003362997278600e+03 1.882927955619652023e-39
1.260675448067806428e+03 1.800511198924558315e-39
1.320015071556374323e+03 1.722297663054730093e-39
1.382147793713721740e+03 1.647963996074340834e-39
1.447205084874765589e+03 1.577148470178544345e-39
1.515324603644505714e+03 1.509673652142275993e-39
1.586650488178105206e+03 1.445295195279650695e-39
1.661333661171391441e+03 1.383449165067005860e-39
1.739532149207217344e+03 1.323975043582236142e-39
1.821411417133329451e+03 1.266794406751291483e-39
1.907144718179303482e+03 1.211831914830778722e-39
1.996913460553417963e+03 1.159014170237738860e-39
2.090907591295078873e+03 1.108522558709094623e-39
2.189325998195122793e+03 1.060176990085912946e-39
2.292376930634352448e+03 1.013733615302061243e-39
2.400278440230816614e+03 9.691285775699015166e-40
2.513258842228271988e+03 9.263054666139336151e-40
2.631557198601998607e+03 8.853632601850200604e-40
2.755423823904337041e+03 8.462817036862802888e-40
2.885120814920149314e+03 8.089743260361440558e-40
3.020922605253084839e+03 7.733603545166670668e-40
3.163116546016005032e+03 7.393630084803292861e-40
3.312003513854331686e+03 7.071126731633724785e-40
3.467898547588945348e+03 6.762536148334555868e-40
3.631131514825569866e+03 6.471412167012119857e-40
3.802047809941379001e+03 6.203750032273441864e-40
3.981009084925549814e+03 5.959714275119539539e-40
4.168394014620264898e+03 5.727350113264287281e-40
4.364599097981467821e+03 5.499992179448030760e-40
4.570039497054600361e+03 5.275524474760957305e-40
4.785149915440822042e+03 5.057231420662195473e-40
5.010385518112228056e+03 4.847970404887818754e-40
5.246222894522645220e+03 4.645147808438299447e-40
5.493161067051673854e+03 4.454122144833441252e-40
5.751722546915885687e+03 4.269162777453010249e-40
6.022454439781571637e+03 4.087941292388580740e-40
6.305929603418179795e+03 3.911585166168364174e-40
6.602747859842338585e+03 3.741771983901857769e-40
6.913537264517027324e+03 3.582508191811239184e-40
7.238955435291572030e+03 3.431593327022833666e-40
7.579690943894590418e+03 3.286497879830851728e-40
7.936464772923899545e+03 3.144674365458861468e-40
8.310031841416721363e+03 3.002565727754446623e-40
8.701182602227885582e+03 2.870420551608202283e-40
9.110744714596146878e+03 2.747965703193181635e-40
9.539584795437885987e+03 2.629343087193494698e-40
9.988610253073415151e+03 2.510825498359727152e-40
1.045877120726656722e+04 2.397529906180944704e-40
1.095106249963956907e+04 2.284016393406965496e-40
1.146652579871813941e+04 2.172756382380139394e-40
1.200625180405974970e+04 2.067350527430171893e-40
1.257138255413005572e+04 1.967987973792531732e-40
1.316311384281039500e+04 1.865928383500409096e-40
1.378269774964912904e+04 1.761888345861260964e-40
1.443144528921162237e+04 1.653045464323129107e-40
1.511072918513439254e+04 1.538955289663830448e-40
1.582198677475261866e+04 1.422974534081837984e-40
1.656672305044823588e+04 1.302224753492851907e-40
1.734651384415298526e+04 1.178440169515480841e-40
1.816300916174554368e+04 1.048617881336767641e-40
1.901793667439701312e+04 9.125185489520331935e-41
1.991310537425364964e+04 7.727782334273103130e-41
2.085040940219156255e+04 6.331456339034813561e-41
2.183183205574195745e+04 4.969957637514652036e-41
2.285944998566906725e+04 3.682315139672137809e-41
2.393543759007925837e+04 2.500886588153904704e-41
2.506207161536014246e+04 1.511266537192088492e-41
2.624173597368355695e+04 8.598578252986135996e-42
2.747692678726787199e+04 4.985224168332266437e-42
2.877025767007231116e+04 2.828080604116498939e-42
3.012446525809804734e+04 1.263562182062478682e-42
3.154241500000001543e+04 3.781275641027405373e-43
