5.109905999999998913e-04 1.617155437236074438e-34
5.350447851036780689e-04 1.996269082535165498e-34
5.602312881423677235e-04 2.411386571916315460e-34
5.866034114374900832e-04 2.843581958042913182e-34
6.142169664445035291e-04 3.275425691193270593e-34
6.431303918669589162e-04 3.691197664962990507e-34
6.734048773306234659e-04 4.084839336677924633e-34
7.051044928793841335e-04 4.444329586263555872e-34
7.382963245670045053e-04 4.758600418212909251e-34
7.730506164316688997e-04 5.021428569129069941e-34
8.094409191537939047e-04 5.244234366808223797e-34
8.475442457116928426e-04 5.456865339056319569e-34
8.874412343645298341e-04 5.673670518794310025e-34
9.292163193074651955e-04 5.899658007837713560e-34
9.729579093601604034e-04 6.123694313385234807e-34
1.018758575066803455e-03 6.327749786401204270e-34
1.066715244603613603e-03 6.489522819966541516e-34
1.116929408908419290e-03 6.661751262232597189e-34
1.169507336466430857e-03 6.864150841625468501e-34
1.224560298206771747e-03 7.077379841054188882e-34
1.282204802985687387e-03 7.270633674101689426e-34
1.342562844154827472e-03 7.408803657853802492e-34
1.405762157736370477e-03 7.564006388795980844e-34
1.471936492751412667e-03 7.751535458809759305e-34
1.541225894273674010e-03 7.915856098865532859e-34
1.613776999807595147e-03 8.072458505787489531e-34
1.689743349618003229e-03 8.245490499671267650e-34
1.769285711668147805e-03 8.397133479529382852e-34
1.852572421853735350e-03 8.514875439448243922e-34
1.939779740253015118e-03 8.604833224053075813e-34
2.031092224146871170e-03 8.698843293609276928e-34
2.126703118598295868e-03 8.827660904888590450e-34
2.226814765417893267e-03 8.946667090387011487e-34
2.331639031380839701e-03 9.044896605316614379e-34
2.441397756601610455e-03 9.134638177428448594e-34
2.556323224015296432e-03 9.219213089204716700e-34
2.676658650959151328e-03 9.299086207155517704e-34
2.802658703894631356e-03 9.352283236501547405e-34
2.934590037359310032e-03 9.379139766616900328e-34
3.072731858289190574e-03 9.399886111325221359e-34
3.217376516905726212e-03 9.417959610155518547e-34
3.368830125418050252e-03 9.435012071512663979e-34
3.527413205849770899e-03 9.452954462781896482e-34
3.693461368361313987e-03 9.466857006390733786e-34
3.867326021503362816e-03 9.462314756051983768e-34
4.049375115904542063e-03 9.431471188234720165e-34
4.239993922967129868e-03 9.372834264390205941e-34
4.439585850218872101e-03 9.319312333360797223e-34
4.648573295046302088e-03 9.273508042913014285e-34
4.867398538616454599e-03 9.223539875572346854e-34
5.096524681878689643e-03 9.155577362903698022e-34
5.336436625627512427e-03 9.062638751346676658e-34
5.587642096700545444e-03 8.960530790015231583e-34
5.850672722483366874e-03 8.847660142526130773e-34
6.126085155995174107e-03 8.713910540053147456e-34
6.414462253936322605e-03 8.592281597534429546e-34
6.716414310190862123e-03 8.495468777825143887e-34
7.032580347394528156e-03 8.373815444305198567e-34
7.363629469301508253e-03 8.229696504029014585e-34
7.710262276812014128e-03 8.084925433353198893e-34
8.073212350657488906e-03 7.942021903738941399e-34
8.453247803881128869e-03 7.798508827199150220e-34
8.851172907399319778e-03 7.634203866144953495e-34
9.267829792084172555e-03 7.459450402680501646e-34
9.704100230969302937e-03 7.296900928826453096e-34
1.016090750535044926e-02 7.129762554904492566e-34
1.063921835873024753e-02 6.949918035418523168e-34
1.114004504274234211e-02 6.758500687864505724e-34
1.166444745938452661e-02 6.559993899793465558e-34
1.221353540409459912e-02 6.360960270376402380e-34
1.278847091441596626e-02 6.161921051619564380e-34
1.339047072922345052e-02 5.963098471834500459e-34
1.402080886371384789e-02 5.765033601357958012e-34
1.468081930561056410e-02 5.567685475270499392e-34
1.537189883828848740e-02 5.370712171347677847e-34
1.609550999679357566e-02 5.174555676816335257e-34
1.685318416301303038e-02 4.979652181611523102e-34
1.764652480654638894e-02 4.786416352370228896e-34
1.847721087813620003e-02 4.595812744461289407e-34
1.934700036283980989e-02 4.409147727798805846e-34
2.025773400046187653e-02 4.226597040367223999e-34
2.121133918112114852e-02 4.048119010894242916e-34
2.220983402419574732e-02 3.874000273714466427e-34
2.325533164927922128e-02 3.704219280912723350e-34
2.435004464818602346e-02 3.538619244048042206e-34
2.549628976747060974e-02 3.377314866918111622e-34
2.669649281136957791e-02 3.220410152644690902e-34
2.795319377554329049e-02 3.067991956047386134e-34
2.926905222248127672e-02 2.920040019826193743e-34
3.064685290994753272e-02 2.776455607288586542e-34
3.208951168437720186e-02 2.637307667854155778e-34
3.360008165169688088e-02 2.502490791335895879e-34
3.518175963862780337e-02 2.372196075784307535e-34
3.683789295814615672e-02 2.246558062588897228e-34
3.857198649341811447e-02 2.125738350528901581e-34
4.038771011520150139e-02 2.009695844640650002e-34
4.228890644841144797e-02 1.898376382211075717e-34
4.427959900428669882e-02 1.791716926470169438e-34
4.636400069536627394e-02 1.689672595436432340e-34
4.854652275129727607e-02 1.592210975128430051e-34
5.083178405434206348e-02 1.499226098758921427e-34
5.322462091434177617e-02 1.410474586284482062e-34
5.573009730382266769e-02 1.325958563425217663e-34
5.835351557490661006e-02 1.245493392466470713e-34
6.110042768070503283e-02 1.168816968732966593e-34
6.397664692494471617e-02 1.095842977181340209e-34
6.698826026469169304e-02 1.026486174079583783e-34
7.014164119220829552e-02 9.606566093527391647e-35
7.344346322320688403e-02 8.982690073471997814e-35
7.690071402004385048e-02 8.392437506658184554e-35
8.052071017974463119e-02 7.834668418150270806e-35
8.431111271815373842e-02 7.307272034437060032e-35
8.827994328298133242e-02 6.809923694563853020e-35
9.243560113005530599e-02 6.342616277219339006e-35
9.678688089870890465e-02 5.905965478085076489e-35
1.013429912239187936e-01 5.498186960282710551e-35
1.061135742245856717e-01 5.117535310617311043e-35
1.111087259091981388e-01 4.762367931133586838e-35
1.163390175420651457e-01 4.431730035278768391e-35
1.218155180153359940e-01 4.125226521905536215e-35
1.275498172741507952e-01 3.841084086463350685e-35
1.335540508444998664e-01 3.576981721522164123e-35
1.398409255156966569e-01 3.331938870247382302e-35
1.464237462318200289e-01 3.106025836169380702e-35
1.533164442490324575e-01 2.900458334815637187e-35
1.605336066183677690e-01 2.713222037915700307e-35
1.680905070563782910e-01 2.542438249299810578e-35
1.760031382689785651e-01 2.386448333577521423e-35
1.842882457968866294e-01 2.243313183037327941e-35
1.929633634542964604e-01 2.110849547077347013e-35
2.020468504357753325e-01 1.988117723060044873e-35
2.115579301699178350e-01 1.873883329359393956e-35
2.215167310019846847e-01 1.767782384932890298e-35
2.319443287916180263e-01 1.669424274314455582e-35
2.428627915157896555e-01 1.578591776061779962e-35
2.542952259713682772e-01 1.494623677290306204e-35
2.662658266761505077e-01 1.416913924660735334e-35
2.787999270718368727e-01 1.344921784239373792e-35
2.919240531373223924e-01 1.278157577994679535e-35
3.056659795257551937e-01 1.216177991591235394e-35
3.200547883441752783e-01 1.158586771516388269e-35
3.351209307001194460e-01 1.104751412812949747e-35
3.508962911454536204e-01 1.054589345777131301e-35
3.674142551538073231e-01 1.007580105208844812e-35
3.847097797744162273e-01 9.628617453028884588e-36
4.028194676119014606e-01 9.202876183569531521e-36
4.217816442885404249e-01 8.797482582149014799e-36
4.416364395529748799e-01 8.411408790438396143e-36
4.624258722069936045e-01 8.043066634281123145e-36
4.841939390301349677e-01 7.690221680185987324e-36
5.069867078902859925e-01 7.352200512516545715e-36
5.308524152373441662e-01 7.026640460448122075e-36
5.558415681862509672e-01 6.714520720331667585e-36
5.820070514054552779e-01 6.415949653887368744e-36
6.094042390369943663e-01 6.131008130349556766e-36
6.380911118850701724e-01 5.859087394730222994e-36
6.681283801211114204e-01 5.599591493964171877e-36
6.995796117650082691e-01 5.351965440567084489e-36
7.325113672144337729e-01 5.115894919892838195e-36
7.669933401069376488e-01 4.891330072752766502e-36
8.030985048129442028e-01 4.677662053887794900e-36
8.409032708717674165e-01 4.473166650936515568e-36
8.804876446975057336e-01 4.278264511915222530e-36
9.219353988970064862e-01 4.092387993368112176e-36
9.653342495582563076e-01 3.914325254107654081e-36
1.010776041884366760e+00 3.743724032494639356e-36
1.058356944566040791e+00 3.580289295792589406e-36
1.108177653303842991e+00 3.423739685919172635e-36
1.160343603911017096e+00 3.273798682084482071e-36
1.214965195447818891e+00 3.130200243496332173e-36
1.272158023859590648e+00 2.992689713599795904e-36
1.332043126613043915e+00 2.860479609876502552e-36
1.394747238848439874e+00 2.734008384467914942e-36
1.460403061589807594e+00 2.613183447504832751e-36
1.529149542580767962e+00 2.497749905052059249e-36
1.601132170340346050e+00 2.387464795058661301e-36
1.676503282061032385e+00 2.282098217134295329e-36
1.755422386000754509e+00 2.181432482774209745e-36
1.838056499050979786e+00 2.085256378209918804e-36
1.924580500195407717e+00 1.993368344960776590e-36
2.015177500607215233e+00 1.905576108691619244e-36
2.110039231168156171e+00 1.821300948882599032e-36
2.209366448229570956e+00 1.740772431311749516e-36
2.313369358474045345e+00 1.663923037352774764e-36
2.422268063776868985e+00 1.590578437427114551e-36
2.536293027008710954e+00 1.520573003440700155e-36
2.655685559765355030e+00 1.453750249892646583e-36
2.780698333056607296e+00 1.389962317004344480e-36
2.911595912035231049e+00 1.329066694159138142e-36
3.048655315897470519e+00 1.270927826991342058e-36
3.192166604140173281e+00 1.215416815685749309e-36
3.342433490415121167e+00 1.162144997276302548e-36
3.499773985279759358e+00 1.111078156593156125e-36
3.664521069204509818e+00 1.062174834668463913e-36
3.837023397260982627e+00 1.015347361197675817e-36
4.017646036982460700e+00 9.705114438599018656e-37
4.206771240958101288e+00 9.275864577605053083e-37
4.404799255796022273e+00 8.864953234021843408e-37
4.612149169167151008e+00 8.471630211268338770e-37
4.829259796722578990e+00 8.095174196843671791e-37
5.056590610761263704e+00 7.734892033086386749e-37
5.294622712613578308e+00 7.388773342061939134e-37
5.543859850798406264e+00 7.057835056291254969e-37
5.804829487108646546e+00 6.742030947676929591e-37
6.078083912881260709e+00 6.440652755735230328e-37
6.364201417814106421e+00 6.153026584052827896e-37
6.663787513803323570e+00 5.878513051955231194e-37
6.977476216391214514e+00 5.616505776548464464e-37
7.305931386536399508e+00 5.366423135782571268e-37
7.649848135546111649e+00 5.127711273971402396e-37
8.009954296143682484e+00 4.899842876009954434e-37
8.387011962784608698e+00 4.681639000902930700e-37
8.781819104480733884e+00 4.473276984280205200e-37
9.195211253546101915e+00 4.274652648061021606e-37
9.628063273838094460e+00 4.085290404535847038e-37
1.008129121223624125e+01 3.904738693735304776e-37
1.055585423727666239e+01 3.732569933896413063e-37
1.105275666904527831e+01 3.568379367942621629e-37
1.157305010462534867e+01 3.411781123488150118e-37
1.211783564359770260e+01 3.262408900415427142e-37
1.268826621830309698e+01 3.119914988413119409e-37
1.328554903379872876e+01 2.983604691213742534e-37
1.391094812267236769e+01 2.853243405962499679e-37
1.456578702012064319e+01 2.728028146709946694e-37
1.525145156495325338e+01 2.607729872849043748e-37
1.596939283245046148e+01 2.492183889226767249e-37
1.672113020528104599e+01 2.381230195820707096e-37
1.750825458897918452e+01 2.274713471436039278e-37
1.833243177878588170e+01 2.172481837434137643e-37
1.919540598497960815e+01 2.074387519810973987e-37
2.009900352415735725e+01 1.980286801882219717e-37
2.104513668427727424e+01 1.889876841047701776e-37
2.203580777164326676e+01 1.803201252289027273e-37
2.307311334839592831e+01 1.720786178527580772e-37
2.415924866947712957e+01 1.642569549170638140e-37
2.529651232845912645e+01 1.568319456141394302e-37
2.648731112206945326e+01 1.497818061694781590e-37
2.773416514370700625e+01 1.430860713989652544e-37
2.903971311672788502e+01 1.367254700673077762e-37
3.040671797878894367e+01 1.306818709412245963e-37
3.183807272906636854e+01 1.249382105195901030e-37
3.333680655072443244e+01 1.194709451814768999e-37
3.490609122159050060e+01 1.142702479902417422e-37
3.654924782660442872e+01 1.092984256411688865e-37
3.826975378624699431e+01 1.045264120621755339e-37
4.007125021582239555e+01 9.994686524080042867e-38
4.195754963116823433e+01 9.555271034071381162e-38
4.393264401710186462e+01 9.133712890526258218e-38
4.600071327567803081e+01 8.729353778817219541e-38
4.816613407213575471e+01 8.341558504487172752e-38
5.043348909725707330e+01 7.969714054279344001e-38
5.280757676573811921e+01 7.612915388691024957e-38
5.529342137109834709e+01 7.270812783098861756e-38
5.789628371861726919e+01 6.943272206618280896e-38
6.062167225880317289e+01 6.630305969716522851e-38
6.347535474495404628e+01 6.331289869961109996e-38
6.646337043948305734e+01 6.045606965534602656e-38
6.959204289483876948e+01 5.772667935189252395e-38
7.286799333607100948e+01 5.511910213614880705e-38
7.629815467336268853e+01 5.262796432199484512e-38
7.988978617418123918e+01 5.024813201892530293e-38
8.365048882610295777e+01 4.797357992139758374e-38
8.758822142282038214e+01 4.580038871946202055e-38
9.171131740737766336e+01 4.372502336438283758e-38
9.602850250827637524e+01 4.174574256770418440e-38
1.005489132057787316e+02 3.985841133971494215e-38
1.052821160674858163e+02 3.805864177797053173e-38
1.102381279941128156e+02 3.634225966979962256e-38
1.154274374183045921e+02 3.470530235537071342e-38
1.208610265013582961e+02 3.314400247113756007e-38
1.265503943748265954e+02 3.165477749711673083e-38
1.325075814761854360e+02 3.023395671596603912e-38
1.387451950300726367e+02 2.887847428663786054e-38
1.452764357290193686e+02 2.758537876326477001e-38
1.521151256701425893e+02 2.635204338084528144e-38
1.592757376069158965e+02 2.517576214530710090e-38
1.667734255779308512e+02 2.405380915484378287e-38
1.746240569774633400e+02 2.298358879817792784e-38
1.828442461357203399e+02 2.196264082422588846e-38
1.914513894798272702e+02 2.098862655200768683e-38
2.004637023499744828e+02 2.005932212834267724e-38
2.099002575486314015e+02 1.917271025228384535e-38
2.197810257044147022e+02 1.832671687982169791e-38
2.301269175360263830e+02 1.751938163223114022e-38
2.409598281057126599e+02 1.674765130418677455e-38
2.523026831558944423e+02 1.600839029858028115e-38
2.641794876270269583e+02 1.530029096900832254e-38
2.766153764593763071e+02 1.462209815931078280e-38
2.896366677862173447e+02 1.397261253026113635e-38
3.032709186310320320e+02 1.335068092998002861e-38
3.175469832265716263e+02 1.275519409749121459e-38
3.324950740792148736e+02 1.218533005981409803e-38
3.481468259078442884e+02 1.163991146498797142e-38
3.645353625925611709e+02 1.111782689939124884e-38
3.816953672749136217e+02 1.061839204965522486e-38
3.996631557580030858e+02 1.014155980878516903e-38
4.184767533618012294e+02 9.686373825232267121e-39
4.381759753963186199e+02 9.251832537919906303e-39
4.588025114229461110e+02 8.836989432898732814e-39
4.804000134822788937e+02 8.440942503874368164e-39
5.030141884751505472e+02 8.062831476174274581e-39
5.266928948923683720e+02 7.702139825741808645e-39
5.514862440978790801e+02 7.357905132613602207e-39
5.774467063796946604e+02 7.029218376678851623e-39
6.046292219930284091e+02 6.715382663711571371e-39
6.330913174306225528e+02 6.415860777817536510e-39
6.628932271663554729e+02 6.130023049781504317e-39
6.940980211297546703e+02 5.857221239577576446e-39
7.267717381812076383e+02 5.596847249707570649e-39
7.609835258703218415e+02 5.348322710909170381e-39
7.968057867732308068e+02 5.111096744373754768e-39
8.343143317185304113e+02 4.884971632907658896e-39
8.735885402261027366e+02 4.669262730039578729e-39
9.147115284983941592e+02 4.463309864732991469e-39
9.577703253196433479e+02 4.266661402513167137e-39
1.002856056235337860e+03 4.078682298976362724e-39
1.050064136401646238e+03 3.898833210646595919e-39
1.099494472512994889e+03 3.726759363173999573e-39
1.151251674235096971e+03 3.562130870809680508e-39
1.205445275590916481e+03 3.404632437367058638e-39
1.262189966768051363e+03 3.253961832194218786e-39
1.321605836838153209e+03 3.110166412892450281e-39
1.383818627902033995e+03 2.972787475985251119e-39
1.448960001198282953e+03 2.841359532612843322e-39
1.517167815738609079e+03 2.715630342405756654e-39
1.588586420059546981e+03 2.595440047076173795e-39
1.663366957707994288e+03 2.480717890726492436e-39
1.741667687107030133e+03 2.371203524100666086e-39
1.823654316479015506e+03 2.266653916888815955e-39
1.909500354534719236e+03 2.166838797968205785e-39
1.999387477670679573e+03 2.071538890658519342e-39
2.093505914451840908e+03 1.980888875493841498e-39
2.192054848193226462e+03 1.894515656431629159e-39
2.295242838492566079e+03 1.812016404408447534e-39
2.403288262606029093e+03 1.733213444472259795e-39
2.516419777601067835e+03 1.657969885402684010e-39
2.634876804264516068e+03 1.586311175640485601e-39
2.758910033790006310e+03 1.518073201487585294e-39
2.888781958316957116e+03 1.453079918855702861e-39
3.024767426444009743e+03 1.391166451669932246e-39
3.167154224892471575e+03 1.332176968928677147e-39
3.316243687550809227e+03 1.276314607825790411e-39
3.472351333189013076e+03 1.223273729889814985e-39
3.635807533192563369e+03 1.172694123870448898e-39
3.806958210729017537e+03 1.124453790571085441e-39
3.986165572826960670e+03 1.078431723849202841e-39
4.173808876916490590e+03 1.034340195574586859e-39
4.370285233453620094e+03 9.919973436265289572e-40
4.576010446327139107e+03 9.513354178413007069e-40
4.791419892826390424e+03 9.122911866065456712e-40
5.016969445032427757e+03 8.748036268201792198e-40
5.253136434582342190e+03 8.390372594362667674e-40
5.500420662848619941e+03 8.037796719792937456e-40
5.759345458671204142e+03 7.692194692094803304e-40
6.030458785880958203e+03 7.373094747023772354e-40
6.314334402958218561e+03 7.089996546138864120e-40
6.611573077280766483e+03 6.811753960591581487e-40
6.922803856530736994e+03 6.533422807413630048e-40
7.248685399951400541e+03 6.268354580958956075e-40
7.589907372270962696e+03 6.017229523053335769e-40
7.947191903243511661e+03 5.774355708719215736e-40
8.321295115895713025e+03 5.548767612931607746e-40
8.713008726713766009e+03 5.334948992438384752e-40
9.123161721156991916e+03 5.134248256393327995e-40
9.552622108043769913e+03 4.936755913242815577e-40
1.000229875652298506e+04 4.733933649605239371e-40
1.047314331951822896e+04 4.547083238646648874e-40
1.096615224771582689e+04 4.372127251229198504e-40
1.148236889835808506e+04 4.206153805915728494e-40
1.202288574330558367e+04 4.043275690926217233e-40
1.258884668104074262e+04 3.881709892009148622e-40
1.318144945750587794e+04 3.739107942930776387e-40
1.380194820089887071e+04 3.616062941596353773e-40
1.445165607579084826e+04 3.495098747289253407e-40
1.513194806218311351e+04 3.371670277563175337e-40
1.584426386538380757e+04 3.255460473767966837e-40
1.659011096286362590e+04 3.155954569425775687e-40
1.737106779453780837e+04 3.043831352320098984e-40
1.818878710322639017e+04 2.929130438961387508e-40
1.904499943236201943e+04 2.812985675977190475e-40
1.994151678834760969e+04 2.695880363953079419e-40
2.088023647531442839e+04 2.581445106495267806e-40
2.186314511039655554e+04 2.472274034660586897e-40
2.289232282801810288e+04 2.368178056920419165e-40
2.396994768209235917e+04 2.267967046648350346e-40
2.509830025544800446e+04 2.171157632588685247e-40
2.627976848623787009e+04 2.074074882701272278e-40
2.751685272154432823e+04 1.973176047298922381e-40
2.881217100887609195e+04 1.868751819316365185e-40
3.016846463675564883e+04 1.760830504905027682e-40
3.158860393612104599e+04 1.649036044351951833e-40
3.307559435482199478e+04 1.498142682780682598e-40
3.463258281806393643e+04 1.281751469329226438e-40
3.626286438826149970e+04 1.030581503875872223e-40
3.796988923839541530e+04 7.733291536767686707e-41
3.975726995363076276e+04 5.297793524743298103e-41
4.162878917664870096e+04 3.124773739205562152e-41
4.358840761287262285e+04 1.403002690204650801e-41
4.564027241252771637e+04 5.170930105020374470e-42
4.778872594727623073e+04 2.457830369068818394e-42
5.003831500000000960e+04 1.078735004390269919e-42
