5.109905999999998913e-04 3.883854878551664658e-33
5.350493098003850046e-04 4.700269751475925321e-33
5.602407635636907262e-04 5.546549306676083900e-33
5.866182936961915123e-04 6.373663551022889570e-33
6.142377436266476800e-04 7.245273964663691788e-33
6.431575860314921005e-04 8.099661617781335632e-33
6.734390466263599599e-04 8.782286536180343503e-33
7.051462337860283248e-04 9.353223888262691642e-33
7.383462742671890056e-04 9.851269894744120662e-33
7.731094553213803313e-04 1.028391734843266121e-32
8.095093734989571629e-04 1.065145983499081148e-32
8.476230904591175582e-04 1.095923684132750961e-32
8.875312961158586100e-04 1.121523915138445420e-32
9.293184794652413223e-04 1.143018337850297116e-32
9.730731074556376757e-04 1.164192966230985583e-32
1.018887812279627896e-03 1.182381031457120746e-32
1.066859587484073404e-03 1.193098874956236604e-32
1.117089993313530750e-03 1.199239963933396673e-32
1.169685371721752723e-03 1.202279510369401524e-32
1.224757071506462356e-03 1.203449393093835778e-32
1.282421684044038378e-03 1.201685504831641430e-32
1.342801290123165313e-03 1.195622289968767989e-32
1.406023718400037543e-03 1.188017981664782482e-32
1.472222816022271917e-03 1.179364076145961912e-32
1.541538731994475083e-03 1.167710569018099954e-32
1.614118213885352678e-03 1.153522019840217940e-32
1.690114918504544714e-03 1.137581122795877845e-32
1.769689737206889355e-03 1.120770442895731077e-32
1.853011136512824593e-03 1.102576153431853141e-32
1.940255514766052371e-03 1.080316256012657890e-32
2.031607575583518292e-03 1.055340606298297094e-32
2.127260718888359173e-03 1.029389862940184918e-32
2.227417450353661246e-03 1.005545953778552428e-32
2.332289810123826506e-03 9.831602347478878734e-33
2.442099821721230215e-03 9.578648811289801625e-33
2.557079962088515488e-03 9.325034945929281039e-33
2.677473653761642137e-03 9.093851266181797700e-33
2.803535780215686991e-03 8.850348886711348737e-33
2.935533225474377603e-03 8.590376248931972582e-33
3.073745439125812658e-03 8.325261925914560254e-33
3.218465027940529011e-03 8.062668787619211794e-33
3.369998375344393938e-03 7.806743369459700330e-33
3.528666290057854652e-03 7.548215555506730811e-33
3.694804685274720966e-03 7.289412794331902643e-33
3.868765289818377334e-03 7.040163263430188981e-33
4.050916392781021141e-03 6.791511525088089256e-33
4.241643623222327714e-03 6.539296216157070099e-33
4.441350766578306200e-03 6.298777512579837186e-33
4.650460619508728528e-03 6.070231661213803778e-33
4.869415884992823150e-03 5.848119972938793934e-33
5.098680109568437188e-03 5.637329786127367248e-33
5.338738664698615584e-03 5.438311076085833351e-33
5.590099774343443816e-03 5.234475735529548848e-33
5.853295590912530391e-03 5.028482647924918758e-33
6.128883321875953742e-03 4.830711543290303173e-33
6.417446409418914831e-03 4.639325639924598735e-33
6.719595765637477111e-03 4.452519277570312005e-33
7.035971065890289991e-03 4.266622079435942023e-33
7.367242103044712928e-03 4.086234233495598314e-33
7.714110205484036621e-03 3.919806198147105935e-33
8.077309721878126250e-03 3.754644174735171566e-33
8.457609575860752793e-03 3.586830573097861878e-33
8.855814893904944904e-03 3.428159190229763745e-33
9.272768709842815413e-03 3.277567344107393840e-33
9.709353749638469783e-03 3.130882670124444608e-33
1.016649430019229625e-02 2.987236050846941250e-33
1.064515816613345600e-02 2.846407465215637978e-33
1.114635871874284853e-02 2.708663825371877251e-33
1.167115704134452300e-02 2.575226436182273710e-33
1.222066417570752232e-02 2.447724211243928573e-33
1.279604347421380885e-02 2.325956709857922066e-33
1.339851306277223264e-02 2.209681537396898537e-33
1.402934841969250175e-02 2.098709285976586267e-33
1.468988507597908215e-02 1.992954132457195230e-33
1.538152144276153273e-02 1.892383493391901195e-33
1.610572177184743312e-02 1.796752683733984619e-33
1.686401925566536827e-02 1.705830506475453717e-33
1.765801927316110881e-02 1.619398300596859596e-33
1.848940278851850597e-02 1.536786702394806346e-33
1.935992990990077420e-02 1.457112852464143942e-33
2.027144361574603412e-02 1.380364306817444518e-33
2.122587365650628263e-02 1.306516342630513543e-33
2.222524064008977313e-02 1.235571627214597326e-33
2.327166030965638691e-02 1.167885387950738790e-33
2.436734802282206416e-02 1.103989899980248890e-33
2.551462344175553162e-02 1.043680889723917872e-33
2.671591544409626651e-02 9.867550403797685774e-34
2.797376726509089723e-02 9.330215191468562184e-34
2.929084188183399620e-02 8.822919454026596965e-34
3.066992765101254903e-02 8.343857197925345741e-34
3.211394421208922656e-02 7.891429187179436292e-34
3.362594866842250063e-02 7.463976974901015446e-34
3.520914205940897657e-02 7.060225026607195436e-34
3.686687613735063762e-02 6.678454644413844997e-34
3.860266046339352192e-02 6.316788904660804268e-34
4.042016983756124143e-02 5.974209120995057782e-34
4.232325207861257349e-02 5.649771533241137836e-34
4.431593617019444209e-02 5.342581373958890737e-34
4.640244079053598703e-02 5.053808234388370108e-34
4.858718324374167175e-02 4.785826958763233423e-34
5.087478881159226279e-02 4.536945820330584849e-34
5.327010054565151781e-02 4.305431936877215594e-34
5.577818952040983214e-02 4.089946379199621661e-34
5.840436556917164013e-02 3.887110965634552955e-34
6.115418852541448097e-02 3.692338767892228900e-34
6.403347999341993391e-02 3.505385164271748739e-34
6.704833567309470554e-02 3.326099502088789120e-34
7.020513826507544797e-02 3.154322833872275963e-34
7.351057098343732887e-02 2.990623362799050445e-34
7.697163170461522597e-02 2.836035787268251778e-34
8.059564778249106443e-02 2.690046039884016336e-34
8.439029156101263140e-02 2.552042563166330065e-34
8.836359661718448666e-02 2.421630002653571653e-34
9.252397476882003036e-02 2.299212876888053735e-34
9.688023388306037098e-02 2.185792148957483942e-34
1.014415965233633199e-01 2.080620982976201976e-34
1.062177194744378661e-01 1.982994421590575241e-34
1.112187141864623419e-01 1.892283684732929327e-34
1.164551681818665890e-01 1.807113170628202855e-34
1.219381674699994283e-01 1.725552061863617528e-34
1.276793200171333076e-01 1.647417548475222415e-34
1.336907803214964774e-01 1.572508321505124729e-34
1.399852751453579125e-01 1.500764273957883812e-34
1.465761304586439551e-01 1.432245237984697043e-34
1.534772996511259979e-01 1.367139605363604754e-34
1.607033930729094562e-01 1.305269169631409339e-34
1.682697089657620160e-01 1.246457631876233211e-34
1.761922658507664163e-01 1.190539950945706873e-34
1.844878364408631677e-01 1.137268038556901904e-34
1.931739831500817739e-01 1.086327996431051437e-34
2.022690952746341586e-01 1.037614801631400933e-34
2.117924279245865515e-01 9.909832277955574199e-35
2.217641427885324035e-01 9.463903788126493427e-35
2.322053508175655478e-01 9.039463409557430069e-35
2.431381569189232372e-01 8.639158205873784818e-35
2.545857067539157859e-01 8.261485904171511556e-35
2.665722357392207864e-01 7.904964447221978083e-35
2.791231203552778650e-01 7.568241807595593041e-35
2.922649318704125809e-01 7.248604550344138813e-35
3.060254925944247417e-01 6.942129589561629968e-35
3.204339347807373395e-01 6.648194941690352315e-35
3.355207623018018892e-01 6.365946410468047730e-35
3.513179152283391615e-01 6.095234168835129041e-35
3.678588374491290058e-01 5.835420195783788526e-35
3.851785474745103577e-01 5.585605872489114148e-35
4.033137125734830297e-01 5.345446630422542069e-35
4.223027264013721194e-01 5.114633878706707257e-35
4.421857902823942421e-01 4.892871590203729541e-35
4.630049983192114915e-01 4.680298345096419781e-35
4.848044265096512206e-01 4.477485055645615767e-35
5.076302260592668869e-01 4.283985720257114095e-35
5.315307210872840527e-01 4.099098909889809443e-35
5.565565109327889060e-01 3.922614794497622417e-35
5.827605772777408877e-01 3.754158366942160738e-35
6.101983963136097255e-01 3.593323873727612369e-35
6.389280561890932075e-01 3.439745999358709822e-35
6.690103799875691815e-01 3.293087341223443735e-35
7.005090544946273035e-01 3.153032651269916809e-35
7.334907650283012392e-01 3.019261754485024744e-35
7.680253366174419893e-01 2.891463746557629127e-35
8.041858818271232501e-01 2.769358081564070366e-35
8.420489555440282547e-01 2.652515425846797049e-35
8.816947170495259556e-01 2.540828913974526469e-35
9.232070997235461984e-01 2.433747870199062303e-35
9.666739887385368268e-01 2.330331687824953092e-35
1.012187407119699234e+00 2.230470938630584627e-35
1.059843710565393060e+00 2.134094084428280535e-35
1.109743791440180427e+00 2.041132193802742071e-35
1.161993292372365483e+00 1.951507098763594771e-35
1.216702829908243411e+00 1.865140447002081036e-35
1.273988228696537606e+00 1.781979085059033885e-35
1.333970766698834964e+00 1.702331019589656242e-35
1.396777431945130710e+00 1.626324232884163011e-35
1.462541191378073258e+00 1.553805903929668652e-35
1.531401272355051413e+00 1.484610562533118998e-35
1.603503457404112265e+00 1.418580939517176531e-35
1.679000392857717294e+00 1.355569310616346193e-35
1.758051912017749574e+00 1.295436446082537633e-35
1.840825373535920795e+00 1.238046649591049197e-35
1.927496015725985057e+00 1.183270822328349958e-35
2.018247327557844528e+00 1.130988656693989789e-35
2.113271437118993124e+00 1.081068108286506812e-35
2.212769518365671040e+00 1.033469497414891840e-35
2.316952217024897731e+00 9.880918383260494248e-36
2.426040096549021641e+00 9.448257883924586001e-36
2.540264105066929901e+00 9.035677469543667359e-36
2.659866064320466794e+00 8.642224948735524277e-36
2.785099181621212949e+00 8.267019773755361960e-36
2.916228585911454729e+00 7.909170133424280414e-36
3.053531889064254656e+00 7.567829265803686343e-36
3.197299773610895457e+00 7.242125816827650331e-36
3.347836608140026815e+00 6.929340837033091088e-36
3.505461091671321583e+00 6.628686267217007376e-36
3.670506928367847088e+00 6.339842198898137398e-36
3.843323534015592902e+00 6.062405399961318134e-36
4.024276775765777359e+00 5.795984081242828017e-36
4.213749746706100474e+00 5.540201712095691142e-36
4.412143576900718678e+00 5.294695728732849705e-36
4.619878282616024734e+00 5.059105707354854975e-36
4.837393655530047631e+00 4.833081506039812806e-36
5.065150193808093171e+00 4.616306322477978326e-36
5.303630077015711208e+00 4.408759233125066429e-36
5.553338186933032716e+00 4.210483243603444186e-36
5.814803176431500020e+00 4.021119498982851327e-36
6.088578588676108794e+00 3.840267019612360836e-36
6.375244029022369752e+00 3.667543024955646541e-36
6.675406392089095142e+00 3.502587536477605428e-36
6.989701146604939019e+00 3.345061547927728324e-36
7.318793680748602704e+00 3.194630195486684749e-36
7.663380710830993259e+00 3.050973517253072912e-36
8.024191756301803480e+00 2.913799050510075786e-36
8.401990684202830906e+00 2.783026864972284052e-36
8.797577326338265280e+00 2.658582404393114178e-36
9.211789172585191920e+00 2.540168271054681806e-36
9.645503143929383683e+00 2.427472422945850522e-36
1.009963744898018945e+01 2.320200168169175324e-36
1.057515352789459939e+01 2.218075723911804319e-36
1.107305808782609269e+01 2.120840916959129724e-36
1.159440523420769154e+01 2.028246265465468098e-36
1.214029870238081088e+01 1.940055767012555345e-36
1.271189419429507517e+01 1.856025182672685182e-36
1.331040182522557025e+01 1.775234307937702380e-36
1.393708868568760373e+01 1.697387145356680807e-36
1.459328152397304734e+01 1.622432570346261081e-36
1.528036955498691896e+01 1.550289963603238410e-36
1.599980740133098500e+01 1.480880057930567681e-36
1.675311817286119620e+01 1.414125894625556900e-36
1.754189669123788775e+01 1.349952733087950615e-36
1.836781286629632959e+01 1.288284830709243204e-36
1.923261523138486950e+01 1.229047641603578976e-36
2.013813464515558493e+01 1.172183314559092409e-36
2.108628816764482394e+01 1.118052782365317010e-36
2.207908311884872177e+01 1.066762648571699734e-36
2.311862132838711759e+01 1.018158716916476789e-36
2.420710358525186834e+01 9.720861882790608214e-37
2.534683429706030822e+01 9.284003257961025673e-37
2.654022636867847496e+01 8.869661910266370586e-37
2.778980631054155026e+01 8.476579723623456196e-37
2.909821958748679194e+01 8.103567830502606241e-37
3.046823621942335336e+01 7.749511719639044995e-37
3.190275664569474046e+01 7.413291222931131719e-37
3.340481786555096022e+01 7.091176605584311028e-37
3.497759986772874896e+01 6.781535992478676304e-37
3.662443236275244374e+01 6.484012672110525653e-37
3.834880183220897010e+01 6.198195425044057146e-37
4.015435890991962253e+01 5.923686588573457292e-37
4.204492611063572838e+01 5.660103583090039825e-37
4.402450592262139395e+01 5.407078442648293345e-37
4.609728928125394276e+01 5.164249446554251677e-37
4.826766444158383251e+01 4.931265816791986352e-37
5.054022626863595491e+01 4.707815231708910477e-37
5.291978596512134203e+01 4.494388887030553901e-37
5.541138125715472995e+01 4.291164888167128796e-37
5.802028705954016630e+01 4.097684585572016172e-37
6.075202664320469381e+01 3.913454426258239717e-37
6.361238332842386711e+01 3.738007990886131289e-37
6.660741272859164042e+01 3.570904803493572658e-37
6.974345557045923272e+01 3.411728858940821761e-37
7.302715111798157466e+01 3.260085488171498978e-37
7.646545122819172491e+01 3.115601143894500758e-37
8.006563506886239168e+01 2.977909509099775530e-37
8.383532452910931454e+01 2.846113361516058383e-37
8.778250035556659725e+01 2.719739592282959512e-37
9.191551904829172770e+01 2.598598850224286570e-37
9.624313055217177748e+01 2.482492033540730701e-37
1.007744967812868140e+02 2.371226996738428774e-37
1.055192110154446965e+02 2.264620235374286420e-37
1.104873182099530311e+02 2.162497095371117008e-37
1.156893362616278012e+02 2.064684282011468382e-37
1.211362782760554921e+02 1.971014416896471553e-37
1.268396758832565752e+02 1.881334656926940173e-37
1.328116036511063953e+02 1.795839504773906553e-37
1.390647046482004043e+02 1.714549695429914401e-37
1.456122172102851948e+02 1.637255091958091635e-37
1.524680029669174814e+02 1.563746135796358849e-37
1.596465761876875717e+02 1.493825080415590108e-37
1.671631345101395425e+02 1.427303900846555165e-37
1.750335911144334489e+02 1.364003203812071820e-37
1.832746084128755797e+02 1.303757007825271435e-37
1.919036333256326543e+02 1.246408662289263946e-37
2.009389342173140562e+02 1.191804382277021716e-37
2.103996395726237552e+02 1.139503396183639494e-37
2.203057784929551701e+02 1.089266515937507538e-37
2.306783230996657608e+02 1.041027973760856306e-37
2.415392329338084210e+02 9.947184743731125220e-38
2.529115014463054933e+02 9.502707968506056889e-38
2.648192046770033130e+02 9.076204367959883108e-38
2.772875522256528029e+02 8.667058178378397688e-38
2.903429406227309073e+02 8.274653381987379506e-38
3.040130092130980870e+02 7.898391618607757840e-38
3.183266986707898241e+02 7.537718863589108010e-38
3.333143122688383642e+02 7.193474556877385580e-38
3.490075800338248655e+02 6.865756181117492465e-38
3.654397259209865751e+02 6.553753347793785550e-38
3.826455381521021764e+02 6.256678210932046201e-38
4.006614428650534592e+02 5.973784661524003926e-38
4.195255812309914631e+02 5.704366377119283956e-38
4.392778902023787282e+02 5.447754795230737585e-38
4.599601870628380311e+02 5.203315246193967848e-38
4.816162579578318628e+02 4.970446112996752793e-38
5.042919505935773259e+02 4.748574696718955852e-38
5.280352713004567704e+02 4.536991277825446071e-38
5.528964866664243800e+02 4.335125614046648013e-38
5.789282299555578675e+02 4.142523762747195224e-38
6.061856125370595691e+02 3.958746883267464505e-38
6.347263405606242941e+02 3.783377987532781435e-38
6.646108371251561948e+02 3.616021713389694750e-38
6.959023701995117790e+02 3.456303746897666465e-38
7.286671865660566709e+02 3.303865594586757487e-38
7.629746520706186175e+02 3.158366205054589257e-38
7.988973984757705011e+02 3.019473832011139720e-38
8.365114772283183129e+02 2.886348851801544746e-38
8.758965204665444162e+02 2.758451194025180031e-38
9.171359096080906284e+02 2.635607171338522731e-38
9.603169518753510374e+02 2.517647692818143741e-38
1.005531065132148569e+03 2.404408334192643205e-38
1.052873971422962995e+03 2.295730001869739973e-38
1.102445899624467074e+03 2.191459320051932935e-38
1.154351797638420749e+03 2.091444784296150880e-38
1.208701554575116234e+03 1.995538922662551749e-38
1.265610233397772618e+03 1.903604242722498426e-38
1.325198314520429903e+03 1.815994285976858622e-38
1.387591950875004386e+03 1.732795118091571094e-38
1.452923234987571732e+03 1.653763816674999222e-38
1.521330478629242407e+03 1.578675261561967795e-38
1.592958505633694358e+03 1.507317831445523870e-38
1.667958958501314783e+03 1.439493276641632517e-38
1.746490619438981412e+03 1.375016455660895542e-38
1.828719746515245333e+03 1.313710795391023493e-38
1.914820425642503324e+03 1.255409840775934530e-38
2.004974939131365772e+03 1.199955000299322199e-38
2.099374151597515265e+03 1.147039197423412103e-38
2.198217914037989431e+03 1.096428919788200894e-38
2.301715486932376734e+03 1.048019917219266054e-38
2.410085983264715196e+03 1.001717313324778184e-38
2.523558832403897668e+03 9.574304345659231439e-39
2.642374265824791564e+03 9.150733484056650390e-39
2.766783825698272267e+03 8.745652900844916387e-39
2.897050897426935535e+03 8.358267838177506868e-39
3.033451267253969945e+03 7.987816717341101366e-39
3.176273706125595709e+03 7.633574129349410839e-39
3.325820581043192306e+03 7.295290963491917788e-39
3.482408495199476874e+03 6.972398442967510282e-39
3.646368958253783603e+03 6.664127171860035907e-39
3.818049088165681042e+03 6.369800020420133250e-39
3.997812346072588298e+03 6.088772190253643413e-39
4.186039305767258156e+03 5.820437585280089588e-39
4.383128459404248133e+03 5.564234753636410010e-39
4.589497061140988990e+03 5.319604104817222551e-39
4.805582010499565513e+03 5.086010806226110067e-39
5.031840777319469453e+03 4.862944479094749964e-39
5.268752370259282543e+03 4.649904161153082895e-39
5.516818350897980054e+03 4.446277666968490954e-39
5.776563895582552504e+03 4.251589373055824444e-39
6.048538907270047275e+03 4.065445769231563835e-39
6.333319179718017040e+03 3.887470752177962873e-39
6.631507616487784617e+03 3.717310194937057056e-39
6.943735507341588345e+03 3.554636772344809971e-39
7.270663864735569405e+03 3.399120498985984280e-39
7.612984823238163699e+03 3.250444695979194271e-39
7.971423104836727362e+03 3.108307320991982999e-39
8.346737553234321240e+03 2.972632520935354644e-39
8.739722740384999270e+03 2.843121239721977263e-39
9.151210648668935391e+03 2.719423231142008233e-39
9.582072432268310877e+03 2.601270329576546437e-39
1.003322026147341421e+04 2.488407063626350618e-39
1.050560925382303503e+04 2.380599520914838942e-39
1.100023949616792925e+04 2.277645686476771395e-39
1.151815816193797036e+04 2.179321920327409521e-39
1.206046172809558993e+04 2.085412640048106717e-39
1.262829829646865983e+04 1.995712810096733798e-39
1.322287002437800038e+04 1.910195985383679863e-39
1.384543566970438042e+04 1.828626918275956500e-39
1.449731325578387259e+04 1.750747187071028942e-39
1.517988286177311056e+04 1.676381764619289990e-39
1.589458954439159788e+04 1.605364315010360765e-39
1.664294639722752981e+04 1.537543291015878190e-39
1.742653775408272850e+04 1.472789826743421190e-39
1.824702254313935919e+04 1.410959343371445326e-39
1.910613779904916737e+04 1.351912498358582192e-39
2.000570234038022318e+04 1.295516999383890386e-39
2.094762062020784288e+04 1.241802728059092168e-39
2.193388675800006968e+04 1.190588227793678224e-39
2.296658876133480953e+04 1.141675119173771778e-39
2.404791294638592080e+04 1.094952680776933891e-39
2.518014856653628885e+04 1.050315899942060787e-39
2.636569265891854957e+04 1.007672770538327554e-39
2.760705511914198723e+04 9.669546289725386478e-40
2.890686401495075188e+04 9.280700254741088872e-40
3.026787115006220120e+04 8.909297713391008221e-40
3.169295788996474585e+04 8.554500953788479173e-40
3.318514126200812461e+04 8.219858369291509469e-40
3.474758034270241478e+04 7.905764936829983351e-40
3.638358294574564934e+04 7.610041322327130562e-40
3.809661262494114635e+04 7.331535667707368956e-40
3.989029600682960154e+04 7.069187567191066995e-40
4.176843046855893772e+04 6.820312864025882960e-40
4.373499217724907794e+04 6.570156566047471748e-40
4.579414450786832458e+04 6.320955697311236473e-40
4.795024685744516319e+04 6.081405409984275590e-40
5.020786387427517911e+04 5.857496908093026124e-40
5.257177512166093948e+04 5.646897149469457623e-40
5.504698519664689229e+04 5.451437019808479457e-40
5.763873432516743924e+04 5.258653483358775738e-40
6.035250945604224398e+04 5.075396798973478063e-40
6.319405587730299885e+04 4.911106010385831546e-40
6.616938937944828649e+04 4.744559861953226942e-40
6.928480899137225060e+04 4.589474487196484876e-40
7.254691031593379739e+04 4.443017786016396271e-40
7.596259949339729792e+04 4.304428231222421569e-40
7.953910782230716723e+04 4.174893898863403634e-40
8.328400706874806201e+04 4.050059648986046788e-40
8.720522549640639045e+04 3.932559135589483255e-40
9.131106465136373299e+04 3.828183525515399567e-40
9.561021693716176378e+04 3.730942519986417671e-40
1.001117840173452423e+05 3.630920200730157037e-40
1.048252960844401823e+05 3.537844675601704989e-40
1.097607320361679303e+05 3.454618565562419532e-40
1.149285406016013003e+05 3.374903285012112154e-40
1.203396624619948998e+05 3.299704456748295121e-40
1.260055534131193126e+05 3.229654757127306096e-40
1.319382086181330378e+05 3.152588662613361816e-40
1.381501880023453268e+05 3.093464826224175030e-40
1.446546428436222486e+05 3.039812441552454877e-40
1.514653436147381726e+05 2.990965921712694467e-40
1.585967091366144014e+05 2.946727782814038806e-40
1.660638371041617356e+05 2.906269242099981148e-40
1.738825360493622429e+05 2.868871846163835056e-40
1.820693588092457212e+05 2.834447912414831160e-40
1.906416375696255127e+05 2.802923205903287262e-40
1.996175205587797391e+05 2.775284539498680312e-40
2.090160104687632411e+05 2.757678909852033522e-40
2.188570046856864647e+05 2.750836651447446018e-40
2.291613374141443637e+05 2.754520841341249005e-40
2.399508237849599973e+05 2.768550331692201443e-40
2.512483060396346846e+05 2.792717709012806883e-40
2.630777018892772030e+05 2.811563193763394660e-40
2.754640551503864699e+05 2.805367767135277149e-40
2.884335887647040072e+05 2.771045437369284778e-40
3.020137603153616656e+05 2.705057059387491745e-40
3.162333201568737859e+05 2.602720283690320564e-40
3.311223722820342518e+05 2.457319565820535351e-40
3.467124380545716849e+05 2.260450058904992542e-40
3.630365229425104335e+05 2.008054359043210480e-40
3.801291863934907597e+05 1.658724903992040834e-40
3.980266149999999325e+05 1.133377051779268270e-40
