5.109905999999998913e-04 3.137902090497404651e-32
5.350518835029345870e-04 3.689166767023413160e-32
5.602461533344016290e-04 4.253093062810018799e-32
5.866267590183566610e-04 4.798228296819015506e-32
6.142495621758865517e-04 5.289661182236205787e-32
6.431730548136522368e-04 5.692566048552489225e-32
6.734584831822363433e-04 5.976194493035199113e-32
7.051699774666793851e-04 6.117687337934346910e-32
7.383746875838200418e-04 6.121355700058276935e-32
7.731429253739968222e-04 6.079853167645962784e-32
8.095483134882046827e-04 6.009004172318721381e-32
8.476679412859800151e-04 5.909811432294349289e-32
8.875825280741340495e-04 5.783719533776633825e-32
9.293765940319875405e-04 5.635052251122710693e-32
9.731386391850597182e-04 5.479497757477527753e-32
1.018961330806180928e-03 5.319967642073920429e-32
1.066941699640862242e-03 5.157135349040426469e-32
1.117181345372429734e-03 4.991669570330593049e-32
1.169786651762011031e-03 4.824192719291991427e-32
1.224869011918918935e-03 4.655403651878579556e-32
1.282545064178472168e-03 4.485870420362901576e-32
1.342936939086714510e-03 4.316125178017506102e-32
1.406172518015032799e-03 4.146694818408122100e-32
1.472385703952298897e-03 3.978729448290679961e-32
1.541716705047943689e-03 3.815985982114589108e-32
1.614312331506371741e-03 3.658869964154182095e-32
1.690326306461406624e-03 3.507255040896296356e-32
1.769919591489029853e-03 3.361016461509085155e-32
1.853260727447726209e-03 3.219945398307456751e-32
1.940526191368147817e-03 3.083582510793441382e-32
2.031900770147831471e-03 2.951792457087221492e-32
2.127577951842285833e-03 2.824485976264326653e-32
2.227760335380985640e-03 2.701579269132540517e-32
2.332660059575901359e-03 2.583009297873089064e-32
2.442499252330969806e-03 2.468812370047191115e-32
2.557510501003727038e-03 2.358892362767635842e-32
2.677937344915108219e-03 2.253141397858365133e-32
2.804034791050318085e-03 2.151452969753058671e-32
2.936069854042772619e-03 2.053753598375661170e-32
3.074322121584569228e-03 1.960121666506746458e-32
3.219084346460701369e-03 1.870434779424258471e-32
3.370663066460736525e-03 1.784541348724100307e-32
3.529379253480581600e-03 1.702300680889430257e-32
3.695568993188846473e-03 1.623533736013408481e-32
3.869584196697035093e-03 1.547921213020577379e-32
4.051793345740487169e-03 1.475340804279157864e-32
4.242582272948083356e-03 1.405703458818296365e-32
4.442354978852905770e-03 1.338922199039035313e-32
4.651534487373909163e-03 1.274907501369753845e-32
4.870563741580114653e-03 1.213565103395904828e-32
5.099906541634113832e-03 1.154807333985735716e-32
5.340048526901023697e-03 1.098546400932027824e-32
5.591498204302513576e-03 1.044701019638159313e-32
5.854788025093482506e-03 9.932474782310042058e-33
6.130475512341508441e-03 9.443607768701143529e-33
6.419144441496462544e-03 8.979440052437861951e-33
6.721406076550277484e-03 8.538700424476134276e-33
7.037900464404425217e-03 8.120189619975129428e-33
7.369297790185897964e-03 7.723019139249519999e-33
7.716299796381730774e-03 7.347188353171032359e-33
8.079641268797031761e-03 6.991575441894541842e-33
8.460091592483095016e-03 6.654964836951760948e-33
8.858456380930336549e-03 6.336260494893048766e-33
9.275579181975884824e-03 6.034225747616767870e-33
9.712343264038138593e-03 5.747055492298899537e-33
1.016967348646069698e-02 5.473888848949160777e-33
1.064853825792617080e-02 5.214026705090926523e-33
1.114995158708683917e-02 4.966806911630643010e-33
1.167497522975441925e-02 4.731717763824204860e-33
1.222472093719573043e-02 4.508660272865340046e-33
1.280035281029500913e-02 4.297027630440220997e-33
1.340308976456793325e-02 4.096169229681887553e-33
1.403420811124701101e-02 3.905501962717451273e-33
1.469504425990394471e-02 3.724340982628013095e-33
1.538699754833179612e-02 3.551655510485992584e-33
1.611153320567925221e-02 3.386985207605282149e-33
1.687018545511160747e-02 3.229959671633457718e-33
1.766456076256838967e-02 3.080226424428613957e-33
1.849634123849685716e-02 2.937588952739899150e-33
1.936728819976482260e-02 2.802290471663678954e-33
2.027924589929505986e-02 2.673977414068681998e-33
2.123414543131905974e-02 2.552237493404344826e-33
2.223400882051939503e-02 2.436705256432277687e-33
2.328095330371978897e-02 2.326985920055159041e-33
2.437719581318940551e-02 2.222580602534605709e-33
2.552505767105469822e-02 2.123193711521516760e-33
2.672696950475965741e-02 2.028569955486692200e-33
2.798547639398288323e-02 1.938469420089997348e-33
2.930324325991017637e-02 1.852637505692154653e-33
3.068306050827473985e-02 1.770756950083877571e-33
3.212784993811412804e-02 1.692622585010677444e-33
3.364067092875604181e-02 1.618044518287949990e-33
3.522472691813378909e-02 1.546858396899087457e-33
3.688337218614980151e-02 1.478887279758346335e-33
3.862011895745088436e-02 1.413920406659997885e-33
4.043864483865551585e-02 1.351817367682101637e-33
4.234280060578191063e-02 1.292453111464947845e-33
4.433661835836667092e-02 1.235709227424490877e-33
4.642432005754093538e-02 1.181448345834289712e-33
4.861032646614310559e-02 1.129475632225862992e-33
5.089926650979960387e-02 1.079688483611530111e-33
5.329598707879581315e-02 1.031993024786870455e-33
5.580556329149257561e-02 9.863104922974655073e-34
5.843330924102191348e-02 9.426723915005282712e-34
6.118478924801788732e-02 9.014003495922642568e-34
6.406582964321073936e-02 8.623864373033015366e-34
6.708253110483450299e-02 8.254887638119218262e-34
7.024128157697206998e-02 7.905761555831456404e-34
7.354876979619368038e-02 7.574653969110227481e-34
7.701199945513122203e-02 7.258294649415980517e-34
8.063830403298012650e-02 6.955776437073910050e-34
8.443536232433299094e-02 6.666426283800160628e-34
8.841121469922742782e-02 6.389682310863713714e-34
9.257428012883989199e-02 6.123913030945487615e-34
9.693337401287632771e-02 5.864865284956347067e-34
1.014977268464114513e-01 5.612296212116218318e-34
1.062770037657029681e-01 5.366358091392502284e-34
1.112813250143698390e-01 5.127189614681134117e-34
1.165212873732721366e-01 4.896370244340583689e-34
1.220079865994716378e-01 4.678921988816839115e-34
1.277530409217862428e-01 4.474402452143383861e-34
1.337686156426932671e-01 4.281888731441050910e-34
1.400674488986747568e-01 4.100587497876401544e-34
1.466628786335540668e-01 3.929035104145353460e-34
1.535688708419399862e-01 3.764160924893290106e-34
1.608000491425846112e-01 3.605515458555079975e-34
1.683717257442785553e-01 3.452903192130229210e-34
1.762999338698515994e-01 3.306134601570672779e-34
1.846014617069412223e-01 3.164940811280268155e-34
1.932938879574179203e-01 3.028880394008513272e-34
2.023956190607452965e-01 2.897792121160726422e-34
2.119259281700959507e-01 2.771521655664284604e-34
2.219049959637561797e-01 2.649957931259630236e-34
2.323539533782399413e-01 2.533435905887537703e-34
2.432949263535969797e-01 2.423292671576189369e-34
2.547510826856694277e-01 2.319252239659840553e-34
2.667466810845038339e-01 2.220929202606451166e-34
2.793071225428029325e-01 2.127968807909819356e-34
2.924590041231907023e-01 2.039623328461702615e-34
3.062301752781862452e-01 1.954275577305170260e-34
3.206497968221477257e-01 1.871750768466232581e-34
3.357484026800560128e-01 1.791981324585661215e-34
3.515579645438990930e-01 1.714928797639806197e-34
3.681119595735637962e-01 1.640600472153015379e-34
3.854454412855959355e-01 1.569121735294896843e-34
4.035951137799358990e-01 1.500418242203451754e-34
4.225994094618098496e-01 1.434402552971728520e-34
4.424985704233487804e-01 1.370989879117476194e-34
4.633347336572702924e-01 1.310245616437017350e-34
4.851520202830600370e-01 1.252536458008554111e-34
5.079966289745940777e-01 1.197729180705559599e-34
5.319169337870364167e-01 1.145649682023080409e-34
5.569635865901629845e-01 1.096156602388559808e-34
5.831896243250199730e-01 1.049108266133768630e-34
6.106505813110275627e-01 1.004367299357896258e-34
6.394046068413533623e-01 9.618080671578336026e-35
6.695125883155570445e-01 9.213141217165501196e-35
7.010382801702490507e-01 8.827767322276681767e-35
7.340484388807734240e-01 8.459154838903560772e-35
7.686129643197863182e-01 8.101203241461254959e-35
8.048050477720638529e-01 7.753508153423965529e-35
8.427013269189531641e-01 7.415992789306028011e-35
8.823820481206663402e-01 7.088725342412888218e-35
9.239312363400415951e-01 6.773189090182518447e-35
9.674368730675951822e-01 6.473554044720481906e-35
1.012991082624624228e+00 6.189237352635326401e-35
1.060690327238860142e+00 5.919372766568279357e-35
1.110635611305758275e+00 5.663152132064264023e-35
1.162932695267934857e+00 5.419401486206896425e-35
1.217692319565668813e+00 5.186262720990126596e-35
1.275030439132673665e+00 4.963186816274407934e-35
1.335068468933696462e+00 4.749672881542787130e-35
1.397933541063872243e+00 4.545359123946888428e-35
1.463758773954260350e+00 4.349399488474542813e-35
1.532683554253587710e+00 4.160166703793166306e-35
1.604853831983121371e+00 3.977444202798474342e-35
1.680422429589646605e+00 3.801114416863418721e-35
1.759549365550986622e+00 3.631060609264721190e-35
1.842402193219305984e+00 3.467756156196037111e-35
1.929156355619704666e+00 3.312663656816903845e-35
2.019995556955412219e+00 3.165432714336582442e-35
2.115112151606219015e+00 3.025577438957816685e-35
2.214707551443905409e+00 2.892725633346196320e-35
2.318992652327134696e+00 2.766434383897555063e-35
2.428188280678939215e+00 2.646172034399570571e-35
2.542525661092432721e+00 2.531618280633091564e-35
2.662246905954920972e+00 2.422484282644041015e-35
2.787605528127211407e+00 2.318498546574491155e-35
2.918866977763695303e+00 2.219151451739115292e-35
3.056309204409990432e+00 2.123555500051580568e-35
3.200223245568354802e+00 2.031555393681132055e-35
3.350913842977194967e+00 1.943009737762795321e-35
3.508700087909650822e+00 1.857840965489939357e-35
3.673916096857689606e+00 1.776018071538070359e-35
3.846911719032516164e+00 1.697606725761301020e-35
4.028053277179384217e+00 1.622484426522511096e-35
4.217724343275586207e+00 1.550523953578288743e-35
4.416326550754124725e+00 1.481603916355874470e-35
4.624280444972986182e+00 1.415588011149279442e-35
4.842026373730910827e+00 1.352318642246349516e-35
5.070025419715368464e+00 1.291688043363519436e-35
5.308760376857157404e+00 1.233572440937386127e-35
5.558736772659166547e+00 1.177894778310931208e-35
5.820483938664059664e+00 1.124740438226462322e-35
6.094556131327630411e+00 1.074437333124165599e-35
6.381533705671311729e+00 1.026837783913031783e-35
6.682024344199086308e+00 9.817807860940054724e-36
6.996664343681043619e+00 9.391172038957808582e-36
7.326119962528403029e+00 8.986039381045670391e-36
7.671088831613072756e+00 8.598663566666626048e-36
8.032301431519289991e+00 8.228125387142464719e-36
8.410522639355232144e+00 7.873530981283418338e-36
8.806553348400322889e+00 7.534308638081546129e-36
9.221232164017632016e+00 7.209077133829611536e-36
9.655437179422627025e+00 6.895463083517930467e-36
1.011008783506847131e+01 6.593087578414452262e-36
1.058614686558518336e+01 6.301678949669050558e-36
1.108462233839534505e+01 6.020971089850168830e-36
1.160656978832317598e+01 5.750694289173485176e-36
1.215309445271708100e+01 5.490581449596330697e-36
1.272535361181857461e+01 5.240449238102398873e-36
1.332455903933340657e+01 5.001840972214676450e-36
1.395197956839400177e+01 4.775080707165756561e-36
1.460894377834671864e+01 4.559552802552208457e-36
1.529684280805339647e+01 4.354655761751635671e-36
1.601713330166404248e+01 4.159824182225990737e-36
1.677134049309893982e+01 3.974530544716178191e-36
1.756106143577127199e+01 3.798282014843426326e-36
1.838796838438939929e+01 3.630606045103910964e-36
1.925381233599984299e+01 3.471057297116121434e-36
2.016042673776925298e+01 3.319188923360969194e-36
2.110973136935662353e+01 3.173849496554831424e-36
2.210373640809683238e+01 3.034514446598797884e-36
2.314454668560361128e+01 2.900965078365241324e-36
2.423436614480543483e+01 2.772975306243641934e-36
2.537550250685217890e+01 2.650327979616149405e-36
2.657037215777485883e+01 2.532815933446227644e-36
2.782150526524631218e+01 2.420241346882142594e-36
2.913155113627697190e+01 2.312410922908419908e-36
3.050328382719183296e+01 2.209138691311304758e-36
3.193960801776704628e+01 2.110253253583334333e-36
3.344356516196518925e+01 2.015742797259580088e-36
3.501833992829340048e+01 1.925532718593652025e-36
3.666726694342206372e+01 1.839432524522407200e-36
3.839383785334381116e+01 1.757250692005404077e-36
4.020170871702507753e+01 1.678805165226822525e-36
4.209470774820635341e+01 1.603924022547570332e-36
4.407684342174471936e+01 1.532444864897235865e-36
4.615231296166396646e+01 1.464210653969368694e-36
4.832551122888602180e+01 1.399071881448706617e-36
5.060104002746358276e+01 1.336883248203993470e-36
5.298371784902065684e+01 1.277396092862053471e-36
5.547859007603380377e+01 1.220473465522960977e-36
5.809093966556156374e+01 1.166014544841033759e-36
6.082629833604385539e+01 1.113915835341460009e-36
6.369045828086012762e+01 1.064078107888303919e-36
6.668948443345003341e+01 1.016406714483365013e-36
6.982972730996827693e+01 9.708113960313889048e-37
7.311783645666835696e+01 9.272045243589822943e-37
7.656077453049027781e+01 8.855020511205257223e-37
8.016583204266835594e+01 8.456233400855725684e-37
8.394064279657906980e+01 8.074744963491774561e-37
8.789320005251890677e+01 7.709927864839755529e-37
9.203187345364158034e+01 7.361117637652082180e-37
9.636542674889646776e+01 7.027634954236135025e-37
1.009030363504947729e+02 6.708828385339890626e-37
1.056543107652025384e+02 6.404075799545473938e-37
1.106293109406043840e+02 6.112783327877443130e-37
1.158385715694225979e+02 5.834375862636081319e-37
1.212931233970038818e+02 5.568301853565943053e-37
1.270045165792106445e+02 5.314063014011428838e-37
1.329848451401774128e+02 5.072096426357768151e-37
1.392467725817226665e+02 4.842334320185707779e-37
1.458035586986443661e+02 4.624135687940253339e-37
1.526690876566816542e+02 4.416871256104183266e-37
1.598578973925981188e+02 4.219949125206899036e-37
1.673852103986423572e+02 4.032813650402858433e-37
1.752669659565721929e+02 3.854943287024697115e-37
1.835198538895014337e+02 3.685843921307961689e-37
1.921613499030336527e+02 3.525050003447824035e-37
2.012097525905263637e+02 3.372095231796252738e-37
2.106842221808397539e+02 3.225491839495728851e-37
2.206048211106213444e+02 3.084513224400266330e-37
2.309925565070392963e+02 2.948992160646246569e-37
2.418694246709223705e+02 2.818750547407113568e-37
2.532584576545012283e+02 2.693615060814121736e-37
2.651837720323800340e+02 2.573417423934289221e-37
2.776706199690127050e+02 2.457994334440463202e-37
2.907454426908201981e+02 2.347185858832397983e-37
3.044359264761775989e+02 2.240836304918457596e-37
3.187710612818306686e+02 2.138806864214338977e-37
3.337812021298882996e+02 2.041434915557040102e-37
3.494981333853704086e+02 1.948784366638317870e-37
3.659551360604330625e+02 1.860621850453018526e-37
3.831870582877795073e+02 1.776717802463449656e-37
4.012303891124909683e+02 1.696855089956961835e-37
4.201233357585318231e+02 1.620828488898259913e-37
4.399059045335437759e+02 1.548444052507124704e-37
4.606199855432462869e+02 1.479517758155216228e-37
4.823094413948288661e+02 1.413875390030279065e-37
5.050202000771666917e+02 1.351346011619397564e-37
5.288003522145356783e+02 1.291493477124450090e-37
5.537002528997647914e+02 1.234077230498527882e-37
5.797726283224592407e+02 1.179012662394600112e-37
6.070726874180817276e+02 1.126212990349712965e-37
6.356582387743196705e+02 1.075594302642033292e-37
6.655898130422710892e+02 1.027075628191620014e-37
6.969307911116824243e+02 9.805788931208364507e-38
7.297475383216363980e+02 9.360282049331803512e-38
7.641095449908892761e+02 8.933501804552408630e-38
8.000895735654347618e+02 8.524774282562190118e-38
8.377638126948826311e+02 8.135063756129859491e-38
8.772120385639123015e+02 7.764438907431967377e-38
9.185177838204267573e+02 7.411932799410423844e-38
9.617685144581147370e+02 7.076606402341177294e-38
1.007055815027974404e+03 6.757572347154306364e-38
1.054475582570991946e+03 6.453992513971606723e-38
1.104128229682624806e+03 6.165075410019242400e-38
1.156118897139104547e+03 5.890071038878644901e-38
1.210557676535758901e+03 5.628269989894093737e-38
1.267559843408849702e+03 5.378986337174912797e-38
1.327246101334525292e+03 5.140749076789575421e-38
1.389742837521795082e+03 4.912644567621227142e-38
1.455182390440742438e+03 4.694272530240843192e-38
1.523703330052690035e+03 4.485235562000598122e-38
1.595450751235708594e+03 4.285151843619254097e-38
1.670576581026809208e+03 4.093654997285683290e-38
1.749239900331409672e+03 3.910393704056640099e-38
1.831607280781302734e+03 3.735029242538003467e-38
1.917853137454435455e+03 3.567236166877256131e-38
2.008160098203388316e+03 3.406704048165185604e-38
2.102719390374615159e+03 3.253248404583001431e-38
2.201731245737358677e+03 3.106646606630215000e-38
2.305405324479621413e+03 2.966599695460787035e-38
2.413961159169103212e+03 2.832816472772742803e-38
2.527628619619139954e+03 2.705018945079004820e-38
2.646648399644031542e+03 2.582942043143744525e-38
2.771272526734477651e+03 2.466333194290715108e-38
2.901764895732365858e+03 2.354950182738039730e-38
3.038401827634987512e+03 2.248561585132995282e-38
3.181472654711963514e+03 2.146947602047984291e-38
3.331280333173873714e+03 2.049977310018257076e-38
3.488142084689943204e+03 1.957489392038016205e-38
3.652390068113204052e+03 1.869273219995773394e-38
3.824372082835530364e+03 1.785126370430442209e-38
4.004452305261959282e+03 1.704856521083921545e-38
4.193012059963685715e+03 1.628281226804708239e-38
4.390450627142828125e+03 1.555227590599389645e-38
4.597186088118667612e+03 1.485530323282803057e-38
4.813656210625755193e+03 1.419032187934658941e-38
5.040319375798516376e+03 1.355583430955363831e-38
5.277655548805265425e+03 1.295024753730637607e-38
5.526167295186978663e+03 1.237213537135217361e-38
5.786380845052944096e+03 1.182023493862093606e-38
6.058847207386750597e+03 1.129333738441297845e-38
6.344143336822196943e+03 1.079029175515008585e-38
6.642873355359784000e+03 1.031000508115993960e-38
6.955669831610819529e+03 9.851441573342545912e-39
7.283195120277949172e+03 9.413605838889919110e-39
7.626142764708585673e+03 8.995549020194582967e-39
7.985238965490962073e+03 8.596357710542164211e-39
8.361244118202888785e+03 8.214359369794904423e-39
8.754954423569217397e+03 7.848327163418153212e-39
9.167203573437671366e+03 7.497637496941315227e-39
9.598864516143074070e+03 7.161691394081317336e-39
1.005085130499825573e+04 6.839912346703838438e-39
1.052412103382573878e+04 6.531748321606004741e-39
1.101967586362904694e+04 6.236673048570036487e-39
1.153856514469451577e+04 5.954171176568543565e-39
1.208188763861825282e+04 5.683745951829233843e-39
1.265079384496213061e+04 5.424928032212684456e-39
1.324648843746696366e+04 5.178164209660002863e-39
1.387023281498047072e+04 4.943449804048302739e-39
1.452334777250206935e+04 4.720154973918003963e-39
1.520721629800117444e+04 4.507689765729907870e-39
1.592328650092983298e+04 4.305496897054648007e-39
1.667307467863279453e+04 4.113052691205493166e-39
1.745816852714618290e+04 3.929867630489289648e-39
1.828023050318584865e+04 3.755470289333708024e-39
1.914100134444227660e+04 3.589414292670631952e-39
2.004230375563868802e+04 3.431273364082183641e-39
2.098604626815522352e+04 3.280178772411067994e-39
2.197422728139462197e+04 3.135485873422432092e-39
2.300893929444443711e+04 2.996928119986539949e-39
2.409237333699916417e+04 2.864256212201048206e-39
2.522682360892208089e+04 2.737230696606093834e-39
2.641469233827399148e+04 2.615624402576075342e-39
2.765849486809358859e+04 2.499224650437706149e-39
2.896086498270163065e+04 2.387818344988297780e-39
3.032456048480876780e+04 2.281200195142757915e-39
3.175246903523384390e+04 2.179174773328294543e-39
3.324761426760200993e+04 2.081804077693128910e-39
3.481316219096684654e+04 1.989025300267291580e-39
3.645242789391820406e+04 1.900604606886933026e-39
3.816888256436773372e+04 1.816327781691898112e-39
3.996616083988104219e+04 1.735991611733364787e-39
4.184806850411638879e+04 1.659406096281814138e-39
4.381859054567218845e+04 1.586396706945956115e-39
4.588189959640302550e+04 1.516788982118320762e-39
4.804236476707775728e+04 1.450416682896801843e-39
5.030456089908509603e+04 1.387121634782868002e-39
5.267327825177921477e+04 1.326697792280115486e-39
5.515353264597935049e+04 1.268951962143220093e-39
5.775057608510196587e+04 1.213755928241029670e-39
6.046990787641353381e+04 1.160995627407351425e-39
6.331728627595877333e+04 1.110562221799185821e-39
6.629874068181747862e+04 1.062354678509164973e-39
6.942058440151151444e+04 1.016282654978184584e-39
7.268942802060008398e+04 9.722507237596713859e-40
7.611219340076508524e+04 9.301670850345743484e-40
7.969612833703609067e+04 8.899441459069001790e-40
8.344882190518314019e+04 8.515093420156011012e-40
8.737822053178527858e+04 8.147693975907102845e-40
9.149264482099360612e+04 7.796394829342699804e-40
9.580080717363048461e+04 7.460476662156583751e-40
1.003118302359227964e+05 7.139254345197977187e-40
1.050352662169465184e+05 6.832103735931695596e-40
1.099811171156754717e+05 6.538494488731381053e-40
1.151598559004781710e+05 6.257825765504778984e-40
1.205824486859005119e+05 5.989516834480427170e-40
1.262603779536979710e+05 5.733016798191980957e-40
1.322056668672939122e+05 5.488584742028424190e-40
1.384309047311378818e+05 5.255997719480462654e-40
1.449492736488905794e+05 5.034539288683647505e-40
1.517745764368679957e+05 4.823628783478063877e-40
1.589212658518698881e+05 4.622718645843649195e-40
1.664044751952646766e+05 4.431322435797972877e-40
1.742400503581551311e+05 4.249052466611522935e-40
1.824445833754611085e+05 4.075441314311807572e-40
1.910354475599920261e+05 3.910038720706846094e-40
2.000308342908844643e+05 3.752418117760380536e-40
2.094497915343283094e+05 3.601710376147636530e-40
2.193122641781260900e+05 3.457011693455550100e-40
2.296391362655189587e+05 3.317985862238197695e-40
2.404522752176913491e+05 3.184415896251677104e-40
2.517745781386027520e+05 3.056093425399408260e-40
2.636300203002099879e+05 2.932850228441437366e-40
2.760437059107231325e+05 2.814603648517824437e-40
2.890419212734302273e+05 2.701162242220802783e-40
3.026521904486216954e+05 2.592331863191101830e-40
3.169033335365156527e+05 2.487929561598333518e-40
3.318255277045625844e+05 2.389338386841024110e-40
3.474503710883953609e+05 2.297204027926069691e-40
3.638109497016953537e+05 2.210959218449337654e-40
3.809419074967013439e+05 2.130204030505834336e-40
3.988795197236706736e+05 2.054574456293483320e-40
4.176617697446793318e+05 1.983376212357230016e-40
4.373284294643778703e+05 1.913191090883717450e-40
4.579211435480323853e+05 1.844338943286082472e-40
4.794835176052023889e+05 1.779430538168538682e-40
5.020612105257425574e+05 1.719909979712093517e-40
5.257020311637092382e+05 1.662377005750914182e-40
5.504560395738405641e+05 1.607666080324354184e-40
5.763756530150454491e+05 1.555108099011813135e-40
6.035157569453006145e+05 1.504364064445178038e-40
6.319338212430583080e+05 1.455907417555013562e-40
6.616900219011943555e+05 1.411112914574280702e-40
6.928473684512646869e+05 1.371019450439932950e-40
7.254718373878112761e+05 1.332287548178983318e-40
7.596325118753307033e+05 1.294017582602492985e-40
7.954017280336701078e+05 1.258173018369922223e-40
8.328552281116389204e+05 1.226683239816282899e-40
8.720723208732208004e+05 1.196348715233317850e-40
9.131360495359237539e+05 1.166573366374949977e-40
9.561333676169894170e+05 1.139353440394227624e-40
1.001155323059705901e+06 1.115808279407829251e-40
1.048297251029834501e+06 1.091788855313239407e-40
1.097658975790279685e+06 1.070028243732273213e-40
1.149345022081604693e+06 1.051353208757372816e-40
1.203464836455863202e+06 1.035013764018197192e-40
1.260133019032565411e+06 1.018873972802545810e-40
1.319469566167385783e+06 1.001628129346780057e-40
1.381600124547610758e+06 9.907294537497173348e-41
1.446656257252265932e+06 9.812970121679448169e-41
1.514775722340350738e+06 9.731151412801698129e-41
1.586102764557165327e+06 9.662125882205096646e-41
1.660788420776274987e+06 9.620112309335045885e-41
1.738990839824083028e+06 9.612054206022104872e-41
1.820875617364045000e+06 9.637835387572347009e-41
1.906616146549864672e+06 9.697723391009835738e-41
1.996393985189962666e+06 9.793001429746368820e-41
2.090399240200938191e+06 9.930457685112269450e-41
2.188830970163860358e+06 1.010420966194579386e-40
2.291897606836078223e+06 1.032451043845455266e-40
2.399817396510834806e+06 1.059061908597554405e-40
2.512818862159565557e+06 1.091128014870461121e-40
2.631141287335176021e+06 1.134163500617602832e-40
2.755035222861279733e+06 1.193916119030414167e-40
2.884763017380081117e+06 1.273735238653630705e-40
3.020599372882432770e+06 1.378436376165340333e-40
3.162831926396556664e+06 1.515126292026015431e-40
3.311761859066857956e+06 1.694187872086100637e-40
3.467704533912965097e+06 1.931134182072003324e-40
3.630990163619045168e+06 2.247709159900231623e-40
3.801964509767896030e+06 2.644200109984354562e-40
3.980989615000002086e+06 1.869831315985424187e-40
