5.109905999999998913e-04 9.480692479216962172e-34
5.350767590827600799e-04 1.138724237478304020e-33
5.602982483640798258e-04 1.338358107171952416e-33
5.867085830040695213e-04 1.538826639448981010e-33
6.143638006645453379e-04 1.765517606831437009e-33
6.433225804101912540e-04 2.002936806199370590e-33
6.736463672142766401e-04 2.200439731593695486e-33
7.053995023330959097e-04 2.368905727310973366e-33
7.386493598257676740e-04 2.515232108112759066e-33
7.734664895090581768e-04 2.641296245366688470e-33
8.099247666505540819e-04 2.751817573137943762e-33
8.481015487178028339e-04 2.856851302905735690e-33
8.880778395160138098e-04 2.969500233028308751e-33
9.299384610625885525e-04 3.090411844137301984e-33
9.737722335631604845e-04 3.191953685653115837e-33
1.019672163871031007e-03 3.275206646101978716e-33
1.067735642829861168e-03 3.347897185771699585e-33
1.118064651918351761e-03 3.417563271341080503e-33
1.170765979635371131e-03 3.486481284596394994e-33
1.225951448084656049e-03 3.551643650948364796e-33
1.283738150239858078e-03 3.615819871309281094e-33
1.344248698393357396e-03 3.681759881805743000e-33
1.407611484316025454e-03 3.732116248463711329e-33
1.473960951679918318e-03 3.763211500033783632e-33
1.543437881321949165e-03 3.784919870104952178e-33
1.616189689953808359e-03 3.805426204018375906e-33
1.692370742951934464e-03 3.831374937795274500e-33
1.772142681891222945e-03 3.849265652400331703e-33
1.855674767517417108e-03 3.855695424031190553e-33
1.943144238885950248e-03 3.853319731642022277e-33
2.034736689429181376e-03 3.847151847343009324e-33
2.130646460750063031e-03 3.841359742472400564e-33
2.231077054977718271e-03 3.834219634379861823e-33
2.336241566559906814e-03 3.822181905339649547e-33
2.446363134408549838e-03 3.796917246902597895e-33
2.561675415357679043e-03 3.767752789233450997e-33
2.682423079938402004e-03 3.741359417942376380e-33
2.808862331522800175e-03 3.709462320149639417e-33
2.941261449938348867e-03 3.671616414520140845e-33
3.079901360706189216e-03 3.631427956102525318e-33
3.225076231111200387e-03 3.584071590926862062e-33
3.377094094368514494e-03 3.527373842599567134e-33
3.536277503210888754e-03 3.470194441274717185e-33
3.702964214283705792e-03 3.413139992938584725e-33
3.877507904799741729e-03 3.353647913883793425e-33
4.060278922974379714e-03 3.290572979025225545e-33
4.251665073833395085e-03 3.223270261268445958e-33
4.452072442060847624e-03 3.151144663383846785e-33
4.661926253632822474e-03 3.074847457683919449e-33
4.881671778065358423e-03 2.995694510538781521e-33
5.111775273190910691e-03 2.920161805679922367e-33
5.352724974467992086e-03 2.848798599227442555e-33
5.605032130923125015e-03 2.766608747733921007e-33
5.869232089923142118e-03 2.680572556262044555e-33
6.145885433079616676e-03 2.604813696591249556e-33
6.435579165695391735e-03 2.525941285301979554e-33
6.738927962277239253e-03 2.440377916344065529e-33
7.056575470757181327e-03 2.359865075950769366e-33
7.389195678189883904e-03 2.284234856165834743e-33
7.737494340823853657e-03 2.210910649050156838e-33
8.102210481580720061e-03 2.134246732269133290e-33
8.484117958120141606e-03 2.054329820338541480e-33
8.884027104817135076e-03 1.980405784309454350e-33
9.302786452136203865e-03 1.909249237351163402e-33
9.741284527050104308e-03 1.835803052435068133e-33
1.020045173832357863e-02 1.763162516750944548e-33
1.068126235066219933e-02 1.692473088253480154e-33
1.118473655191511845e-02 1.623734808351226577e-33
1.171194261771787634e-02 1.556940016985781867e-33
1.226399917816832670e-02 1.492077356491789375e-33
1.284207759134501844e-02 1.429137151294496871e-33
1.344740442870423144e-02 1.368076034025007150e-33
1.408126407762924810e-02 1.308911879021968717e-33
1.474500146665388978e-02 1.251495748168529869e-33
1.544002491914275854e-02 1.195663292418964309e-33
1.616780914148316720e-02 1.141432181696021604e-33
1.692989835212905386e-02 1.088819386294707748e-33
1.772790955813624905e-02 1.037837089516410975e-33
1.856353598614110881e-02 9.884888733243323745e-34
1.943855067506246662e-02 9.407729932019833045e-34
2.035481023815002843e-02 8.946850793159228575e-34
2.131425880236133968e-02 8.501925807336535293e-34
2.231893213342613438e-02 8.073113742874516605e-34
2.337096195535052351e-02 7.660947901270274960e-34
2.447258047352621896e-02 7.265957636292691792e-34
2.562612511104206056e-02 6.887697212479860803e-34
2.683404346824722758e-02 6.525742974785383430e-34
2.809889851608940795e-02 6.179661622285377184e-34
2.942337403424740219e-02 5.849588466237978019e-34
3.081028030559650188e-02 5.535680927070520467e-34
3.226256007908945983e-02 5.237248787660616622e-34
3.378329481370506010e-02 4.953432694219534197e-34
3.537571121671264501e-02 4.683791291330977342e-34
3.704318809012582814e-02 4.426831374645712135e-34
3.878926349987189826e-02 4.181058182539250482e-34
4.061764228288868711e-02 3.946218586330536388e-34
4.253220390807768703e-02 3.722071714148174083e-34
4.453701070779250704e-02 3.508361652964274795e-34
4.663631649732852963e-02 3.305116996140521782e-34
4.883457560070268710e-02 3.112359068294404040e-34
5.113645230187408020e-02 2.929658324394785222e-34
5.354683074145975136e-02 2.756450594142967306e-34
5.607082527994330240e-02 2.592479559930455503e-34
5.871379134936682842e-02 2.437550257885663939e-34
6.148133681652970250e-02 2.291475028966409465e-34
6.437933388180584748e-02 2.153789470968841637e-34
6.741393153882598022e-02 2.024059719067562517e-34
7.059156862146206968e-02 1.901871034252201551e-34
7.391898746579729507e-02 1.787285935771068045e-34
7.740324821606892058e-02 1.680377520829683554e-34
8.105174380494005459e-02 1.580584744953504469e-34
8.487221563988360529e-02 1.487281434082987352e-34
8.887277002896350198e-02 1.400107086976732406e-34
9.306189538086465096e-02 1.318788687562512143e-34
9.744848021566726581e-02 1.243083302983649930e-34
1.020418320245807253e-01 1.172547982853744881e-34
1.068516970186536991e-01 1.106782314017407685e-34
1.118882808083638131e-01 1.045420583342447081e-34
1.171622700579640908e-01 9.879540907611178377e-35
1.226848551605343451e-01 9.339026880427436190e-35
1.284677539818473435e-01 8.830457637044976621e-35
1.345232367234313886e-01 8.350989695224708472e-35
1.408641519575832279e-01 7.899602479450073086e-35
1.475039538895726865e-01 7.476352708076623726e-35
1.544567309048846260e-01 7.081413541408799048e-35
1.617372354620685293e-01 6.712574078708701028e-35
1.693609153946254720e-01 6.367825077739758101e-35
1.773439466883456328e-01 6.045333317879594728e-35
1.857032678036460438e-01 5.743636633051134500e-35
1.944566156157331027e-01 5.461422209287656543e-35
2.036225630488477101e-01 5.197196520767953435e-35
2.132205584844465707e-01 4.949018398533009388e-35
2.232709670269351354e-01 4.716293195054106857e-35
2.337951137145113656e-01 4.497547739023655288e-35
2.448153287668033695e-01 4.291391230146895116e-35
2.563549949653116666e-01 4.096981697642573946e-35
2.684385972671831655e-01 3.913549407592733819e-35
2.810917747575917280e-01 3.740382403589996576e-35
2.943413750509566995e-01 3.576172067644125338e-35
3.082155112564284316e-01 3.419627635670310589e-35
3.227436216285111681e-01 3.270355333543121659e-35
3.379565320293884123e-01 3.127582726899271277e-35
3.538865213354887573e-01 2.991416567436548822e-35
3.705673899270659488e-01 2.860677566715657296e-35
3.880345314061196538e-01 2.734164058500178280e-35
4.063250076948265455e-01 2.611834974244975027e-35
4.254776276738268526e-01 2.493651612815438510e-35
4.455330295272214580e-01 2.379568570457605248e-35
4.665337669689997302e-01 2.270576371401526565e-35
4.885243995338550693e-01 2.167686444765434469e-35
5.115515871239640910e-01 2.070499952297963257e-35
5.356641890123476912e-01 1.978375825360452203e-35
5.609133675128702423e-01 1.891283481750447268e-35
5.873526965368517372e-01 1.808840697388983369e-35
6.150382752666264663e-01 1.730679495408342924e-35
6.440288471872418485e-01 1.656546591307299397e-35
6.743859247288618297e-01 1.586211033796687341e-35
7.061739197843358573e-01 1.519457170472696598e-35
7.394602803788787870e-01 1.455552111386135253e-35
7.743156337818341006e-01 1.393749681764255285e-35
8.108139363641859720e-01 1.334007678753979026e-35
8.490326305197865020e-01 1.276110102747541778e-35
8.890528089832532288e-01 1.220217756474622105e-35
9.309593868931902438e-01 1.166536016848295024e-35
9.748412819658164308e-01 1.115276456859766622e-35
1.020791603161296468e+00 1.066326770093668452e-35
1.068907848243082270e+00 1.019582470166558362e-35
1.119292110649462879e+00 9.749435638650958356e-36
1.172051296116243257e+00 9.323121339760710050e-36
1.227297349510202196e+00 8.915950656184143550e-36
1.285147492354616006e+00 8.526851413314287161e-36
1.345724471550835188e+00 8.153022184770287971e-36
1.409156819823655926e+00 7.794913470184962638e-36
1.475579128443088583e+00 7.451897235427554611e-36
1.545132332801213426e+00 7.123369222616085951e-36
1.617964011450030881e+00 6.808748097893301131e-36
1.694228699234828328e+00 6.507494633846659227e-36
1.774088215187466178e+00 6.219085424155190965e-36
1.857712005875309380e+00 5.942998336903607972e-36
1.945277504934325830e+00 5.678731377363672481e-36
2.036970509549210995e+00 5.426002480046743467e-36
2.132985574679361562e+00 5.184412416973713520e-36
2.233526425867152110e+00 4.954212404279498130e-36
2.338806391504455462e+00 4.734834397364420984e-36
2.449048855474541320e+00 4.525741063626143323e-36
2.564487731129811099e+00 4.326423953229982938e-36
2.685367957611040524e+00 4.136414426087311891e-36
2.811946019561233800e+00 3.955265860694774255e-36
2.944490491336816174e+00 3.782543621212415440e-36
3.083282606870865639e+00 3.617835985514592222e-36
3.228616856397567680e+00 3.460472940759275541e-36
3.380801611303965171e+00 3.309082821311323864e-36
3.540159778434866400e+00 3.163859342172961087e-36
3.707029485239201172e+00 3.024572616097078561e-36
3.881764797211582074e+00 2.891000963565692123e-36
4.064736469151333687e+00 2.762930574127803188e-36
4.256332731833026628e+00 2.640159659004622026e-36
4.456960115757685692e+00 2.522492384264704079e-36
4.667044313732476191e+00 2.409735615589288511e-36
4.887031084109175971e+00 2.301702988292902304e-36
5.117387196597830368e+00 2.198476682496389709e-36
5.358601422662533587e+00 2.100020976254240355e-36
5.611185572600629889e+00 2.006347997487260805e-36
5.875675581505968914e+00 1.917208626811190753e-36
6.152632646420364004e+00 1.832367783055759460e-36
6.442644417085933384e+00 1.751603565875388805e-36
6.746326242825177566e+00 1.674710415548239702e-36
7.064322478194054789e+00 1.601493234395272132e-36
7.397307850178792776e+00 1.531764104792040517e-36
7.745988889836981528e+00 1.465345458752385285e-36
8.111105431420920553e+00 1.401809528705618473e-36
8.493432182163985544e+00 1.340642615445613484e-36
8.893780366060582310e+00 1.281910798429051372e-36
9.312999445127926990e+00 1.225528604623094102e-36
9.751978921801281786e+00 1.171413258867132091e-36
1.021165022628757768e+01 1.119484586050637371e-36
1.069298869288143017e+01 1.069665951124541856e-36
1.119701562943739148e+01 1.021882829028275428e-36
1.172480048438929678e+01 9.760620614442449287e-37
1.227746311591445227e+01 9.321339137916688733e-37
1.285617616805796182e+01 8.901278642631748474e-37
1.346216755885816063e+01 8.499500055944153939e-37
1.409672308575325061e+01 8.115962105389256505e-37
1.476118915379650609e+01 7.749823705663629350e-37
1.545697563246962680e+01 7.400286942011551112e-37
1.618555884715502202e+01 7.066594359404283315e-37
1.694848471161504122e+01 6.748032620628818781e-37
1.774737200812440818e+01 6.443922114371640571e-37
1.858391582221531380e+01 6.153610913467749101e-37
1.945989113932391135e+01 5.876467670492568401e-37
2.037715661096848052e+01 5.611621347322959986e-37
2.133765849845157092e+01 5.358031080249475613e-37
2.234343480245266633e+01 5.115627550557190594e-37
2.339661958727486990e+01 4.883925362286419551e-37
2.449944750891949141e+01 4.662462481200345578e-37
2.565425855659738374e+01 4.450798767401557264e-37
2.686350301773714122e+01 4.248517061348475789e-37
2.812974667702443554e+01 4.055218742538190899e-37
2.945567626050517163e+01 3.870521076718903837e-37
3.084410513630209394e+01 3.694118872056058804e-37
3.229797928404252616e+01 3.526303484907360645e-37
3.382038354566135041e+01 3.366609299978632836e-37
3.541454817084377993e+01 3.214810768727617161e-37
3.708385567099551849e+01 3.070486265735218044e-37
3.883184799628232042e+01 2.933240219083244977e-37
4.066223405096911847e+01 2.802701211036123269e-37
4.257889756300250639e+01 2.678521346727902575e-37
4.458590532453677469e+01 2.560373196576411893e-37
4.668751582088583518e+01 2.447947657507802077e-37
4.888818826621206171e+01 2.340870596514514249e-37
5.119259206512331417e+01 2.238346633782559360e-37
5.360561672025274049e+01 2.140000804405999189e-37
5.613238220684585400e+01 2.045766834510418276e-37
5.877824983636459422e+01 1.955479973379280489e-37
6.154883363216227110e+01 1.868982362594500755e-37
6.445001224136285600e+01 1.786122683657947734e-37
6.748794140822295162e+01 1.706756324145116347e-37
7.066906703543898516e+01 1.630744412493779618e-37
7.400013886111598538e+01 1.557953232425596054e-37
7.748822478041709871e+01 1.488278774964753444e-37
8.114072584227962182e+01 1.421688314923346066e-37
8.496539195302182179e+01 1.358013748894115323e-37
8.897033832015560506e+01 1.297173073686121323e-37
9.316406267130084018e+01 1.239040898748140416e-37
9.755546328473118933e+01 1.183497361667169211e-37
1.021538578698144732e+02 1.130427884776586488e-37
1.069690033374024978e+02 1.079723199426178527e-37
1.120111165021239685e+02 1.031278781937882673e-37
1.172908957605052507e+02 9.849944899084805987e-38
1.228195437909130732e+02 9.407757393791993738e-38
1.286087913234900668e+02 8.985330455061589328e-38
1.346709220305109227e+02 8.581624829248938808e-38
1.410187985899798377e+02 8.195984298690703473e-38
1.476658899777628164e+02 7.827604208581469104e-38
1.546263000461704848e+02 7.475715648110396662e-38
1.619147974496271445e+02 7.139583862872085018e-38
1.695468469809189855e+02 6.818508452616842657e-38
1.775386423845191928e+02 6.511819633190581117e-38
1.859071407166033794e+02 6.218875861073741644e-38
1.946700983246714998e+02 5.939205744089914362e-38
2.038461085231070911e+02 5.672442812739836730e-38
2.134546410446232301e+02 5.417925348205445613e-38
2.235160833513004661e+02 5.175133877518948496e-38
2.340517838928658136e+02 4.943514615225475810e-38
2.450840974040096683e+02 4.722541029035746714e-38
2.566364323368392206e+02 4.511712411491376015e-38
2.687333005291255290e+02 4.310553627322685742e-38
2.814003692137149528e+02 4.118612375402678061e-38
2.946645154794762789e+02 3.935457367508517586e-38
3.085538832993212850e+02 3.760336419036272426e-38
3.230979432463158219e+02 3.592522417379069218e-38
3.383275550245825229e+02 3.431727532017942816e-38
3.542750329476660909e+02 3.277683351604256222e-38
3.709742145033107477e+02 3.130127170791296500e-38
3.884605321501100548e+02 2.988806030668683942e-38
4.067710884983900996e+02 2.853476330470912978e-38
4.259447350348225427e+02 2.723904581400204122e-38
4.460221545578296514e+02 2.599865545885537122e-38
4.670459474986696478e+02 2.481143231182199016e-38
4.890607223113788677e+02 2.367838466654827233e-38
5.121131901233537747e+02 2.259921909619005089e-38
5.362522638473922143e+02 2.157145598067656145e-38
5.615291619655158684e+02 2.059236551865971508e-38
5.879975172047514889e+02 1.965955528580722011e-38
6.157134903354940434e+02 1.877075497327350943e-38
6.447358893338758890e+02 1.792380992312366840e-38
6.751262941610102644e+02 1.711668391780958143e-38
7.069491874238547098e+02 1.634744138735466508e-38
7.402720911949194260e+02 1.561424921200763532e-38
7.751657102811585673e+02 1.491572193568917177e-38
8.117040822459899800e+02 1.425032832398359311e-38
8.499647345028088239e+02 1.361669142256160994e-38
8.900288488132700877e+02 1.301293474829928496e-38
9.319814335394115687e+02 1.243757941193913201e-38
9.759115040150909408e+02 1.188922348079919492e-38
1.021912271419428180e+03 1.136653778165226085e-38
1.070081340553055497e+03 1.086827453227468458e-38
1.120520916936757430e+03 1.039324654795045708e-38
1.173338023671988367e+03 9.940113573703613131e-39
1.228644728523338472e+03 9.505177862898497174e-39
1.286558381704842304e+03 9.086997689238154615e-39
1.347201864874595458e+03 8.685351572863456974e-39
1.410703851866058585e+03 8.299357386284148604e-39
1.477199081709248048e+03 7.928510100685170960e-39
1.546828644521079468e+03 7.572317362843423847e-39
1.619740280871544428e+03 7.230299181469949659e-39
1.696088695260822533e+03 6.901993082024266831e-39
1.776035884372568034e+03 6.586946425370495029e-39
1.859751480799757474e+03 6.285089856661120671e-39
1.947413112972526960e+03 5.998623699145082389e-39
2.039206782051587652e+03 5.727242966630658596e-39
2.135327256587003831e+03 5.470408165617105495e-39
2.235978485779692619e+03 5.226918003697322954e-39
2.341374032222460301e+03 4.996010948807915476e-39
2.451737525038874537e+03 4.776973741456232010e-39
2.567303134381312248e+03 4.569138050125654702e-39
2.688316068295122932e+03 4.371889091449785848e-39
2.815033093003010435e+03 4.184646790071932587e-39
2.947723077713695147e+03 4.006530825032976995e-39
3.086667565110796204e+03 3.835614271653748720e-39
3.232161368732336541e+03 3.671469545001591605e-39
3.384513198508541336e+03 3.514199094728240552e-39
3.544046315785016759e+03 3.363164952357719709e-39
3.711099219221342082e+03 3.218141647635346464e-39
3.886026363020219378e+03 3.078911316988690874e-39
4.069198909011286560e+03 2.945263452283170881e-39
4.261005514185319953e+03 2.817002885807974415e-39
4.461853155349724148e+03 2.693938297909715837e-39
4.672167992655286071e+03 2.576095387518691380e-39
4.892396273826158904e+03 2.463885749737962227e-39
5.123005281011972329e+03 2.357085554809150949e-39
5.364484322270797747e+03 2.255779745333567791e-39
5.617345769787034442e+03 2.159285116155432058e-39
5.882126147026780018e+03 2.067356090960688143e-39
6.159387267137692106e+03 1.979760601085812526e-39
6.449717425008716418e+03 1.896279309647100424e-39
6.753732645518853133e+03 1.816713266217365451e-39
7.072077990623834921e+03 1.740871721982915573e-39
7.405428928053699565e+03 1.668390955846085764e-39
7.754492764525798520e+03 1.598777877418707234e-39
8.120010146513798645e+03 1.531942011930581201e-39
8.502756631757485593e+03 1.468166954349722996e-39
8.903544334847347272e+03 1.406906006521143784e-39
9.323223650375923171e+03 1.348065947920390499e-39
9.762685057312002755e+03 1.291556902321239231e-39
1.022286100842598353e+04 1.237292226242603582e-39
1.070472790877581429e+04 1.185193642613646386e-39
1.120930818745103716e+04 1.135183933609532482e-39
1.173767246697132214e+04 1.087606641269804627e-39
1.229094183494171557e+04 1.042858405795696003e-39
1.287029022278557386e+04 1.000784748061888087e-39
1.347694689660171389e+04 9.616388127302311211e-40
1.411219906543111756e+04 9.247746182949365788e-40
1.477739461246771862e+04 8.898437257448693666e-40
1.547394495500754056e+04 8.546073060016493134e-40
1.620332803920555853e+04 8.206674520767314578e-40
1.696709147599375501e+04 7.892709934733097432e-40
1.776685582481446181e+04 7.599729331179064342e-40
1.860431803213677995e+04 7.315753431135791830e-40
1.948125503205091081e+04 7.052158442072197370e-40
2.039952751658156922e+04 6.798703169701342931e-40
2.136108388371923138e+04 6.556429850586510804e-40
2.236796437154710293e+04 6.326266262241943640e-40
2.342230538723429709e+04 6.106257172384058748e-40
2.452634404008217825e+04 5.899752954703538419e-40
2.568242288824091156e+04 5.707308006944337884e-40
2.689299490916820650e+04 5.520245496519062254e-40
2.816062870437715901e+04 5.329286868806843234e-40
2.948801394951510520e+04 5.146102507287931275e-40
3.087796710133960005e+04 4.959691329978985477e-40
3.233343737369891824e+04 4.792731036790213167e-40
3.385751299519840541e+04 4.649296314522549848e-40
3.545342776182813395e+04 4.500182320991751315e-40
3.712456789845796447e+04 4.359328708052016316e-40
3.887447924375670846e+04 4.227627490276715232e-40
4.070687477378117910e+04 4.106506206410841841e-40
4.262564248019947991e+04 3.994928249213063706e-40
4.463485361986226781e+04 3.883402330830569784e-40
4.673877135322906543e+04 3.754432660135095623e-40
4.894185978997634811e+04 3.655754717633725688e-40
5.124879346098231326e+04 3.561339447499020683e-40
5.366446723678321723e+04 3.476080410337772550e-40
5.619400671355003578e+04 3.393037205219275475e-40
5.884277908861973992e+04 3.311482405889626540e-40
6.161640454865802894e+04 3.231470264266443005e-40
6.452076819461665582e+04 3.153232244880812643e-40
6.756203252878927742e+04 3.076525035010086799e-40
7.074665053045716195e+04 3.002405609035789876e-40
7.408137934787390986e+04 2.934392178730979378e-40
7.757329463563700847e+04 2.874712823697844217e-40
8.122980556786873785e+04 2.822780508109589789e-40
8.505867055906313180e+04 2.778073382665501728e-40
8.906801372595060093e+04 2.740189439634124396e-40
9.326634212531600497e+04 2.678494357675468963e-40
9.766256380433974846e+04 2.549182045139304561e-40
1.022660067017660331e+05 2.360034181128579873e-40
1.070864384399964765e+05 2.124958668803352253e-40
1.121340870501118479e+05 1.860712367605689259e-40
1.174196626737909100e+05 1.581705219389287961e-40
1.229543802881751617e+05 1.287913440644920719e-40
1.287499835019001184e+05 9.368666190212665368e-41
1.348187694727762719e+05 4.664338133503860403e-41
1.411736149999999616e+05 3.335198517702742393e-41
