5.109905999999998913e-04 1.086122758265513054e-32
5.350504624019347981e-04 1.312991424341505069e-32
5.602431773040918552e-04 1.547160439000046153e-32
5.866220847782397350e-04 1.775165327848129815e-32
6.142430363998558880e-04 2.009684497968928607e-32
6.431645135016406199e-04 2.230664195460633280e-32
6.734477509949660622e-04 2.393831551057739222e-32
7.051568670214280370e-04 2.512021766497860082e-32
7.383589987090071437e-04 2.595011281457172664e-32
7.731244443202749421e-04 2.652427475432888077e-32
8.095268120936112985e-04 2.687186523373501317e-32
8.476431760925766390e-04 2.703090936398207620e-32
8.875542393934006445e-04 2.706922136595161382e-32
9.293445049561315126e-04 2.701296520903017160e-32
9.731024545411900550e-04 2.684241333242571462e-32
1.018920736050176953e-03 2.657658066474586912e-32
1.066896359687569780e-03 2.624565798930088450e-32
1.117130903358643564e-03 2.586322117267806293e-32
1.169730727738501307e-03 2.543392786457052395e-32
1.224807201467574894e-03 2.495197983064657290e-32
1.282476936950397535e-03 2.443687333376325962e-32
1.342862037256903080e-03 2.391128299140441584e-32
1.406090354649009843e-03 2.336123161852916370e-32
1.472295761279861833e-03 2.278096214639766780e-32
1.541618432638875921e-03 2.216484782763574227e-32
1.614205144342727074e-03 2.152178028497792240e-32
1.690209582900660491e-03 2.086291957705673581e-32
1.769792671112110178e-03 2.020896593092213020e-32
1.853122908785582394e-03 1.956487585761208250e-32
1.940376729500199347e-03 1.892557861847102044e-32
2.031738874165270065e-03 1.828996351333495338e-32
2.127402782168817154e-03 1.765911258085630192e-32
2.227571000943245286e-03 1.705452255654234393e-32
2.332455614815269213e-03 1.647298901270066238e-32
2.442278694048188696e-03 1.589014181072256281e-32
2.557272765027136883e-03 1.531395994342029599e-32
2.677681302582952082e-03 1.475342300868838868e-32
2.803759245496930362e-03 1.421919488725288572e-32
2.935773536278030692e-03 1.370058644330670973e-32
3.074003686355334178e-03 1.316472977492425245e-32
3.218742367882450328e-03 1.264317103233212582e-32
3.370296033406884519e-03 1.215463909425117425e-32
3.528985564716377501e-03 1.165476262463272563e-32
3.695146952236012111e-03 1.114788597554223335e-32
3.869132006414557640e-03 1.066432559097174760e-32
4.051309102606261495e-03 1.021342204477123746e-32
4.242063961025208975e-03 9.794656910233827843e-33
4.441800463423635492e-03 9.368798645585064910e-33
4.650941508223331057e-03 8.949273172589543525e-33
4.869929905910687883e-03 8.578187644904106717e-33
5.099229316591195361e-03 8.215964430967663291e-33
5.339325231688452945e-03 7.841624652003496537e-33
5.590726001866222310e-03 7.473287124181359697e-33
5.853963913349963591e-03 7.121355287672909226e-33
6.129596314926605803e-03 6.798232123753570008e-33
6.418206798008965416e-03 6.482947440512574515e-33
6.720406432263010925e-03 6.168352469413514702e-33
7.036835059414527950e-03 5.876820685777158582e-33
7.368162647974123292e-03 5.600614886446916919e-33
7.715090711749335653e-03 5.321805356472339057e-33
8.078353795146828512e-03 5.052251611925351677e-33
8.458721028409790788e-03 4.798091258378385655e-33
8.856997756083241288e-03 4.562119617865462100e-33
9.274027242155213208e-03 4.339387658510255203e-33
9.710692455484089616e-03 4.122458232903708024e-33
1.016791793929231261e-02 3.913990006619960621e-33
1.064667176868474945e-02 3.715079325898033469e-33
1.114796760033628931e-02 3.525448929547440296e-33
1.167286681868848555e-02 3.345121857595546720e-33
1.222248078319929446e-02 3.174283424180180615e-33
1.279797318140400708e-02 3.012432926399965882e-33
1.340056249276948622e-02 2.859069095579203715e-33
1.403152456855828560e-02 2.713758528667906914e-33
1.469219533316507356e-02 2.575840733191619945e-33
1.538397361264477736e-02 2.444569447157417612e-33
1.610832409642124971e-02 2.319650518827352757e-33
1.686678043844724514e-02 2.200760908872873396e-33
1.766094850438170230e-02 2.087580114271664102e-33
1.849250977165957724e-02 1.980111921479137000e-33
1.936322488965307176e-02 1.878484597839393296e-33
2.027493740746214371e-02 1.782367327010110253e-33
2.122957767722714884e-02 1.691425324029659588e-33
2.222916694122784378e-02 1.605376097740106304e-33
2.327582161142252234e-02 1.523771788422310346e-33
2.437175775048811346e-02 1.446097184500166914e-33
2.551929576384889473e-02 1.372173236114253406e-33
2.672086531262823569e-02 1.301849057093848878e-33
2.797901045792536984e-02 1.234983381326532100e-33
2.929639504730917332e-02 1.171702920297981907e-33
3.067580835493358832e-02 1.112285293286141424e-33
3.212017098721650643e-02 1.056468240689495599e-33
3.363254106658595394e-02 1.003987466655175301e-33
3.521612070638653613e-02 9.546244527717537088e-34
3.687426279065499773e-02 9.081760154987487409e-34
3.861047807311997204e-02 8.644585191567807347e-34
4.042844261045625692e-02 8.232862638832548381e-34
4.233200554553196576e-02 7.844864267492985381e-34
4.432519725712791986e-02 7.478990126524279488e-34
4.641223789338447953e-02 7.131646490296302771e-34
4.859754630704355566e-02 6.798078673732139603e-34
5.088574941140423802e-02 6.477823932558787416e-34
5.328169197680115987e-02 6.170410528561776698e-34
5.579044688834770144e-02 5.875564848070057923e-34
5.841732588666215947e-02 5.595062072242352290e-34
6.116789081431851793e-02 5.331972568921708445e-34
6.404796539183341131e-02 5.085097730871608542e-34
6.706364754812239870e-02 4.853260131097215158e-34
7.022132233153266512e-02 4.635385369334642732e-34
7.352767542878844986e-02 4.429627968740734417e-34
7.698970732047252796e-02 4.233656957401683231e-34
8.061474810301491600e-02 4.046931599150863472e-34
8.441047300857126845e-02 3.868905786401310603e-34
8.838491865565061001e-02 3.699204500128571314e-34
9.254650006489995029e-02 3.536856083995489309e-34
9.690402847607258729e-02 3.380513988790170822e-34
1.014667300039039932e-01 3.230000849787581041e-34
1.062442651723947834e-01 3.085171789905761256e-34
1.112467493688604342e-01 2.945883074595196258e-34
1.164847742610546633e-01 2.812551108918435823e-34
1.219694302227131016e-01 2.685996523830942200e-34
1.277123298149969444e-01 2.565858410018881039e-34
1.337256323735554753e-01 2.451715494152717250e-34
1.400220697532635616e-01 2.343276212035399991e-34
1.466149732851439180e-01 2.240426669531224858e-34
1.535183020025487344e-01 2.143218124696541389e-34
1.607466721963644596e-01 2.051300366432589034e-34
1.683153883618153657e-01 1.964342577870633482e-34
1.762404756023898678e-01 1.882040248954526497e-34
1.845387135594972472e-01 1.803638685878336281e-34
1.932276719396936182e-01 1.728027465265319897e-34
2.023257477146985783e-01 1.655108010436177922e-34
2.118522040729647338e-01 1.584771315835714308e-34
2.218272112052723788e-01 1.516985167177377660e-34
2.322718890107032530e-01 1.451970389262831834e-34
2.432083518134143529e-01 1.390176782992247177e-34
2.546597551848895358e-01 1.331440449930610457e-34
2.666503449708050866e-01 1.275593791697040692e-34
2.792055086263127150e-01 1.222481413634678259e-34
2.923518289684312044e-01 1.171622410970151791e-34
3.061171404593555079e-01 1.122256921606447992e-34
3.205305881398526902e-01 1.074359165543838468e-34
3.356226893375188203e-01 1.027896267069605111e-34
3.514253982805562448e-01 9.828863815130856936e-35
3.679721737538728665e-01 9.394763190295290451e-35
3.852980499407519521e-01 8.979396542327828944e-35
4.034397106000837119e-01 8.582068240711841921e-35
4.224355667362131306e-01 8.202018956585279977e-35
4.423258379258527828e-01 7.838527937573895217e-35
4.631526374742526153e-01 7.492923389927084228e-35
4.849600615809265269e-01 7.168429294971780463e-35
5.077942827037240647e-01 6.863698562908829933e-35
5.317036473189259427e-01 6.577161947636629071e-35
5.567387782843493671e-01 6.307751745845508358e-35
5.829526820221926364e-01 6.051680639954998194e-35
6.104008607485583715e-01 5.802588878236234338e-35
6.391414299872743010e-01 5.560286142873125098e-35
6.692352416168222407e-01 5.324804593923022447e-35
7.007460127109018666e-01 5.096174985839173970e-35
7.337404604454176305e-01 4.874988294558603031e-35
7.682884433575281058e-01 4.662410066184812904e-35
8.044631092558410801e-01 4.458206665143959076e-35
8.423410500949254365e-01 4.261963720591558995e-35
8.820024641420435296e-01 4.073536843541240605e-35
9.235313257794690589e-01 3.893171669695913871e-35
9.670155633019020813e-01 3.721576544480577354e-35
1.012547245085428704e+00 3.558318773488938728e-35
1.060222774522200373e+00 3.402957096791655978e-35
1.110143094133562824e+00 3.255080830922134239e-35
1.162413899293798014e+00 3.114295655393517324e-35
1.217145862016997704e+00 2.980231135024608667e-35
1.274454865280880478e+00 2.852499550249992433e-35
1.334462248383689875e+00 2.729942876476009977e-35
1.397295063853657870e+00 2.612162841801503833e-35
1.463086346454985254e+00 2.499013558901423353e-35
1.531975394859900419e+00 2.390335972252577174e-35
1.604108066583175063e+00 2.285975483217811569e-35
1.679637086803556834e+00 2.185785834286349183e-35
1.758722371725980560e+00 2.089627383507166242e-35
1.841531367169207289e+00 1.997357152484875017e-35
1.928239403095774795e+00 1.908836227156085109e-35
2.019030064834901328e+00 1.823948067899166782e-35
2.114095581784327660e+00 1.742858488132875362e-35
2.213637234414079114e+00 1.665580519900545586e-35
2.317865780433912892e+00 1.591935549100460734e-35
2.427001901026724973e+00 1.521742489084844238e-35
2.541276668092767643e+00 1.454830023831904381e-35
2.660932033493930593e+00 1.391038280486110353e-35
2.786221341333966706e+00 1.330217476415765254e-35
2.917409864359301608e+00 1.272221572343465581e-35
3.054775365616139826e+00 1.216912166159184373e-35
3.198608686553050529e+00 1.164150941864730770e-35
3.349214362814219026e+00 1.113620251661964502e-35
3.506911269027159328e+00 1.065198535269155026e-35
3.672033293950099697e+00 1.018809418266697057e-35
3.844930047408506191e+00 9.743709229082349749e-36
4.025967600517533107e+00 9.318042480147093614e-36
4.215529260757662655e+00 8.910349950034732012e-36
4.414016383544578481e+00 8.519926415661732906e-36
4.621849222011604752e+00 8.146067916899349373e-36
4.839467816803933786e+00 7.788097512373002430e-36
5.067332927768587680e+00 7.445356150352273990e-36
5.305927009512764414e+00 7.116757978719860829e-36
5.555755232896099294e+00 6.801875776228589808e-36
5.817346554619655663e+00 6.500227927241496085e-36
6.091254837176156123e+00 6.211292276983450774e-36
6.378060021532936830e+00 5.934566190584345787e-36
6.678369355030188359e+00 5.669572926280339554e-36
6.992818677094682300e+00 5.415859153695527260e-36
7.322073765490778818e+00 5.172974216616462551e-36
7.666831745959557409e+00 4.940484058611131057e-36
8.027822568230201128e+00 4.718002758354148070e-36
8.405810551529247832e+00 4.505737075241028183e-36
8.801596002859511714e+00 4.303642765170693902e-36
9.216016911475490403e+00 4.111236797900855139e-36
9.649950723142477926e+00 3.928025881712490701e-36
1.010431619793644664e+01 3.753543772387427620e-36
1.058007535551781508e+01 3.587355223696248555e-36
1.107823551199790657e+01 3.429053408183943423e-36
1.159985141271096154e+01 3.278242129112645311e-36
1.214602746540686162e+01 3.134546222744541102e-36
1.271792007859351870e+01 2.997587997701890540e-36
1.331674010997913982e+01 2.866340622852910571e-36
1.394375543019918595e+01 2.740392437795925222e-36
1.460029360725531333e+01 2.619573379330729509e-36
1.528774471735092177e+01 2.503694027293850900e-36
1.600756428807367371e+01 2.392571200322176723e-36
1.676127638015753618e+01 2.286028351550435996e-36
1.755047681434826856e+01 2.183895310017083967e-36
1.837683655020559570e+01 2.086006316351375757e-36
1.924210522399486933e+01 1.992201114632929693e-36
2.014811485316002404e+01 1.902334528314211200e-36
2.109678371522010920e+01 1.816471317292636994e-36
2.209012040930330301e+01 1.734596828846481046e-36
2.313022810891656178e+01 1.656534248609219179e-36
2.421930901495653998e+01 1.582100412352020423e-36
2.535966901838866505e+01 1.511121284282584943e-36
2.655372258246798012e+01 1.443432998032073637e-36
2.780399785483766095e+01 1.378881301548700716e-36
2.911314202032929899e+01 1.317316292696107383e-36
3.048392690579906628e+01 1.258595384994351970e-36
3.191925484886523989e+01 1.202581178431645600e-36
3.342216484297473755e+01 1.149054254160936755e-36
3.499583897180752246e+01 1.097901378174052065e-36
3.664360914664435143e+01 1.049026223980167862e-36
3.836896416096071505e+01 1.002327347020137581e-36
4.017555707718560853e+01 9.577078231424735177e-37
4.206721296126281828e+01 9.150754691791939066e-37
4.404793698139332747e+01 8.743426479652836228e-37
4.612192288810354768e+01 8.354246815886189321e-37
4.829356189359688756e+01 7.982406379759194844e-37
5.056745196918583929e+01 7.627131090954997081e-37
5.294840758049276275e+01 7.287463021674572602e-37
5.544146988102860973e+01 6.962838862748531931e-37
5.805191738573534366e+01 6.652646925512076980e-37
6.078527714708761209e+01 6.356246894367288947e-37
6.364733645742020940e+01 6.073026804760918412e-37
6.664415510225467187e+01 5.802403957755515779e-37
6.978207819057257666e+01 5.543823854258305647e-37
7.306774958919767471e+01 5.296751558807253951e-37
7.650812598973242018e+01 5.060675674462650037e-37
8.011049163783417271e+01 4.835098301914602591e-37
8.388247375601325473e+01 4.619115025777898710e-37
8.783205869261216492e+01 4.412246147303696571e-37
9.196760883115261720e+01 4.214162306813782891e-37
9.629788029585775178e+01 4.024513784980380506e-37
1.008320414908313722e+02 3.842964068773792314e-37
1.055796925121527892e+02 3.669190189939650340e-37
1.105508854739821061e+02 3.502882349536011257e-37
1.157561457917181542e+02 3.343740413366836859e-37
1.212064944672652018e+02 3.191475498607944610e-37
1.269134714235993329e+02 3.045824284969699531e-37
1.328891599380331172e+02 2.907041366902614901e-37
1.391462122259183900e+02 2.775116609120547527e-37
1.456978762289469103e+02 2.649702612942105156e-37
1.525580236647758454e+02 2.530454897438059818e-37
1.597411793973579108e+02 2.417049125387136913e-37
1.672625521901711636e+02 2.309180205598426961e-37
1.751380669074514458e+02 2.206561152543343469e-37
1.833843982316168137e+02 2.108920357972636187e-37
1.920190059682648496e+02 2.016001587094345506e-37
2.010601720134967252e+02 1.927553729906786092e-37
2.105270390618420606e+02 1.842913929360355542e-37
2.204396511367306744e+02 1.761726131456843947e-37
2.308189960293380807e+02 1.683869043230383872e-37
2.416870497356459850e+02 1.609216459338158959e-37
2.530668229858180496e+02 1.537646797624023552e-37
2.649824099643915361e+02 1.469043112534207530e-37
2.774590393244551478e+02 1.403292969725000108e-37
2.905231276038076089e+02 1.340287477624238127e-37
3.042023351562118023e+02 1.279921642439818670e-37
3.185256247161480587e+02 1.222096250842226133e-37
3.335233227210840710e+02 1.166797545279625548e-37
3.492271835210776771e+02 1.113979029735173030e-37
3.656704566116836190e+02 1.063534784248546733e-37
3.828879570324929773e+02 1.015358955928021763e-37
4.009161390803818108e+02 9.693503756066602255e-38
4.197931734935173154e+02 9.254124723586436609e-38
4.395590282695657152e+02 8.834531184496980839e-38
4.602555532891917665e+02 8.433839537113810792e-38
4.819265689240471033e+02 8.051205177118290563e-38
5.046179588168346299e+02 7.685825199267597733e-38
5.283777670298976545e+02 7.337096486540878742e-38
5.532562997680365697e+02 7.004414387276510588e-38
5.793062318909020405e+02 6.687047563059161412e-38
6.065827184405153503e+02 6.384279072510271111e-38
6.351435114200145335e+02 6.095427333202055378e-38
6.650490820709181889e+02 5.819845096173401049e-38
6.963627489077622386e+02 5.556918021303008163e-38
7.291508117812364844e+02 5.306059187251937626e-38
7.634826922536273059e+02 5.066709894650096504e-38
7.994310805838265424e+02 4.838340921916767538e-38
8.370720896330664118e+02 4.620579758485538084e-38
8.764854160172938009e+02 4.413020078483202817e-38
9.177545088473345913e+02 4.215171772714205045e-38
9.609667464141758728e+02 4.026561654547696710e-38
1.006213621193398012e+03 3.846740907278283829e-38
1.053590933560526310e+03 3.675284461134550339e-38
1.103198994627387265e+03 3.511790093869048183e-38
1.155142838628995833e+03 3.355874075274647800e-38
1.209532445310593403e+03 3.207172022274068790e-38
1.266482972785752509e+03 3.065331196699852758e-38
1.326115001358527479e+03 2.929554527588901547e-38
1.388554788825903870e+03 2.799324872627601762e-38
1.453934537801129181e+03 2.674440667953276538e-38
1.522392675623850664e+03 2.554704066194316110e-38
1.594074147449798602e+03 2.439923882699016465e-38
1.669130723140472583e+03 2.329916030510542085e-38
1.747721318602703832e+03 2.224503692944383144e-38
1.830012332258352899e+03 2.123514089364705368e-38
1.916177997356655851e+03 2.026780136084883132e-38
2.006400750875048061e+03 1.934146424651272369e-38
2.100871619789649685e+03 1.845926015141837235e-38
2.199790625533136790e+03 1.762183143888417743e-38
2.303367207496473839e+03 1.682670310934318625e-38
2.411820666471047389e+03 1.607155564883701197e-38
2.525380628970235648e+03 1.535421038385476561e-38
2.644287533413359142e+03 1.467262644400052495e-38
2.768793139201564827e+03 1.402489635130158128e-38
2.899161059763331650e+03 1.340920750056611625e-38
3.035667320698376443e+03 1.282385310388093950e-38
3.178600944201532002e+03 1.226719276446537813e-38
3.328264561004171810e+03 1.173471928740925100e-38
3.484975051128637460e+03 1.122346183055950000e-38
3.649064214812527553e+03 1.073264452733942357e-38
3.820879475023216401e+03 1.026153207008044912e-38
4.000784613050087501e+03 9.809413140656557118e-39
4.189160538732019631e+03 9.375605552108195768e-39
4.386406096950713618e+03 8.959460043832121933e-39
4.592938912097694811e+03 8.560330707803513096e-39
4.809196272302678153e+03 8.177591622755095604e-39
5.035636055295756705e+03 7.810643928480017923e-39
5.272737697863419271e+03 7.459625645795340628e-39
5.521003210951314941e+03 7.124281739712157216e-39
5.780958242562711348e+03 6.803895558050129557e-39
6.053153190703427754e+03 6.497804893546054391e-39
6.338164368729313537e+03 6.205376812178197502e-39
6.636595225564013163e+03 5.926013523469885541e-39
6.949077623370166293e+03 5.659157310111532682e-39
7.276273175379645181e+03 5.404253195473282337e-39
7.618874646714969458e+03 5.160769243147162707e-39
7.977607421168269866e+03 4.928201089023391602e-39
8.353231037042924072e+03 4.706602956471141795e-39
8.746540795310158501e+03 4.495734905319796386e-39
9.158369443485033116e+03 4.295021430863966362e-39
9.589588938787548614e+03 4.103943994320163973e-39
1.004111229432159598e+04 3.922012114072931924e-39
1.051389551218068846e+04 3.748766539781570797e-39
1.100893960757379864e+04 3.583782322976703616e-39
1.152729272825631415e+04 3.426642421434969726e-39
1.207005237375408069e+04 3.276950981288518240e-39
1.263836771907875845e+04 3.134330967743868760e-39
1.323344204785522379e+04 2.998135060950692395e-39
1.385653530001166109e+04 2.867797524186515463e-39
1.450896673942729285e+04 2.743042665228717350e-39
1.519211774718528795e+04 2.623634727011005149e-39
1.590743474634586528e+04 2.509347824103404684e-39
1.665643226443099411e+04 2.399971973415970273e-39
1.744069614010578152e+04 2.295319526336351619e-39
1.826188688084522801e+04 2.195189903997189460e-39
1.912174317869654988e+04 2.099389372654786410e-39
2.002208559157961645e+04 2.007733178854349038e-39
2.096482039792087016e+04 1.920231079735238774e-39
2.195194363278124365e+04 1.836754986262193508e-39
2.298554531402495923e+04 1.757083105605440010e-39
2.406781386747558645e+04 1.681034837882011496e-39
2.520104076042984161e+04 1.608438481060958938e-39
2.638762535333925189e+04 1.539136762640746495e-39
2.763007997993147728e+04 1.472993393221899316e-39
2.893103526652890650e+04 1.409859078442896958e-39
3.029324570182496609e+04 1.349590243247540280e-39
3.171959546891259015e+04 1.292050368797442295e-39
3.321310455191148503e+04 1.237149348211701427e-39
3.477693513012574840e+04 1.184718135402997170e-39
3.641439827326736849e+04 1.134610079533783357e-39
3.812896095192354551e+04 1.086718283530802312e-39
3.992425337810908968e+04 1.040940972595857969e-39
4.180407669144844840e+04 9.971874848372088686e-40
4.377241100725809520e+04 9.553860292695364920e-40
4.583342384357179981e+04 9.154471276056826448e-40
4.799147894494915818e+04 8.772837535562651766e-40
5.025114552175273275e+04 8.408135221153617121e-40
5.261720792445262487e+04 8.061360637470372436e-40
5.509467577344299934e+04 7.732149714883216046e-40
5.768879456582044077e+04 7.419171346548944732e-40
6.040505678157763759e+04 7.121535815553090603e-40
6.324921351273066102e+04 6.838409187835310226e-40
6.622728663999927812e+04 6.569074573195961156e-40
6.934558158282571821e+04 6.313020009676747615e-40
7.261070064972224645e+04 6.069542437815512878e-40
7.602955701721778314e+04 5.837960971527432399e-40
7.960938936699964688e+04 5.617630955808865483e-40
8.335777721223991830e+04 5.406150711194774885e-40
8.728265694556101516e+04 5.200883419129875898e-40
9.139233864261265262e+04 5.001335079266575502e-40
9.569552365684276447e+04 4.807448193607089827e-40
1.002013230427114904e+05 4.619170610352266757e-40
1.049192768463615212e+05 4.437349085492582488e-40
1.098593743045807350e+05 4.268712808476619051e-40
1.150320749948303273e+05 4.112410433098060354e-40
1.204483309811138606e+05 3.964384090809773408e-40
1.261196100025836204e+05 3.821271321503284759e-40
1.320579197539719753e+05 3.685786260306176808e-40
1.382758333092634857e+05 3.564770171789237867e-40
1.447865157424309291e+05 3.451734426613575817e-40
1.516037520016074996e+05 3.340147025700303281e-40
1.587419760957017133e+05 3.229568437772432798e-40
1.662163016552600893e+05 3.128561868758954927e-40
1.740425539322764962e+05 3.030522435071957461e-40
1.822373033067107899e+05 2.941560736844601816e-40
1.908179003706470830e+05 2.859108665502732254e-40
1.998025126643835683e+05 2.776041603886376730e-40
2.092101631422323699e+05 2.699137670650362391e-40
2.190607704494672944e+05 2.626107575946886742e-40
2.293751910957099171e+05 2.558267963354067428e-40
2.401752636140305549e+05 2.496654059874371684e-40
2.514838547992742970e+05 2.439793076425485704e-40
2.633249081235009944e+05 2.384574984839825350e-40
2.757234944310640567e+05 2.332674035522376083e-40
2.887058650206442107e+05 2.281630790384413660e-40
3.022995072266432107e+05 2.236237883318368602e-40
3.165332026176065556e+05 2.197566294410928974e-40
3.314370879349161405e+05 2.146596848056522374e-40
3.470427189007536508e+05 2.114766614836166766e-40
3.633831370304532466e+05 2.089133614298456200e-40
3.804929395906881546e+05 2.068973486596025940e-40
3.984083528516355436e+05 2.054132524753839273e-40
4.171673087881864049e+05 2.042972328530477663e-40
4.368095253926208825e+05 2.034285516972386155e-40
4.573765907687759609e+05 2.028026153244126896e-40
4.789120511857828242e+05 2.024155549578320885e-40
5.014615032777744345e+05 2.022979557688891897e-40
5.250726905848020688e+05 2.029359569133696001e-40
5.497956046393559081e+05 2.044347992441453517e-40
5.756825908125090646e+05 2.068277525545066372e-40
6.027884591438209172e+05 2.101975310854453937e-40
6.311706003896174952e+05 2.145856211155993080e-40
6.608891075353886699e+05 2.198264925865652531e-40
6.920069030295496341e+05 2.257158274593483840e-40
7.245898720079999184e+05 2.322484752475904892e-40
7.587070017914982745e+05 2.393654010486083804e-40
7.944305279512540437e+05 2.468941448020434277e-40
8.318360872519598342e+05 2.541864392563646021e-40
8.710028777961413143e+05 2.597368417631878231e-40
9.120138267088297289e+05 2.591929522779768321e-40
9.549557657176451758e+05 2.403879443369652530e-40
9.999196150000006892e+05 1.735349199097793435e-40
