5.109905999999998913e-04 6.062229462197757999e-37
5.350953659603643062e-04 7.882673948490324464e-37
5.603372169121230819e-04 9.944327851758353639e-37
5.867697921347370419e-04 1.215225500431356977e-36
6.144492612130706896e-04 1.427047286680726140e-36
6.434344433985353558e-04 1.617567172928155967e-36
6.737869326007997570e-04 1.787722697057402320e-36
7.055712282756989055e-04 1.959464066255324828e-36
7.388548724874564660e-04 2.141315819425814933e-36
7.737085934365004738e-04 2.304151317680503218e-36
8.102064557578613022e-04 2.442263803443027004e-36
8.484260179095312777e-04 2.558219334429444646e-36
8.884484969852581926e-04 2.662201351530301719e-36
9.303589413019768472e-04 2.761456722169320130e-36
9.742464111286556518e-04 2.870016573480507498e-36
1.020204167940583564e-03 2.988308953784816916e-36
1.068329872601286824e-03 3.113536755211598075e-36
1.118725792893205838e-03 3.230700755932711584e-36
1.171499020838129290e-03 3.334668944013459826e-36
1.226761700269216786e-03 3.431465522618264959e-36
1.284631265138174274e-03 3.539397679728989703e-36
1.345230689064020246e-03 3.677540356508578396e-36
1.408688746653705614e-03 3.804121391226348944e-36
1.475140287149921898e-03 3.906508225794223634e-36
1.544726520987596335e-03 3.997107452651898186e-36
1.617595319867994388e-03 4.093572734996301044e-36
1.693901530988116367e-03 4.210621037622969320e-36
1.773807306093119242e-03 4.317858091497163975e-36
1.857482446050995328e-03 4.410284484154082784e-36
1.945104761681741568e-03 4.501921175519000642e-36
2.036860451607794276e-03 4.599449479589744986e-36
2.132944497928661743e-03 4.706832693710494983e-36
2.233561080560548476e-03 4.813039887048217599e-36
2.338924011121480944e-03 4.916428672833727538e-36
2.449257187283938614e-03 5.020754415986431075e-36
2.564795068560459749e-03 5.109990185349633871e-36
2.685783174533341953e-03 5.173145056447090834e-36
2.812478606587100194e-03 5.223310221223016062e-36
2.945150594252457683e-03 5.276893144356086259e-36
3.084081067322771725e-03 5.364333986473320394e-36
3.229565254958717546e-03 5.439519723939983786e-36
3.381912313054315049e-03 5.476566073667086555e-36
3.541445981197421759e-03 5.514541759388922852e-36
3.708505270620821720e-03 5.564189757983701049e-36
3.883445184605717991e-03 5.631600391597014421e-36
4.066637472868603331e-03 5.699568248092674001e-36
4.258471421534479849e-03 5.759747247756434266e-36
4.459354680375222750e-03 5.822835996858408816e-36
4.669714129070952000e-03 5.884978279780192454e-36
4.889996784335177288e-03 5.936250250137115941e-36
5.120670749831477200e-03 5.982814586753146286e-36
5.362226210900170910e-03 6.029674727135554993e-36
5.615176476208925960e-03 6.086892638701590715e-36
5.880059068540682658e-03 6.138171456888921575e-36
6.157436867036952290e-03 6.157376214584513181e-36
6.447899303323735912e-03 6.183789809403833993e-36
6.752063614061771038e-03 6.226342139187600127e-36
7.070576152582924018e-03 6.246819385899715288e-36
7.404113762399897047e-03 6.250354405634308798e-36
7.753385215507962828e-03 6.250283762568327558e-36
8.119132718535159582e-03 6.248491667728363745e-36
8.502133489941565009e-03 6.242966258419118893e-36
8.903201411619219088e-03 6.223290536380360926e-36
9.323188758402245133e-03 6.196263254052121724e-36
9.762988009162594516e-03 6.170610494327670437e-36
1.022353374333990692e-02 6.141908689858208052e-36
1.070580462693559998e-02 6.108720743355790549e-36
1.121082549219156767e-02 6.071121545239138202e-36
1.173966951537274567e-02 6.029271260615025998e-36
1.229346049728137838e-02 5.983342042627223728e-36
1.287337525134915964e-02 5.933432235727540087e-36
1.348064610438190654e-02 5.879655014317523519e-36
1.411656351527091312e-02 5.822115645638557096e-36
1.478247881723580154e-02 5.758457859283714756e-36
1.547980708942615739e-02 5.686314824642109873e-36
1.621003016398409047e-02 5.606023559566629183e-36
1.697469977495790969e-02 5.517956461100224813e-36
1.777544085575823163e-02 5.422517946208242766e-36
1.861395499216376634e-02 5.320117878913860599e-36
1.949202403821443524e-02 5.211193250160083046e-36
2.041151390267563828e-02 5.096230424759530850e-36
2.137437851411999948e-02 4.975744710470672794e-36
2.238266397305230943e-02 4.850245990141186998e-36
2.343851289990125583e-02 4.720255180612236117e-36
2.454416898811715222e-02 4.586299450691534309e-36
2.570198177205132092e-02 4.448921514556964850e-36
2.691441161974879315e-02 4.308664660311395608e-36
2.818403496126418648e-02 4.166069251390650194e-36
2.951354976361083085e-02 4.020184315228095263e-36
3.090578126397776001e-02 3.870267481142062535e-36
3.236368797339744113e-02 3.717164745922334869e-36
3.389036796362230458e-02 3.561722722299814919e-36
3.548906545056969286e-02 3.404746723578127155e-36
3.716317768832520796e-02 3.246701425147585044e-36
3.891626218835417955e-02 3.088092505375301967e-36
4.075204427926239908e-02 2.929744041934049137e-36
4.267442502317043279e-02 2.772436960882441624e-36
4.468748950552417498e-02 2.616903302408296332e-36
4.679551551595741155e-02 2.463223964266127332e-36
4.900298263865348475e-02 2.311588082863996309e-36
5.131458177152313505e-02 2.162764988782887251e-36
5.373522509442675565e-02 2.017460688013033802e-36
5.627005650762428868e-02 1.876280451557640870e-36
5.892446256263344367e-02 1.739234500941168165e-36
6.170408390872571952e-02 1.606439040043696256e-36
6.461482727938365478e-02 1.478494247288787156e-36
6.766287804419003626e-02 1.355903528518427005e-36
7.085471335282365890e-02 1.239074170037619091e-36
7.419711589909061544e-02 1.128763439206445671e-36
7.769718833424227311e-02 1.025446249800637356e-36
8.136236836020607766e-02 9.290476159705976596e-37
8.520044453480435376e-02 8.394464957147839061e-37
8.921957282254676380e-02 7.564737760659641213e-37
9.342829392616613937e-02 6.812045349842847040e-37
9.783555143572965351e-02 6.140489066917714339e-37
1.024507108338896105e-01 5.540884968791852066e-37
1.072835793976633367e-01 5.005133674021220027e-37
1.123444270390306088e-01 4.526094251384175941e-37
1.176440081286377337e-01 4.105924443587860576e-37
1.231935843489831151e-01 3.743481417260737496e-37
1.290049486256460709e-01 3.430072200194317498e-37
1.350904501874165553e-01 3.158440867556908259e-37
1.414630208085746188e-01 2.922723621924254461e-37
1.481362022890886643e-01 2.715349563645773603e-37
1.551241752311265099e-01 2.530541708800332175e-37
1.624417891730283170e-01 2.365627280830523170e-37
1.701045941447806298e-01 2.218291751209356504e-37
1.781288737120419463e-01 2.086525576605420118e-37
1.865316795789445370e-01 1.967051079069436605e-37
1.953308678231982232e-01 1.857363774326855217e-37
2.045451368405009906e-01 1.756529224489104950e-37
2.141940670788869405e-01 1.663478936304656210e-37
2.242981626474454260e-01 1.577801109103797221e-37
2.348788948878357818e-01 1.498725942450675129e-37
2.459587480011810601e-01 1.425591000130290387e-37
2.575612668273056793e-01 1.357903565484697275e-37
2.697111068778411669e-01 1.295216431714044533e-37
2.824340867295273561e-01 1.237121867031579850e-37
2.957572428890428151e-01 1.182500855887608837e-37
3.097088872459504705e-01 1.130529803274582763e-37
3.243186672358534528e-01 1.081000463381043851e-37
3.396176288416002387e-01 1.033297039635415843e-37
3.556382825664251013e-01 9.878897719857073210e-38
3.724146725192140628e-01 9.448665232341588184e-38
3.899824487587010280e-01 9.042483866595189418e-38
4.083789430503343421e-01 8.658889016248556570e-38
4.276432481967872290e-01 8.296511360549215073e-38
4.478163011107029745e-01 7.954068490530013233e-38
4.689409698061928200e-01 7.629728433383473832e-38
4.910621444939547997e-01 7.321972958800967208e-38
5.142268329735890653e-01 7.028763309434454186e-38
5.384842605258129966e-01 6.743245978232847084e-38
5.638859745168621762e-01 6.471845452985927208e-38
5.904859539373459310e-01 6.214188246944561309e-38
6.183407241083475059e-01 5.969796935889384283e-38
6.475094767985025701e-01 5.737910356019778402e-38
6.780541960073207530e-01 5.517814654791820254e-38
7.100397896820370702e-01 5.308835286555009403e-38
7.435342276478851264e-01 5.109082116597868806e-38
7.786086860449134006e-01 4.917195093961348529e-38
8.153376985782536668e-01 4.731673113020761529e-38
8.537993149032719886e-01 4.546395367993826139e-38
8.940752664821518536e-01 4.368393680401852121e-38
9.362511402643745040e-01 4.197947054783209103e-38
9.804165605601626865e-01 4.035121966274269775e-38
1.026665379493363339e+00 3.879555184572718815e-38
1.075095876438505238e+00 3.730902304102207347e-38
1.125810966865810503e+00 3.588836624667910193e-38
1.178918421037983721e+00 3.453048110963048488e-38
1.234531093023501391e+00 3.323242424526827276e-38
1.292767160513047520e+00 3.198118013581225590e-38
1.353750375948736151e+00 3.073187276474280752e-38
1.417610329499738420e+00 2.954218972912993082e-38
1.484482724443179968e+00 2.840882730324403095e-38
1.554509665535456442e+00 2.732869071654749429e-38
1.627839960986792622e+00 2.629887939970388256e-38
1.704629438680737019e+00 2.531667336635694653e-38
1.785041277310538854e+00 2.437952063751288484e-38
1.869246353136122307e+00 2.348502562337393424e-38
1.957423603098469522e+00 2.263093838476515410e-38
2.049760405063088431e+00 2.180693780120214087e-38
2.146452976000532864e+00 2.097396984830028621e-38
2.247706788950162959e+00 2.017005245418860554e-38
2.353737009653177559e+00 1.939435719465610594e-38
2.464768953782749517e+00 1.864607110029066889e-38
2.581038565742940882e+00 1.792439657242209052e-38
2.702792920053779469e+00 1.722855130796528998e-38
2.830290746388010703e+00 1.655776823119409859e-38
2.963802979375208757e+00 1.591129543063217957e-38
3.103613334341559060e+00 1.528839609938185670e-38
3.250018910208843703e+00 1.468314397861336237e-38
3.403330820833698311e+00 1.407821814765825665e-38
3.563874856128850688e+00 1.350055801449993729e-38
3.731992174371129956e+00 1.294883366254164838e-38
3.908040027167493324e+00 1.242177385075870721e-38
4.092392518619602626e+00 1.191817495244843394e-38
4.285441400300145531e+00 1.143689709329991018e-38
4.487596903730327824e+00 1.097686052357563323e-38
4.699288612127454634e+00 1.053704220950033470e-38
4.920966373275189376e+00 1.011647262994020267e-38
5.153101255456234320e+00 9.711221918831169414e-39
5.396186548478904221e+00 9.310305668183740394e-39
5.650738811924743032e+00 8.925821030705278932e-39
5.917298972844721838e+00 8.557026644490592102e-39
6.196433475236592159e+00 8.203293292428207482e-39
6.488735483746223665e+00 7.864016699755380402e-39
6.794826144150579061e+00 7.538616531542579196e-39
7.115355903300964791e+00 7.226535432804720257e-39
7.451005891331591968e+00 6.927238109268829391e-39
7.802489369070399583e+00 6.640210446924996439e-39
8.170553243728127413e+00 6.363350511453903279e-39
8.555979656086314833e+00 6.091388337966551411e-39
8.959587642557290010e+00 5.830814179784286985e-39
9.382234875647723626e+00 5.581147826950690036e-39
9.824819486524424050e+00 5.341944455915049393e-39
1.028828197355548291e+01 5.112777192530686382e-39
1.077360720088213952e+01 4.893236358709245676e-39
1.128182649126862813e+01 4.682928754784104733e-39
1.181401981767710474e+01 4.481476975566065933e-39
1.237131809822513517e+01 4.288518758205513204e-39
1.295490559940214936e+01 4.102887965615871889e-39
1.356602245265188778e+01 3.922018321731593446e-39
1.420596728966887845e+01 3.749270926980878572e-39
1.487610000200850457e+01 3.584443311205803883e-39
1.557784463087525673e+01 3.427156885298653487e-39
1.631269239322970677e+01 3.277052095178958304e-39
1.708220485064518357e+01 3.133787405193051590e-39
1.788801722764744540e+01 2.997038339578429634e-39
1.873184188658911253e+01 2.866496578443531751e-39
1.961547196644336211e+01 2.741869104943863713e-39
2.054078519324869845e+01 2.622464652672969982e-39
2.150974787030261837e+01 2.506979471364271904e-39
2.252441905658291077e+01 2.396554802757540748e-39
2.358695494227648481e+01 2.290658406159391112e-39
2.469961343071295801e+01 2.189118528184137591e-39
2.586475893644005808e+01 2.091772343838089495e-39
2.708486740963724770e+01 1.998462436593586199e-39
2.836253159754368269e+01 1.909036636977397954e-39
2.970046655408146208e+01 1.823347866234131029e-39
3.110151540938280590e+01 1.741253984829141868e-39
3.256865541148034282e+01 1.662397795110539944e-39
3.410500425300013916e+01 1.586136596821218150e-39
3.571382669630101248e+01 1.513234177260090027e-39
3.739854151113974012e+01 1.443823166829971235e-39
3.916272873960346601e+01 1.377753491411062509e-39
4.101013730374800303e+01 1.314856863688340386e-39
4.294469297210908820e+01 1.254973884927157175e-39
4.497050670201404188e+01 1.197953551069406941e-39
4.709188337542264691e+01 1.143652787762188067e-39
4.931333094685999185e+01 1.091936012532054268e-39
5.163957002288218945e+01 1.042541292884084420e-39
5.407554389342980983e+01 9.950613941331626488e-40
5.662642903638646175e+01 9.498352925188253422e-40
5.929764611766593418e+01 9.066101883405408404e-40
6.209487151020116613e+01 8.652641282223592519e-40
6.502404935631483340e+01 8.257196743717526798e-40
6.809140419910276876e+01 7.879024070754281505e-40
7.130345420967420011e+01 7.517408122240525453e-40
7.466702503835441007e+01 7.171661730069221286e-40
7.818926431928473164e+01 6.841124656106924221e-40
8.187765685924415493e+01 6.524185433830054098e-40
8.574004054296564448e+01 6.218307554840734982e-40
8.978462298874916314e+01 5.926169913451502116e-40
9.401999898976228565e+01 5.647224626147037508e-40
9.845516877809471623e+01 5.380926908278805883e-40
1.030995571503743662e+02 5.126727709406512267e-40
1.079630334955888031e+02 4.884100743381657139e-40
1.130559327676734256e+02 4.652541581802206146e-40
1.183890774474295569e+02 4.431566782907825427e-40
1.239738005404449837e+02 4.220713054492639236e-40
1.298219696598852408e+02 4.018683180462842168e-40
1.359460122453359077e+02 3.823502115855534312e-40
1.423589419712814106e+02 3.637476298500380416e-40
1.490743864013408881e+02 3.460149845375983395e-40
1.561066159470295247e+02 3.291064825016285128e-40
1.634705741925775726e+02 3.129858436676054993e-40
1.711819096502524360e+02 2.976184188723012708e-40
1.792570090136604506e+02 2.829710039583819509e-40
1.877130319796976039e+02 2.690117801354369337e-40
1.965679477131398869e+02 2.557102570077447990e-40
2.058405730313634763e+02 2.429531597978992753e-40
2.155506123903422804e+02 2.305722978149883906e-40
2.257186997568858828e+02 2.187958750939814902e-40
2.363664424561006285e+02 2.075896784582397775e-40
2.475164670872545116e+02 1.969036008882229705e-40
2.591924676056091812e+02 1.867141065190749008e-40
2.714192556724007659e+02 1.770012671587160540e-40
2.842228133799581542e+02 1.677458308140186767e-40
2.976303484640087618e+02 1.589291978786532534e-40
3.116703521204884737e+02 1.505333988801367455e-40
3.263726595497221297e+02 1.424524362529250559e-40
3.417685133566366744e+02 1.345345375599280164e-40
3.578906299417229775e+02 1.270205173757368483e-40
3.747732690238368036e+02 1.198920775107209111e-40
3.924523064425683287e+02 1.131317427967711961e-40
4.109653103948975286e+02 1.067226119947543522e-40
4.303516212681263937e+02 1.006484176203255665e-40
4.506524352387382351e+02 9.489354348322605100e-41
4.719108918148431258e+02 8.944300149631876436e-41
4.941721655082209850e+02 8.428240949289501320e-41
5.174835618307803315e+02 7.929943870877851759e-41
5.418946178194157710e+02 7.434542847506137559e-41
5.674572073028970181e+02 6.968146802313685246e-41
5.942256511344638739e+02 6.529152217154534812e-41
6.222568326243797401e+02 6.111257887999305293e-41
6.516103184177543426e+02 5.710723958172883126e-41
6.823484850744758887e+02 5.327749357338088039e-41
7.145366516202592493e+02 4.962468387100019008e-41
7.482432183504660088e+02 4.614942646585388321e-41
7.835398121816781440e+02 4.285954598170049350e-41
8.205014388598746109e+02 3.973480040816150657e-41
8.592066423486649001e+02 3.652718278581368907e-41
8.997376717362985801e+02 3.351106005719584625e-41
9.421806560160996469e+02 3.075980260455240559e-41
9.866257871117620653e+02 2.821869897877201315e-41
1.033167511536416441e+03 2.581057313474636489e-41
1.081904731092777638e+03 2.358737085560201733e-41
1.132941013040827102e+03 2.152503830006556390e-41
1.186384810179652504e+03 1.955749092005678230e-41
1.242349691311147126e+03 1.780714915897017144e-41
1.300954582575263203e+03 1.603724086333963670e-41
1.362324020169694450e+03 1.409104547888695065e-41
1.426588414990993442e+03 1.233667293920401465e-41
1.493884329759531738e+03 1.077258616276499909e-41
1.564354769217146213e+03 9.345261574962914492e-42
1.638149484014166546e+03 8.076699831114872880e-42
1.715425288931619434e+03 6.962736029612649239e-42
1.796346396114780873e+03 5.988543446479811665e-42
1.881084764026225457e+03 5.126514696293565709e-42
1.969820462859938516e+03 4.330626974540730756e-42
2.062742057192934681e+03 3.617317666429116246e-42
2.160047006687577777e+03 2.920205276888293861e-42
2.261942085696053709e+03 2.311211774605433707e-42
2.368643822658731096e+03 1.789803862816413836e-42
2.480378960230053963e+03 1.364156106625052824e-42
2.597384937109777184e+03 9.987900894498688709e-43
2.719910392603489527e+03 6.974995224590327357e-43
2.848215694984528454e+03 4.640484563661982592e-43
2.982573494780141573e+03 2.941634937170860806e-43
3.123269304157573515e+03 1.796888871876136661e-43
3.270602103641373560e+03 9.931811650560504972e-44
3.424884977451092254e+03 5.068166671816223748e-44
3.586445778809521471e+03 2.539608829277462056e-44
3.755627826635329257e+03 1.254389079724940177e-44
3.932790635100444888e+03 5.025391595849156737e-45
4.118310677602617943e+03 2.092074504523009194e-45
4.312582186776521667e+03 0.000000000000000000e+00
4.516017992243553635e+03 0.000000000000000000e+00
4.729050397880424498e+03 0.000000000000000000e+00
4.952132100470790647e+03 0.000000000000000000e+00
5.185737151692189400e+03 0.000000000000000000e+00
5.430361965482314190e+03 0.000000000000000000e+00
5.686526372925462056e+03 0.000000000000000000e+00
5.954774726900671340e+03 0.000000000000000000e+00
6.235677058839125493e+03 0.000000000000000000e+00
6.529830290048728784e+03 0.000000000000000000e+00
6.837859500180029499e+03 0.000000000000000000e+00
7.160419255529129259e+03 0.000000000000000000e+00
7.498194999999998799e+03 0.000000000000000000e+00
