5.109905999999998913e-04 2.388994445124168114e-32
5.350514403255800721e-04 2.824649822741808897e-32
5.602452252438259919e-04 3.277335626692999234e-32
5.866253013308624044e-04 3.722907987258770674e-32
6.142475270748720857e-04 4.133693171068276584e-32
6.431703911536455895e-04 4.481178137628067178e-32
6.734551362814206058e-04 4.739196943937030637e-32
7.051658888872592646e-04 4.887127792733564179e-32
7.383697948995462555e-04 4.925792402512611705e-32
7.731371619241243038e-04 4.928400565287021619e-32
8.095416081171239245e-04 4.907139859302717087e-32
8.476602180677160914e-04 4.862254597197885838e-32
8.875737060208677533e-04 4.794364029177474094e-32
9.293665867857028645e-04 4.706095932153772827e-32
9.731273546913750752e-04 4.607876420322069777e-32
1.018948670969372066e-03 4.501833676339386884e-32
1.066927559959024961e-03 4.388644815630715728e-32
1.117165614551682805e-03 4.269019356750873784e-32
1.169769211308562418e-03 4.144094221937531726e-32
1.224849735707788604e-03 4.016891805356999117e-32
1.282523817997549076e-03 3.888212742859852888e-32
1.342913580154802937e-03 3.758462030845810367e-32
1.406146894472439955e-03 3.628043707407153147e-32
1.472357654322448530e-03 3.497568665782939196e-32
1.541686057668416494e-03 3.368548478092752132e-32
1.614278903927686415e-03 3.241350170705789890e-32
1.690289904811766511e-03 3.116152327949598664e-32
1.769880009803161689e-03 2.993121332155161874e-32
1.853217746957837482e-03 2.872385171956059441e-32
1.940479579754925870e-03 2.754012778465138274e-32
2.031850280749290978e-03 2.638120085568729585e-32
2.127523322818156842e-03 2.524816885880295408e-32
2.227701288830200976e-03 2.414207074575720529e-32
2.332596300604649828e-03 2.306725132780515334e-32
2.442430468068566753e-03 2.204120961939695139e-32
2.557436359563498070e-03 2.106404781632034608e-32
2.677857494297268548e-03 2.013333902883082666e-32
2.803948857983691156e-03 1.924679347977110741e-32
2.935977442762038175e-03 1.840076519140579321e-32
3.074222812539491138e-03 1.758643840178306158e-32
3.218977694953705296e-03 1.680201747484208352e-32
3.370548601208898758e-03 1.604674121446945359e-32
3.529256475097958517e-03 1.531990320048083485e-32
3.695437372584823871e-03 1.462092721930004688e-32
3.869443173386135498e-03 1.394980230488112529e-32
4.051642326058904967e-03 1.330574167040092289e-32
4.242420628171831611e-03 1.268788622474041705e-32
4.442182043212322858e-03 1.209540104829941323e-32
4.651349555958919461e-03 1.152706633281332555e-32
4.870366068130348690e-03 1.098033645515135104e-32
5.099695336207702746e-03 1.045450833542651905e-32
5.339822953415527228e-03 9.949106956886803319e-33
5.591257377941147647e-03 9.463695695337532816e-33
5.854531009569324124e-03 8.998157866062121492e-33
6.130201317012171774e-03 8.553552699574475024e-33
6.418852018321140676e-03 8.129254432180521728e-33
6.721094316880741638e-03 7.724445833413783807e-33
7.037568195601084931e-03 7.338346997124059714e-33
7.368943772049526067e-03 6.970199175627038146e-33
7.715922717391108382e-03 6.619245408610627768e-33
8.079239742141981762e-03 6.284766670324938109e-33
8.459664151882121882e-03 5.966051079203312098e-33
8.858001476221297535e-03 5.662452759312238702e-33
9.275095174467623202e-03 5.373862650930651107e-33
9.711828421610387702e-03 5.101894909866891299e-33
1.016912597839870515e-02 4.845762393101393484e-33
1.064795614947613295e-02 4.604435339740321419e-33
1.114933283371714358e-02 4.376959237411804839e-33
1.167431767110713864e-02 4.162240247744885390e-33
1.222402229071189832e-02 3.958599709138911354e-33
1.279961066449636364e-02 3.765331459027477526e-33
1.340230157197693124e-02 3.581865952272739126e-33
1.403337118092591942e-02 3.407697238343734431e-33
1.469415574959284307e-02 3.242573411790189459e-33
1.538605445616427272e-02 3.086998866766673397e-33
1.611053236145343001e-02 2.940455403593075638e-33
1.686912351109301142e-02 2.802344502273441194e-33
1.766343418379990454e-02 2.672114936591123962e-33
1.849514629258977930e-02 2.548910465888225747e-33
1.936602094614357783e-02 2.430880251971114714e-33
2.027790217786681545e-02 2.317678640769796739e-33
2.123272085053787284e-02 2.209134395939340287e-33
2.223249874481304789e-02 2.105104513619863823e-33
2.327935284024572685e-02 2.005507249719927819e-33
2.437549979788446522e-02 1.910461964976316383e-33
2.552326065394152146e-02 1.819799972945962139e-33
2.672506573447068143e-02 1.733328429220194274e-33
2.798345980146082351e-02 1.650863869491513835e-33
2.930110744124174785e-02 1.572536482943436203e-33
3.068079870661215985e-02 1.499342265207613154e-33
3.212545502463651226e-02 1.431010933883366260e-33
3.363813538262036551e-02 1.367154102877490118e-33
3.522204280536254256e-02 1.307438286838671947e-33
3.688053113739950262e-02 1.251296587302625141e-33
3.861711214460307462e-02 1.197470517520177099e-33
4.043546295016841458e-02 1.145762894223422936e-33
4.233943382073807743e-02 1.096101293261965832e-33
4.433305631914848804e-02 1.048417297214372471e-33
4.642055184106216870e-02 1.002597731978030439e-33
4.860634055356120864e-02 9.584053860474479311e-34
5.089505075462947420e-02 9.157870415147866478e-34
5.329152867334156080e-02 8.747030462140843702e-34
5.580084873150965158e-02 8.351268430311300367e-34
5.842832428851735954e-02 7.971593653717767883e-34
6.117951889209173599e-02 7.612464552519917578e-34
6.406025805883648616e-02 7.273087270719938097e-34
6.707664160947152121e-02 6.952210770420743749e-34
7.023505658489700987e-02 6.648678760797166521e-34
7.354219077043251673e-02 6.361501009243400527e-34
7.700504685686684891e-02 6.090006142152668144e-34
8.063095726830472876e-02 5.833233747931122523e-34
8.442759968820708061e-02 5.590210516288497511e-34
8.840301331650064764e-02 5.360125811339348659e-34
9.256561589218101349e-02 5.140801494943951632e-34
9.692422151745230807e-02 4.926638701461303684e-34
1.014880593211468923e-01 4.717307434382174390e-34
1.062667930009428136e-01 4.512997061468738610e-34
1.112705412857589310e-01 4.313877962449150301e-34
1.165098993616559553e-01 4.121235264126212008e-34
1.219959613066119164e-01 3.939069956432521605e-34
1.277403435816753807e-01 3.767089924414450178e-34
1.337552096282395298e-01 3.604600765379514907e-34
1.400532956235192306e-01 3.451027511311688015e-34
1.466479374487676124e-01 3.305453049144244862e-34
1.535530989273358460e-01 3.166148501240566672e-34
1.607834013923685745e-01 3.032724740086231962e-34
1.683541546467443861e-01 2.904934473974014153e-34
1.762813893808145294e-01 2.782542896073818038e-34
1.845818911165865717e-01 2.665218830441791569e-34
1.932732357502252585e-01 2.552410864375318894e-34
2.023738267681312042e-01 2.443935509651555548e-34
2.119029342154005457e-01 2.339622269366845936e-34
2.218807354991786662e-01 2.239354959840534827e-34
2.323283581133089859e-01 2.142983473715683146e-34
2.432679243747402631e-01 2.050318386087113420e-34
2.547225982664242383e-01 1.961236534756990650e-34
2.667166344858876714e-01 1.875625495908181747e-34
2.792754298033378602e-01 1.793376315419712463e-34
2.924255768380502052e-01 1.714518661654651526e-34
3.061949203669054320e-01 1.639384382484316659e-34
3.206126162843094263e-01 1.567820593661342724e-34
3.357091933383359872e-01 1.499624199107388240e-34
3.515166177738207609e-01 1.434638435093286919e-34
3.680683610192814204e-01 1.372741487978043331e-34
3.853994705609891103e-01 1.313901067321035561e-34
4.035466441542623905e-01 1.257958672863698906e-34
4.225483075291256996e-01 1.204756887991697682e-34
4.424446957548630044e-01 1.154149102421069043e-34
4.632779384357609276e-01 1.105866412016782659e-34
4.850921489184328306e-01 1.059384813646347911e-34
5.079335176996176981e-01 1.014617000053309271e-34
5.318504102322411109e-01 9.714985014149768608e-35
5.568934693368351452e-01 9.299918500918361966e-35
5.831157224351738444e-01 8.900320087441548687e-35
6.105726938331761389e-01 8.515170977032110664e-35
6.393225222908412997e-01 8.144061407736809767e-35
6.694260841281570729e-01 7.786642385395722661e-35
7.009471221276545316e-01 7.442572107874981794e-35
7.339523805065530926e-01 7.112170250531396118e-35
7.685117462442931924e-01 6.797044602974126266e-35
8.046983970647128004e-01 6.496597892501822117e-35
8.425889563862039022e-01 6.210006236732811988e-35
8.822636555679611581e-01 5.936672941809901416e-35
9.238065037958608228e-01 5.676445331921451809e-35
9.673054659676985079e-01 5.430080513600793960e-35
1.012852648954449597e+00 5.196844439412311925e-35
1.060544496631947720e+00 4.975955476213618757e-35
1.110481994095959823e+00 4.766690734866175906e-35
1.162770881493056185e+00 4.567413855244985856e-35
1.217521877920071827e+00 4.374797555050226894e-35
1.274850915866240220e+00 4.188518287742062764e-35
1.334879386694425962e+00 4.008395198467051277e-35
1.397734397681247076e+00 3.834382020653546072e-35
1.463549041160362663e+00 3.666816642830382986e-35
1.532462676338809171e+00 3.506781530524583460e-35
1.604621224383135702e+00 3.354006948890378942e-35
1.680177477400156993e+00 3.208153464821344804e-35
1.759291421966576285e+00 3.068903127884529184e-35
1.842130577892537646e+00 2.935830095340492298e-35
1.928870352936423060e+00 2.808322358353524931e-35
2.019694414221990364e+00 2.686138088594595391e-35
2.114795077144285607e+00 2.569017620888392570e-35
2.214373712587856868e+00 2.456803854845168891e-35
2.318641173319499149e+00 2.349260873710221597e-35
2.427818240458417876e+00 2.246060547754691685e-35
2.542136090969172812e+00 2.147031352614525713e-35
2.661836787167306984e+00 2.052022757781116761e-35
2.787173789274171476e+00 1.960893558109435066e-35
2.918412492106215783e+00 1.873603713833086771e-35
3.055830787035214602e+00 1.790273078653618651e-35
3.199719650409308613e+00 1.710733129009975020e-35
3.350383759680828355e+00 1.634771477057021627e-35
3.508142138545522482e+00 1.562250239428698983e-35
3.673328832459228810e+00 1.493012668457069975e-35
3.846293615962391943e+00 1.426897101730056057e-35
4.027402733310087690e+00 1.363759662259912152e-35
4.217039673975882863e+00 1.303465433248589328e-35
4.415605984671559625e+00 1.245886955800515432e-35
4.623522119602140101e+00 1.190910162821683042e-35
4.841228330756577769e+00 1.138441184756714963e-35
5.069185600119279655e+00 1.088362899409179752e-35
5.307876615776325302e+00 1.040538605757777992e-35
5.557806793983266935e+00 9.948818676681733994e-36
5.819505349358752966e+00 9.512481801553779332e-36
6.093526415469917801e+00 9.094236576192291818e-36
6.380450218182380340e+00 8.693319194896591461e-36
6.680884304259508077e+00 8.309077453427128205e-36
6.995464827812111430e+00 7.940891104292113860e-36
7.324857897322985423e+00 7.588177840987414131e-36
7.669760986098100197e+00 7.250422641969607867e-36
8.030904409131451871e+00 6.927025484751045800e-36
8.409052869510398764e+00 6.617252610885034351e-36
8.805007077636039625e+00 6.320682966243076640e-36
9.219605446687463512e+00 6.037388158994043357e-36
9.653725867919462189e+00 5.768185174100871287e-36
1.010828756955338292e+01 5.512382999736398947e-36
1.058425306319664116e+01 5.269259360247023547e-36
1.108263018191291671e+01 5.038137236365438701e-36
1.160447421425806880e+01 4.818374307708834313e-36
1.215089013880065139e+01 4.609365912660201890e-36
1.272303496385879562e+01 4.410484594835048575e-36
1.332212017740709342e+01 4.219672679302224215e-36
1.394941431234184215e+01 4.036099712758961224e-36
1.460624563253562336e+01 3.859562147805668828e-36
1.529400494536962540e+01 3.689837109463006968e-36
1.601414854669845411e+01 3.526707040271587465e-36
1.676820130448347967e+01 3.369963451709130431e-36
1.755775988762448492e+01 3.219406089855852370e-36
1.838449614682572886e+01 3.074831494675240310e-36
1.925016065465625914e+01 2.936041034685891951e-36
2.015658641229923376e+01 2.802865225380036406e-36
2.110569273084027841e+01 2.675682924736970444e-36
2.209948929531233830e+01 2.554543282954707035e-36
2.314008042010282651e+01 2.439160784095104171e-36
2.422966950473411174e+01 2.329249356750343940e-36
2.537056369945114298e+01 2.224537835906503590e-36
2.656517879049673070e+01 2.124770673395542820e-36
2.781604431541763134e+01 2.029706963162503217e-36
2.912580891923325765e+01 1.939115036112102700e-36
3.049724596280909950e+01 1.852775079173600454e-36
3.193325939530879154e+01 1.770472546035363196e-36
3.343688990316132958e+01 1.691801651098789202e-36
3.501132134856160150e+01 1.616553643052375450e-36
3.665988751113933830e+01 1.544592009106912108e-36
3.838607914707016278e+01 1.475775996081617887e-36
4.019355138057645149e+01 1.409970769540788241e-36
4.208613144347011570e+01 1.347048017780103677e-36
4.406782677912343615e+01 1.286885653335496963e-36
4.614283352803004590e+01 1.229364883697858611e-36
4.831554541292133820e+01 1.174371877958086583e-36
5.059056304225461531e+01 1.121800776374753137e-36
5.297270365177055140e+01 1.071620375596295188e-36
5.546701130474792052e+01 1.023779393639918846e-36
5.807876757255543509e+01 9.781702795521122713e-37
6.081350271811331254e+01 9.346847949287350552e-37
6.367700740594865039e+01 8.932201932033372826e-37
6.667534496363616370e+01 8.536793271609850832e-37
6.981486422059116137e+01 8.159703662443172390e-37
7.310221295139704978e+01 7.800052062514613559e-37
7.654435195213422105e+01 7.457001355058232411e-37
8.014856977951764350e+01 7.129715546740608266e-37
8.392249818404906136e+01 6.815963239730297219e-37
8.787412826986715686e+01 6.514675811834608692e-37
9.201182741550853450e+01 6.225456817089601125e-37
9.634435699141332066e+01 5.947882651344875432e-37
1.008808909116872883e+02 5.681542630906203628e-37
1.056310350594041410e+02 5.426040439500400790e-37
1.106048476265827532e+02 5.180993838501263031e-37
1.158128604119026193e+02 4.946027951234590075e-37
1.212661011212611726e+02 4.720779223517061764e-37
1.269761167183861517e+02 4.504914104838402302e-37
1.329549978749539036e+02 4.298686129435552507e-37
1.392154045719796329e+02 4.102051826681230685e-37
1.457705929066913768e+02 3.914578386540992994e-37
1.526344431616532802e+02 3.735830967181998995e-37
1.598214891955652490e+02 3.565395798480049751e-37
1.673469492179825124e+02 3.402879978553637801e-37
1.752267580131085936e+02 3.247910578624246317e-37
1.834776006809040325e+02 3.100130698449816780e-37
1.921169479669478051e+02 2.959200582323582401e-37
2.011630932558639415e+02 2.824802674336284905e-37
2.106351913066484940e+02 2.696815598128031603e-37
2.205532988119082631e+02 2.575058854311889918e-37
2.309384168669041344e+02 2.459222484878732378e-37
2.418125354383161607e+02 2.349000970855975105e-37
2.531986799268935897e+02 2.244105573297126220e-37
2.651209599225898046e+02 2.144263744871470591e-37
2.776046202554057345e+02 2.049218279469779497e-37
2.906760944500558708e+02 1.958724981270822271e-37
3.043630606976265653e+02 1.872552822107790079e-37
3.186945004627617664e+02 1.790473759708285951e-37
3.337007598504593489e+02 1.711854341736829850e-37
3.494136138624244836e+02 1.636359243664635345e-37
3.658663336790471590e+02 1.563886260554372061e-37
3.830937571094523264e+02 1.494328967589839352e-37
4.011323623588195915e+02 1.427584311166265561e-37
4.200203452691472421e+02 1.363552634667908166e-37
4.397977001970378410e+02 1.302137599628865191e-37
4.605063046997401557e+02 1.243245501306473892e-37
4.821900082087736905e+02 1.186785540376159596e-37
5.048947248789076525e+02 1.132674508198462231e-37
5.286685308090731041e+02 1.081039369335266721e-37
5.535617658411000548e+02 1.031891019273291264e-37
5.796271401517989261e+02 9.851066156526911114e-38
6.069198458641246816e+02 9.405663753901056671e-38
6.354976739137263166e+02 8.981571170467061322e-38
6.654211364183505566e+02 8.577719598922858183e-38
6.967535948092257740e+02 8.193099796216978596e-38
7.295613939957047478e+02 7.826754343705032001e-38
7.639140028472936592e+02 7.477777079535429735e-38
7.998841612904882368e+02 7.145299347542741759e-38
8.375480343319309213e+02 6.827891898487655813e-38
8.769853733339880364e+02 6.524577401856833542e-38
9.182796848842550617e+02 6.234743564670060842e-38
9.615184076165805891e+02 5.957787955095013842e-38
1.006793097357973238e+03 5.693135894401043320e-38
1.054199620993490271e+03 5.440239716673719940e-38
1.103838359459542062e+03 5.198577724264463353e-38
1.155814420295506125e+03 4.967650369396459120e-38
1.210237860203664695e+03 4.746980746300887415e-38
1.267223918088744085e+03 4.536109697851215640e-38
1.326893259070535123e+03 4.334353890537809760e-38
1.389372229986211778e+03 4.141216923706368245e-38
1.454793126923443424e+03 3.956355025119228643e-38
1.523294475350705397e+03 3.779428982373862800e-38
1.595021323438030095e+03 3.610112877424443194e-38
1.670125549189225694e+03 3.448094104821782732e-38
1.748766182035921702e+03 3.293073134389151869e-38
1.831109739574439345e+03 3.144760816770187694e-38
1.917330580158423345e+03 3.002879335180047206e-38
2.007611272093939988e+03 2.867164907732476305e-38
2.102142980218680350e+03 2.737550466853756685e-38
2.201125870683944868e+03 2.613882991578024847e-38
2.304769534796418156e+03 2.495888372527289226e-38
2.413293432817236862e+03 2.383302201943697909e-38
2.526927358658119374e+03 2.275872783137819451e-38
2.645911926458411017e+03 2.173360924758090317e-38
2.770499080073492223e+03 2.075539573464909535e-38
2.900952626553244500e+03 1.982191289548590691e-38
3.037548794740229368e+03 1.893108910128310903e-38
3.180576820170452265e+03 1.808094122112957174e-38
3.330339557515054821e+03 1.726883618252953816e-38
3.487154121859946827e+03 1.649265182261836830e-38
3.651352560181041099e+03 1.575082927887185657e-38
3.823282554437123963e+03 1.504186796653608409e-38
4.003308157768946330e+03 1.436433311462583180e-38
4.191810565363467504e+03 1.371685674686771785e-38
4.389188921615603249e+03 1.309813734887967687e-38
4.595861165296398212e+03 1.250691883878491048e-38
4.812264914517488251e+03 1.194199920730866201e-38
5.038858393365424490e+03 1.140223658094655361e-38
5.276121402168270833e+03 1.088718533422004185e-38
5.524556333448708756e+03 1.039610002239033780e-38
5.784689235714971801e+03 9.927832472196014662e-39
6.057070927342260802e+03 9.481292582886854202e-39
6.342278162902939584e+03 9.055443828572781413e-39
6.640914854415513219e+03 8.649304538479868964e-39
6.953613350097941293e+03 8.261948189609421711e-39
7.281035773333369434e+03 7.892481969982402557e-39
7.623875424683149504e+03 7.540055968702332109e-39
7.982858249915965644e+03 7.203858861443368948e-39
8.358744377161696320e+03 6.882852174022536463e-39
8.752329726444490007e+03 6.576150830573144940e-39
9.164447695003625995e+03 6.283110578468145202e-39
9.595970921970243580e+03 6.003123020342791119e-39
1.004781313613705242e+04 5.735606941196010172e-39
1.052093109073323649e+04 5.480010910583516353e-39
1.101632658930123034e+04 5.235815191926020196e-39
1.153504860696577089e+04 5.002511765138753878e-39
1.207819551158594004e+04 4.779614537069466463e-39
1.264691738949411956e+04 4.566659874565623920e-39
1.324241848074592417e+04 4.363303462082766744e-39
1.386595972903842085e+04 4.169149347803063773e-39
1.451886145169498377e+04 3.983765733270358906e-39
1.520250613537105528e+04 3.806750605327290587e-39
1.591834136340037912e+04 3.637720649205031435e-39
1.666788288097985060e+04 3.476314166612169909e-39
1.745271780468435463e+04 3.322193636299402571e-39
1.827450798310624668e+04 3.175025525224768206e-39
1.913499351573649619e+04 3.034490972828219178e-39
2.003599643753814598e+04 2.900284675410234025e-39
2.097942457701368039e+04 2.771964170800648535e-39
2.196727559593666592e+04 2.649143783895728932e-39
2.300164121930005786e+04 2.531585750920704216e-39
2.408471166443916445e+04 2.419073039169898731e-39
2.521878027870661754e+04 2.311397333047857224e-39
2.640624839552097183e+04 2.208362409213901591e-39
2.764963041906939179e+04 2.109787486603148628e-39
2.895155914843254868e+04 2.015487204696539336e-39
3.031479135240473988e+04 1.925282793641426898e-39
3.174221360681308579e+04 1.839004335199875776e-39
3.323684840669779805e+04 1.756766385443920809e-39
3.480186056629339873e+04 1.678539412893028664e-39
3.644056392036423495e+04 1.604102325292540276e-39
3.815642834108359966e+04 1.533258479693769331e-39
3.995308708531340380e+04 1.465822304880319618e-39
4.183434448784429696e+04 1.401622395739490722e-39
4.380418401688321319e+04 1.340504985294036920e-39
4.586677670884766849e+04 1.282312707761010654e-39
4.802649000032641197e+04 1.226895918800253568e-39
5.028789697590658761e+04 1.174112742494563546e-39
5.265578605145218171e+04 1.123753482994785179e-39
5.513517111333391949e+04 1.075617192848412014e-39
5.773130213508155430e+04 1.029590870655331556e-39
6.044967629394081450e+04 9.855797360931069904e-40
6.329604961086971161e+04 9.434934410029500259e-40
6.627644913862443354e+04 9.032496616945958170e-40
6.939718572374162613e+04 8.647784340439847146e-40
7.266486736943831784e+04 8.280003899028446358e-40
7.608641322772900457e+04 7.928388033412873513e-40
7.966906825038198440e+04 7.592206915852823703e-40
8.342041852974161156e+04 7.271312158947869966e-40
8.734840736189883319e+04 6.965081135856277172e-40
9.146135206622084661e+04 6.672672630398576634e-40
9.576796159685988096e+04 6.393426708910097739e-40
1.002773549835254817e+05 6.126716516580768111e-40
1.049990806405733601e+05 5.871986328009358326e-40
1.099431365852922900e+05 5.628801726173928734e-40
1.151199916082068085e+05 5.396615204541321061e-40
1.205406074402145459e+05 5.174894809029106533e-40
1.262164619635020063e+05 4.963135251486710025e-40
1.321595735153851274e+05 4.760939119016290652e-40
1.383825263365336577e+05 4.567587325284054840e-40
1.448984972174728755e+05 4.382527475754375303e-40
1.517212833997745765e+05 4.205387113604854865e-40
1.588653317910248006e+05 4.035811352941849126e-40
1.663457695554267557e+05 3.873504139509775293e-40
1.741784361448097916e+05 3.718287357933154347e-40
1.823799168378781760e+05 3.569844917452339166e-40
1.909675778587045497e+05 3.427862173721784835e-40
1.999596031488398148e+05 3.292043353658733626e-40
2.093750328708943853e+05 3.163886212532338710e-40
2.192338037251323694e+05 3.043983415962898528e-40
2.295567911644313717e+05 2.931607373782485911e-40
2.403658535970080411e+05 2.826263217137855533e-40
2.516838786705021048e+05 2.727499491147766133e-40
2.635348317354185856e+05 2.633542684819316656e-40
2.759438065905615222e+05 2.533156456455330400e-40
2.889370786178905983e+05 2.443068270713192029e-40
3.025421604193259263e+05 2.362736505712388752e-40
3.167878600733038038e+05 2.282575053732978526e-40
3.317043421344333328e+05 2.212608367945823804e-40
3.473231915054355050e+05 2.137936446375929356e-40
3.636774803165858611e+05 2.067923320508471585e-40
3.808018379542944022e+05 2.002744874108587065e-40
3.987325243870888953e+05 1.936001512039636824e-40
4.175075069442886743e+05 1.875116457122177450e-40
4.371665407099143486e+05 1.820439825880289674e-40
4.577512527020865236e+05 1.767784712951369283e-40
4.793052300161505118e+05 1.715247604860270073e-40
5.018741121181574999e+05 1.664418600313848860e-40
5.255056874841564568e+05 1.619660916628186138e-40
5.502499947898881510e+05 1.580729812317882981e-40
5.761594288651734823e+05 1.542442631361679720e-40
6.032888516373406164e+05 1.505314749204844166e-40
6.316957082985949237e+05 1.473093349376497537e-40
6.614401489433472743e+05 1.443766451272837369e-40
6.925851559330130694e+05 1.415704747117467040e-40
7.251966772580088582e+05 1.388055156776123313e-40
7.593437661793037551e+05 1.363849970716688028e-40
7.950987274452536367e+05 1.343565733202967936e-40
8.325372703932682052e+05 1.316842949189055258e-40
8.717386692605395801e+05 1.299740506551580112e-40
9.127859310432671336e+05 1.285390578620736716e-40
9.557659712597947801e+05 1.273425284055224875e-40
1.000769797989884159e+06 1.263808512118346102e-40
1.047892704579745419e+06 1.257414310862962949e-40
1.097234471420922084e+06 1.254736824966066370e-40
1.148899577230271650e+06 1.255747671229928315e-40
1.202997420278389240e+06 1.260454570657120309e-40
1.259642550034988672e+06 1.269019880202865558e-40
1.318954909721639939e+06 1.283160661984555542e-40
1.381060090285532176e+06 1.302778289239355254e-40
1.446089596332010813e+06 1.328309214732868595e-40
1.514181124578961637e+06 1.360360459985846417e-40
1.585478855422740337e+06 1.399756553547136968e-40
1.660133758232908091e+06 1.450869533353434008e-40
1.738303911022313638e+06 1.518266251494652095e-40
1.820154835169330006e+06 1.604811269094211109e-40
1.905859845901114400e+06 1.714393504347394269e-40
1.995600419279881986e+06 1.852172009723574313e-40
2.089566576469374122e+06 2.024747565467193312e-40
2.187957286095152609e+06 2.239955109165734311e-40
2.290980885550649371e+06 2.498312571370096519e-40
2.398855522141203284e+06 2.721396755707198336e-40
2.511809614999998827e+06 1.918301799937206567e-40
