5.109905999999998913e-04 3.589236014775627739e-32
5.350523063456802137e-04 4.231255367144871731e-32
5.602470388414809667e-04 4.887596903316429143e-32
5.866281498240319327e-04 5.520727331641001518e-32
6.142515039036873428e-04 6.089048539700138611e-32
6.431755962633570016e-04 6.551247785172658134e-32
6.734616765278407828e-04 6.871172005970708011e-32
7.051738784659632945e-04 7.022437552575018375e-32
7.383793558001695454e-04 7.011008504549371795e-32
7.731484244111690553e-04 6.946010816506323455e-32
8.095547112387681656e-04 6.846278086348975743e-32
8.476753101941877097e-04 6.713321071035746002e-32
8.875909454140449607e-04 6.549180548228222781e-32
9.293861422016912134e-04 6.359845432509977672e-32
9.731494060178978809e-04 6.167025597582628526e-32
1.018973409899917018e-03 5.974323796511172311e-32
1.066955190705803219e-03 5.782188658597371177e-32
1.117196354599546762e-03 5.591053763420534297e-32
1.169803292212173804e-03 5.401076126169199870e-32
1.224887403934423261e-03 5.211656016793051197e-32
1.282565335818087581e-03 5.023067860170248298e-32
1.342959226585555563e-03 4.835716788987253938e-32
1.406196966270636820e-03 4.650000946906729682e-32
1.472412467038342661e-03 4.466234494464978264e-32
1.541745946757138363e-03 4.284472490663395370e-32
1.614344225924138751e-03 4.105049527104514035e-32
1.690361038572023647e-03 3.928358072147293291e-32
1.769957357816055168e-03 3.754765778315279059e-32
1.853301736730551905e-03 3.585392516661856844e-32
1.940570665276692862e-03 3.424504639498855260e-32
2.031948944037455414e-03 3.272201135587350078e-32
2.127630075551115857e-03 3.127952827568470032e-32
2.227816674072005329e-03 2.991278419673507654e-32
2.332720894626218091e-03 2.861257057088606525e-32
2.442564882270860903e-03 2.735192505444221284e-32
2.557581242508157830e-03 2.612751722358608094e-32
2.678013533850603835e-03 2.493973288818662446e-32
2.804116783580189610e-03 2.378885958549512110e-32
2.936158027793876486e-03 2.267604235520744436e-32
3.074416876878943543e-03 2.160642756785651829e-32
3.219186107615604111e-03 2.057961580792100685e-32
3.370772283160790566e-03 1.959434920604560409e-32
3.529496402225941812e-03 1.864943590968762441e-32
3.695694578823503253e-03 1.774589143056705091e-32
3.869718754021590247e-03 1.689269063887554125e-32
4.051937441213951906e-03 1.608805591298075525e-32
4.242736506483562112e-03 1.532890166324679505e-32
4.442519985712151467e-03 1.461237057641152128e-32
4.651710940166150533e-03 1.393457600487588652e-32
4.870752352370731446e-03 1.328770057011894069e-32
5.100108064169096150e-03 1.266966361593134181e-32
5.340263758953447439e-03 1.207922107597117012e-32
5.591727990147556289e-03 1.151522131843352952e-32
5.855033258118927213e-03 1.097633973291663111e-32
6.130737137800958830e-03 1.046062259490359056e-32
6.419423459412979503e-03 9.967086309932873550e-33
6.721703544778482621e-03 9.494921695371798412e-33
7.038217501859443150e-03 9.043345281646980910e-33
7.369635580248301045e-03 8.612423735830609852e-33
7.716659590487650808e-03 8.205035313072198681e-33
8.080024390223471478e-03 7.820192673033050748e-33
8.460499440338865862e-03 7.456467140310640147e-33
8.858890434363456134e-03 7.112561263740945589e-33
9.276041004609188526e-03 6.787173036130731776e-33
9.712834508645067089e-03 6.478821301283947262e-33
1.017019589989415565e-02 6.186464107473018844e-33
1.064909368631389124e-02 5.909181262472245644e-33
1.115054198130742413e-02 5.646113202986453216e-33
1.167560265120898277e-02 5.395858410537952552e-33
1.222538756389080633e-02 5.155231567960055477e-33
1.280106094325330832e-02 4.923661607547697195e-33
1.340384183458422085e-02 4.700899837620624249e-33
1.403500668600752600e-02 4.486720906498842983e-33
1.469589205148856027e-02 4.281252819165735186e-33
1.538789742111910594e-02 4.085722404606064450e-33
1.611248818467603608e-02 3.899787403082944318e-33
1.687119873472904541e-02 3.722944212395666920e-33
1.766563571586854745e-02 3.554719156425122812e-33
1.849748142693443884e-02 3.394928519522097700e-33
1.936849738345021443e-02 3.244212187011871079e-33
2.028052804780617474e-02 3.102094627964015640e-33
2.123550473509092096e-02 2.967999097228630704e-33
2.223544970284191402e-02 2.841408301902625718e-33
2.328248043337574277e-02 2.721350066287882182e-33
2.437881411776628496e-02 2.605476237186055447e-33
2.552677235096590877e-02 2.493483296154897910e-33
2.672878604801232419e-02 2.385309230741469375e-33
2.798740059173149969e-02 2.280890264692095419e-33
2.930528122283735867e-02 2.180266851215202803e-33
3.068521868384247592e-02 2.083784344555761301e-33
3.213013512873128669e-02 1.991331850774924571e-33
3.364309031090989555e-02 1.902746371492041766e-33
3.522728806253645761e-02 1.817882174017855707e-33
3.688608307895249044e-02 1.736772904929683139e-33
3.862298802258182923e-02 1.659942706279942480e-33
4.044168096134054258e-02 1.587204333087912206e-33
4.234601315730943810e-02 1.518310592031666054e-33
4.434001722216208974e-02 1.453031952109180215e-33
4.642791565661872483e-02 1.391028281878037289e-33
4.861412979200902679e-02 1.331646124736433095e-33
5.090328915287810341e-02 1.274728978051944331e-33
5.330024126046247618e-02 1.220173537638526275e-33
5.581006189779539467e-02 1.167888652148319138e-33
5.843806585817938604e-02 1.117777786414380916e-33
6.118981819978613207e-02 1.069732863934011983e-33
6.407114603021749066e-02 1.023671038506958420e-33
6.708815084598179768e-02 9.795157493567378947e-34
7.024722145301588727e-02 9.371935313150671658e-34
7.355504749561314615e-02 8.965988246884663479e-34
7.701863362240687905e-02 8.575449331178705886e-34
8.064531431940578921e-02 8.199742767248623814e-34
8.444276944149341213e-02 7.838399937087467379e-34
8.841904047527994470e-02 7.491016426914356788e-34
9.258254756774504657e-02 7.158258311577790204e-34
9.694210735673139401e-02 6.843422043029073546e-34
1.015069516410471578e-01 6.545743549181638281e-34
1.062867469297120449e-01 6.264152888888978391e-34
1.112916149117460923e-01 5.997667464845822361e-34
1.165321538898465986e-01 5.745124503814585215e-34
1.220194612233417852e-01 5.504839108609972207e-34
1.277651568279460637e-01 5.276079853049609366e-34
1.337814077820806968e-01 5.058220077027725194e-34
1.400809540918643292e-01 4.850710756195833228e-34
1.466771356693359341e-01 4.651913412831599536e-34
1.535839205810369812e-01 4.457647178838926467e-34
1.608159346267732381e-01 4.267708909419576940e-34
1.683884923111913789e-01 4.082258970985448574e-34
1.763176292737572703e-01 3.901445631417425847e-34
1.846201362458066153e-01 3.726353286137847274e-34
1.933135946065789590e-01 3.560161614986133014e-34
2.024164136135262193e-01 3.402633453000654190e-34
2.119478693857347606e-01 3.253245602825920089e-34
2.219281457230140586e-01 3.111540828262013305e-34
2.323783768470865929e-01 2.977152640102588714e-34
2.433206921553925095e-01 2.849891670602966304e-34
2.547782630822759686e-01 2.729345434355178732e-34
2.667753521667878824e-01 2.615112413970116320e-34
2.793373644310105930e-01 2.506820121418984104e-34
2.924909011777046541e-01 2.403528332102194362e-34
3.062638163211952036e-01 2.303069030769080563e-34
3.206852753707901682e-01 2.205299227340457078e-34
3.357858171916290879e-01 2.110231632838584237e-34
3.515974186737488294e-01 2.017897064500476743e-34
3.681535624463089240e-01 1.928660167504943734e-34
3.854893077803701606e-01 1.843579957324789897e-34
4.036413648303644464e-01 1.762534095476802235e-34
4.226481723714773930e-01 1.685317184885008189e-34
4.425499791975539554e-01 1.611736083422998085e-34
4.633889293518981822e-01 1.541738005075442670e-34
4.852091513714505977e-01 1.475540659603518957e-34
5.080568517333291512e-01 1.412939638956488319e-34
5.319804127016095618e-01 1.353704623390408707e-34
5.570304947815537533e-01 1.297638314220227380e-34
5.832601439982374458e-01 1.244198336559533102e-34
6.107249042267519634e-01 1.192169415348775691e-34
6.394829348118498125e-01 1.141484537855268366e-34
6.695951337261087932e-01 1.092162640061031459e-34
7.011252665274051443e-01 1.044219819648295955e-34
7.341401013887886018e-01 9.979439049449470098e-35
7.687095504866877649e-01 9.541303689640375350e-35
8.049068180468544886e-01 9.126889533834572772e-35
8.428085553615513037e-01 8.734678898884715558e-35
8.824950231062351769e-01 8.363383130417123331e-35
9.240502612994749843e-01 8.010354200439269962e-35
9.675622672659979218e-01 7.670464839317309332e-35
1.013123181979722620e+00 7.343030128617769187e-35
1.060829485181379761e+00 7.027697302445499513e-35
1.110782199683904015e+00 6.724125460830788408e-35
1.163087105298220347e+00 6.431783012759099064e-35
1.217854962832454868e+00 6.149809294158275100e-35
1.275201748638894239e+00 5.877932036049979215e-35
1.335248900205375122e+00 5.615870036193151834e-35
1.398123573311169210e+00 5.363436901619190131e-35
1.463958911291919796e+00 5.120898443395153600e-35
1.532894326983809119e+00 4.889327792841299159e-35
1.605075797944025551e+00 4.668313603238763854e-35
1.680656175572670108e+00 4.457374514999984877e-35
1.759795508790705121e+00 4.256055606411605044e-35
1.842661382959364769e+00 4.064221630061645705e-35
1.929429274758731161e+00 3.882245997583937171e-35
2.020282923776939299e+00 3.709614963359858600e-35
2.115414721596924341e+00 3.545757874503649395e-35
2.215026119204618560e+00 3.390210271077431893e-35
2.319328053581323879e+00 3.242416771107480688e-35
2.428541394383621821e+00 3.101688239237000294e-35
2.542897411656714013e+00 2.967644652349952071e-35
2.662638265571589002e+00 2.839946350618072830e-35
2.788017519223133345e+00 2.718273987448277734e-35
2.919300675575048576e+00 2.601902107479937944e-35
3.056765739688620975e+00 2.489474080047211025e-35
3.200703807425917979e+00 2.380849517673643933e-35
3.351419681874065137e+00 2.275932254921639352e-35
3.509232518795892819e+00 2.174676111890641651e-35
3.674476502473828621e+00 2.077444704860099911e-35
3.847501553378145811e+00 1.985227564286794590e-35
4.028674069158145521e+00 1.897800342619425339e-35
4.218377700525415719e+00 1.814891093268796654e-35
4.417014163672112304e+00 1.736248502127561084e-35
4.625004090944725199e+00 1.661364642146404545e-35
4.842787921574646326e+00 1.589347477699665577e-35
5.070826834351782608e+00 1.520063141895082127e-35
5.309603724216224840e+00 1.453405175594424162e-35
5.559624224836048789e+00 1.389308549466980459e-35
5.821417779336527154e+00 1.327740739944699337e-35
6.095538761448358933e+00 1.268723599267038831e-35
6.382567649448814606e+00 1.212165083620306306e-35
6.683112255381824518e+00 1.157971625706798498e-35
6.997809012160164599e+00 1.106053812522660904e-35
7.327324321274948815e+00 1.056439794210960175e-35
7.672355963966777104e+00 1.009315656611638475e-35
8.033634578846370999e+00 9.645593555319289608e-36
8.411925209094167855e+00 9.220272746757931679e-36
8.808028922514832715e+00 8.816094172167516067e-36
9.222784507877470617e+00 8.431029028326455593e-36
9.657070251133887950e+00 8.061902330024813328e-36
1.011180579527576207e+01 7.707990899849207438e-36
1.058795408776972913e+01 7.368716053961915585e-36
1.108652341969377275e+01 7.043522534667693397e-36
1.160856956089318359e+01 6.731866998086715817e-36
1.215519799567773873e+01 6.433225294269323004e-36
1.272756626379381117e+01 6.147117826591321183e-36
1.332688641162940790e+01 5.873554893147572850e-36
1.395442755884201169e+01 5.612305083011812834e-36
1.461151858584508467e+01 5.362826615327833581e-36
1.529955094784364533e+01 5.124581959285520929e-36
1.601998162137810766e+01 4.897058530648791638e-36
1.677433618961635631e+01 4.679771365817418918e-36
1.756421207292665088e+01 4.472261066022840604e-36
1.839128191157339742e+01 4.274081781083525240e-36
1.925729710769816094e+01 4.084808124835001303e-36
2.016409153408670818e+01 3.904020580015634836e-36
2.111358541757619633e+01 3.730930667143098092e-36
2.210778940532497927e+01 3.565126905733470591e-36
2.314880882255703654e+01 3.406334804111281867e-36
2.423884813079611433e+01 3.254275118641288789e-36
2.538021559603078714e+01 3.108678972826738469e-36
2.657532817669618908e+01 2.969289488224846709e-36
2.782671664182202775e+01 2.835861065557052207e-36
2.913703093018660795e+01 2.708153189314257036e-36
3.050904576182370320e+01 2.585934296464042726e-36
3.194566651376690203e+01 2.468997586362554244e-36
3.344993537247253812e+01 2.357507024438156179e-36
3.502503777595001822e+01 2.251410783202785349e-36
3.667430915924217061e+01 2.150441003549353154e-36
3.840124201753810951e+01 2.054334707388378087e-36
4.020949330187754356e+01 1.962843343730723785e-36
4.210289216310590632e+01 1.875732996110863024e-36
4.408544806047950715e+01 1.792783443713148706e-36
4.616135925209246693e+01 1.713784168363419226e-36
4.833502168510253227e+01 1.638535945541020558e-36
5.061103830458447561e+01 1.566838475140148877e-36
5.299422880072052777e+01 1.498155927053612595e-36
5.548963981497147557e+01 1.432236623423164855e-36
5.810255562683855146e+01 1.368987122997572583e-36
6.083850934384725662e+01 1.308310204038018023e-36
6.370329461845037144e+01 1.250111778321555825e-36
6.670297791665873888e+01 1.194301587370402726e-36
6.984391136438361514e+01 1.140793052361104977e-36
7.313274619869085313e+01 1.089500677878972749e-36
7.657644685245243465e+01 1.040341716183136274e-36
8.018230570222256404e+01 9.932406587860433368e-37
8.395795851056462311e+01 9.482410315636301400e-37
8.791140059553443109e+01 9.053234049731949383e-37
9.205100376155598951e+01 8.643932986845971359e-37
9.638553402754448030e+01 8.253565971110681486e-37
1.009241701898190939e+02 7.881237461387858794e-37
1.056765232591100556e+02 7.526097315562329106e-37
1.106526568128255548e+02 7.187338603466932205e-37
1.158631083056700106e+02 6.864188800632849943e-37
1.213189113837476043e+02 6.555912503656914582e-37
1.270316192493979770e+02 6.261807800935018703e-37
1.330133291262434909e+02 5.981052792427209221e-37
1.392767078762578024e+02 5.713066226235469454e-37
1.458350188230962203e+02 5.457284347213164357e-37
1.527021498384965241e+02 5.213143561421716290e-37
1.598926427512194834e+02 4.980106908812076878e-37
1.674217241408077257e+02 4.757665775999587479e-37
1.753053375813753121e+02 4.545338785106925837e-37
1.835601774036994414e+02 4.342660282399594041e-37
1.922037240471188682e+02 4.149186241759911537e-37
2.012542810760893417e+02 3.964487733022364400e-37
2.107310139397932005e+02 3.787902554384275429e-37
2.206539905568716051e+02 3.619012498793779849e-37
2.310442238112246969e+02 3.457501817800577911e-37
2.419237160488733878e+02 3.303053123080936328e-37
2.533155056700985028e+02 3.155363686827017206e-37
2.652437159155340964e+02 3.014143645826580115e-37
2.777336059495127074e+02 2.879115127185137759e-37
2.908116243488411783e+02 2.750014955515941097e-37
3.045054651102803405e+02 2.626591683971404397e-37
3.188441262953162436e+02 2.508606475517032306e-37
3.338579714364258848e+02 2.395858366081438211e-37
3.495787938348574357e+02 2.288165785670926586e-37
3.660398838860858746e+02 2.185308823188230302e-37
3.832760995755214708e+02 2.087068502972214273e-37
4.013239402937336990e+02 1.993236315980148198e-37
4.202216241275250468e+02 1.903614897999029289e-37
4.400091687905014624e+02 1.818017712354512169e-37
4.607284763645423027e+02 1.736263997578874121e-37
4.824234220315987045e+02 1.658181322068450984e-37
5.051399469837255083e+02 1.583606863426700101e-37
5.289261557081035789e+02 1.512432921152383011e-37
5.538324178530385780e+02 1.444546894411046324e-37
5.799114748906780505e+02 1.379798009468608070e-37
6.072185518022888573e+02 1.318037293885419511e-37
6.358114740226106960e+02 1.259123073880382581e-37
6.657507898909387904e+02 1.202920591799098497e-37
6.970998988682077879e+02 1.149301651866367679e-37
7.299251857916279960e+02 1.098144329553956014e-37
7.642961614511290236e+02 1.049332628556250734e-37
8.002856097853397159e+02 1.002754051073493812e-37
8.379697420087679802e+02 9.581971747859989871e-38
8.774283579965766648e+02 9.155298798233927373e-38
9.187450152687192713e+02 8.746788622578727756e-38
9.620072059312343526e+02 8.355706411283912849e-38
1.007306541949441339e+03 7.981345678604710394e-38
1.054738949145328434e+03 7.623027943314680731e-38
1.104404870329956339e+03 7.280101932457986565e-38
1.156409478001054595e+03 6.951939668977114868e-38
1.210862897056164684e+03 6.637937420249051260e-38
1.267880437993012492e+03 6.337523808579790806e-38
1.327582841090879811e+03 6.050546113190923827e-38
1.390096532090072060e+03 5.776682916599929175e-38
1.455553889910941280e+03 5.515344435945575087e-38
1.524093526979311719e+03 5.265951970195282696e-38
1.595860582752018900e+03 5.027953836574515051e-38
1.671007031064031708e+03 4.800824546186023559e-38
1.749692001948092638e+03 4.584063758122566455e-38
1.832082118608284418e+03 4.377193283777090734e-38
1.918351850261123673e+03 4.179757160304171355e-38
2.008683881591399768e+03 3.991321632784740547e-38
2.103269499605023611e+03 3.811505540358267026e-38
2.202308998698198138e+03 3.639951254226855867e-38
2.306012104800593079e+03 3.476279112920454338e-38
2.414598419490715969e+03 3.320119966610707339e-38
2.528297885023996969e+03 3.171122455020818395e-38
2.647351271258206452e+03 3.028952427141950078e-38
2.772010685507470043e+03 2.893292233998725563e-38
2.902540106404384915e+03 2.763838593372117583e-38
3.039215942900907976e+03 2.640302670525662564e-38
3.182327619591620532e+03 2.522407925495100287e-38
3.332178189598895642e+03 2.409790042839114071e-38
3.489084976317889868e+03 2.302162931404654116e-38
3.653380245380146334e+03 2.199309292026121647e-38
3.825411908258963194e+03 2.101018476488258041e-38
4.005544259006311222e+03 2.007089723690112253e-38
4.194158745681473192e+03 1.917331873026346617e-38
4.391654778105076730e+03 1.831562990173977807e-38
4.598450573648801765e+03 1.749608761358085823e-38
4.814984042852081075e+03 1.671302754593720231e-38
5.041713716740877317e+03 1.596485387815337518e-38
5.279119717812530325e+03 1.524953601526046377e-38
5.527704776742573813e+03 1.456538212379661340e-38
5.787995296966607384e+03 1.391106397818356371e-38
6.060542469391681152e+03 1.328530267108567796e-38
6.345923439597440847e+03 1.268687998139057291e-38
6.644742529999024555e+03 1.211463700306117615e-38
6.957632519559483626e+03 1.156747210240342154e-38
7.285255983761744574e+03 1.104432713772882118e-38
7.628306697677791817e+03 1.054419103204713435e-38
7.987511105105843853e+03 1.006610893090916691e-38
8.363629856887017013e+03 9.610047024459880225e-39
8.757459421658626525e+03 9.175526562345478526e-39
9.169833772455207509e+03 8.761486400467779856e-39
9.601626152728982561e+03 8.366917917173611479e-39
1.005375092552902606e+04 7.990865991032737472e-39
1.052716550975563769e+04 7.632428062391832852e-39
1.102287240758919506e+04 7.290752688558106001e-39
1.154192132738792861e+04 6.965026438370032195e-39
1.208541140654896662e+04 6.654477630928845614e-39
1.265449353904046257e+04 6.358370646238963736e-39
1.325037281253340007e+04 6.075675237767793115e-39
1.387431106029364673e+04 5.805561205800706105e-39
1.452762953323894544e+04 5.547466915323544241e-39
1.521171169781813660e+04 5.300856633431591130e-39
1.592800616563817312e+04 5.065218584852829433e-39
1.667802976104246409e+04 4.840066019861569555e-39
1.746337073313610381e+04 4.624937812858513688e-39
1.828569211906073178e+04 4.419387099088183937e-39
1.914673526563984706e+04 4.222986583912914988e-39
2.004832351685287358e+04 4.035325130687744729e-39
2.099236607494639247e+04 3.855709093579389115e-39
2.198086204335827642e+04 3.683602533983442854e-39
2.301590466001733876e+04 3.518711588669131030e-39
2.409968572998124728e+04 3.360756154604755124e-39
2.523450026680047085e+04 3.209466261538870073e-39
2.642275135243645491e+04 3.064583801779411398e-39
2.766695522602481287e+04 2.925863947200096587e-39
2.896974661226103126e+04 2.793064326147768573e-39
3.033388430069008245e+04 2.665950936773450438e-39
3.176225698771608586e+04 2.544303261325936488e-39
3.325788939370262960e+04 2.428513294838766967e-39
3.482394866811661632e+04 2.318680446379960059e-39
3.646375109628114296e+04 2.214466180733860672e-39
3.818076912193694443e+04 2.115556962641052317e-39
3.997863870048560057e+04 2.021658465450937599e-39
4.186116699848386634e+04 1.932496356238120234e-39
4.383234045569614682e+04 1.847817033534464197e-39
4.589633322677415708e+04 1.767375787300943138e-39
4.805751602044219180e+04 1.690942075962007104e-39
5.032046535490506358e+04 1.618295748987501942e-39
5.268997324907704024e+04 1.548758248769008155e-39
5.517105737015678460e+04 1.481859179585407568e-39
5.776897165903286805e+04 1.417510111914824096e-39
6.048921745602339797e+04 1.355629828493755672e-39
6.333755515050701069e+04 1.296139232897267342e-39
6.632001637911824218e+04 1.238963330824026219e-39
6.944291679833341914e+04 1.184033264124619435e-39
7.271286945849774929e+04 1.131275303726303549e-39
7.613679880761352251e+04 1.080617150534328732e-39
7.972195535454196215e+04 1.031989722180188595e-39
8.347593102267436916e+04 9.855583821784538294e-40
8.740667522657910013e+04 9.413771605473969309e-40
9.152251170567350346e+04 8.993251481610976657e-40
9.583215615056340175e+04 8.592932873172960532e-40
1.003447346593817201e+05 8.211785435446457472e-40
1.050698030632020527e+05 7.848856129686051436e-40
1.100173671614558552e+05 7.503289008305145310e-40
1.151979039102023380e+05 7.174207624256069483e-40
1.206223836081167829e+05 6.860777622346702129e-40
1.263022931271851121e+05 6.562210339268341480e-40
1.322496602372890629e+05 6.277942693181324442e-40
1.384770790761983662e+05 6.007250405036750583e-40
1.449977368189029512e+05 5.749382270518964414e-40
1.518254416027572588e+05 5.503684316192974742e-40
1.589746517675796640e+05 5.269539129326651926e-40
1.664605064726137498e+05 5.046384491727318106e-40
1.742988577551953786e+05 4.833736777853223755e-40
1.825063040990093141e+05 4.631069661525836889e-40
1.911002255830164358e+05 4.437879734272707497e-40
2.000988206854932359e+05 4.253689421624095051e-40
2.095211448211058450e+05 4.077640749351771397e-40
2.193871506926347502e+05 3.908919321750327287e-40
2.297177305427964602e+05 3.747160979185832611e-40
2.405347603956288658e+05 3.592077341266213164e-40
2.518611463811402500e+05 3.443392367908039255e-40
2.637208732413002290e+05 3.300864061110706698e-40
2.761390551201026537e+05 3.164313510108763881e-40
2.891419887452495168e+05 3.033492960958134986e-40
3.027572091140665580e+05 2.908158523963911380e-40
3.170135478015888366e+05 2.788077923335092554e-40
3.319411940142665408e+05 2.673418758600448102e-40
3.475717585185965872e+05 2.564087899661309034e-40
3.639383405800395412e+05 2.459754954559457048e-40
3.810755980539948214e+05 2.360172673992683954e-40
3.990198207772298483e+05 2.265106879710213424e-40
4.178090074151982553e+05 2.174359239335038904e-40
4.374829459279719158e+05 2.087800559010493438e-40
4.580832978251726599e+05 2.005226842181776541e-40
4.796536863883475307e+05 1.926437170353249539e-40
5.022397890475728782e+05 1.851242283310125854e-40
5.258894341079298174e+05 1.779949001025151918e-40
5.506527020306701306e+05 1.712571514201005420e-40
5.765820314835349564e+05 1.648800037051937305e-40
6.037323303848303622e+05 1.588420634367990286e-40
6.321610921763636870e+05 1.531234523922359073e-40
6.619285175714918878e+05 1.477181589802348165e-40
6.930976420360862976e+05 1.426920131437682565e-40
7.257344692723512417e+05 1.377636830631009898e-40
7.599081109882048331e+05 1.329226937712980647e-40
7.956909332481414312e+05 1.282742575540154995e-40
8.331587097155296942e+05 1.236719599787945486e-40
8.723907821108385688e+05 1.197928667767372451e-40
9.134702282255594619e+05 1.159252741292064604e-40
9.564840378476629267e+05 1.121236976430325546e-40
1.001523296971060568e+06 1.088807868602308639e-40
1.048683380679204362e+06 1.056343769863877923e-40
1.098064155111258617e+06 1.022727264517708225e-40
1.149770188938503154e+06 9.916033379853601598e-41
1.203910974798859330e+06 9.638310344368090761e-41
1.260601161158356350e+06 9.379802915119531139e-41
1.319960795090600848e+06 9.145007109049803040e-41
1.382115576488301624e+06 8.920856845993225990e-41
1.447197124245249201e+06 8.718557756859602249e-41
1.515343254972314229e+06 8.525503011401726530e-41
1.586698274837748846e+06 8.324286369532764915e-41
1.661413285149770090e+06 8.154058265374009415e-41
1.739646502328490838e+06 8.010998511212323019e-41
1.821563592944868142e+06 7.881251188178900365e-41
1.907338024536018027e+06 7.767262580953357413e-41
1.997151432939880062e+06 7.660966301265956668e-41
2.091194006927067414e+06 7.513005349511582347e-41
2.189664890944355633e+06 7.428929996936228097e-41
2.292772606822784059e+06 7.362234848436807724e-41
2.400735495343215764e+06 7.310549808992069397e-41
2.513782178594528697e+06 7.273710004668119571e-41
2.632152044103503227e+06 7.256893046391299352e-41
2.756095751761528663e+06 7.263462121414440022e-41
2.885875764621767681e+06 7.293459921057946808e-41
3.021766904690572992e+06 7.347165779182462832e-41
3.164056934890263714e+06 7.425509073327721186e-41
3.313047168425573502e+06 7.535034554642620506e-41
3.469053106844091788e+06 7.674899105474526414e-41
3.632405108142061625e+06 7.848536272173191088e-41
3.803449086330038961e+06 8.060405451090338313e-41
3.982547243940016720e+06 8.316428495370460246e-41
4.170078839025111403e+06 8.669358476689350813e-41
4.366440988275909796e+06 9.175216561495150636e-41
4.572049507954421453e+06 9.867142172500200003e-41
4.787339794426049106e+06 1.079523284833851174e-40
5.012767746154470369e+06 1.203490410415021175e-40
5.248810729111619294e+06 1.370312193665691721e-40
5.495968587647445500e+06 1.599015820662416914e-40
5.754764702959651127e+06 1.922755006768760963e-40
6.025747101405136287e+06 2.396832419699094695e-40
6.309489615000000224e+06 1.740693065784633837e-40
