5.109905999999998913e-04 3.307281719005061113e-33
5.350769933636504491e-04 4.058618757880443078e-33
5.602987390121933267e-04 4.831429435146029810e-33
5.867093536673455550e-04 5.572762492956951528e-33
6.143648766506740926e-04 6.369343270528863407e-33
6.433239887905421815e-04 7.161505241463279330e-33
6.736481369339359770e-04 7.781563148894425799e-33
7.054016643273579128e-04 8.285794258401134107e-33
7.386519471434459206e-04 8.710762333176146367e-33
7.734695374430001959e-04 9.066286446755195360e-33
8.099283128757633985e-04 9.371096267822232277e-33
8.481056334375965773e-04 9.657454785602779334e-33
8.880825056166659391e-04 9.892040127471116240e-33
9.299437542769335794e-04 1.006292789473238735e-32
9.737782026436622804e-04 1.019315171783430466e-32
1.019678860772840799e-03 1.030878698671360592e-32
1.067743122904421570e-03 1.043957722547009465e-32
1.118072974118139570e-03 1.053601014815651246e-32
1.170775206730395373e-03 1.058811492911415731e-32
1.225961646891364281e-03 1.063511055669709036e-32
1.283749391863139204e-03 1.065057184421118968e-32
1.344261058482372397e-03 1.060361627627125978e-32
1.407625043334625407e-03 1.056557615508691765e-32
1.473975795192455050e-03 1.054341474668179061e-32
1.543454100295337666e-03 1.047863303574856944e-32
1.616207381076731299e-03 1.038407665176944631e-32
1.692390008972135965e-03 1.027696242179489748e-32
1.772163631971883672e-03 1.014907155328790275e-32
1.855697517613675131e-03 9.999264409813058750e-33
1.943168912142640608e-03 9.830401190434038193e-33
2.034763416601009529e-03 9.655517083759513586e-33
2.130675380645389617e-03 9.483009050940819871e-33
2.231108314927293754e-03 9.287253947729428761e-33
2.336275322911883501e-03 9.074042237636396807e-33
2.446399553051234726e-03 8.874038035445218538e-33
2.561714672271531504e-03 8.672720133627494253e-33
2.682465361778867043e-03 8.459795404205613636e-33
2.808907836235682940e-03 8.248537598996210250e-33
2.941310387409445167e-03 8.035549659387777455e-33
3.079953953447127964e-03 7.806228078574029232e-33
3.225132714983364093e-03 7.577064482580624883e-33
3.377154719347177144e-03 7.356913157129325862e-33
3.536342534191726054e-03 7.130553930131995395e-33
3.703033931933975408e-03 6.898854153444477482e-33
3.877582606456573839e-03 6.668930997702296293e-33
4.060358923592666779e-03 6.441094951171801448e-33
4.251750706986062896e-03 6.214478892355859058e-33
4.452164060994229407e-03 5.982825225297034460e-33
4.662024232380190467e-03 5.751534072546660850e-33
4.881776512621700294e-03 5.531395406445944418e-33
5.111887182752298392e-03 5.322164908502187398e-33
5.352844502738957934e-03 5.122062582279804552e-33
5.605159747495759917e-03 4.924354866662612985e-33
5.869368291731765289e-03 4.730028105009273347e-33
6.146030745935004112e-03 4.542048587609956860e-33
6.435734145902989589e-03 4.360477358388837246e-33
6.739093198343674637e-03 4.185629219506661474e-33
7.056751585189944241e-03 4.019261203661308481e-33
7.389383329395119923e-03 3.858978265088848362e-33
7.737694225107512314e-03 3.701389480431012627e-33
8.102423335258630843e-03 3.548136349433302296e-33
8.484344559742722225e-03 3.399475922046225869e-33
8.884268277515049855e-03 3.254166858756727954e-33
9.303043066093212923e-03 3.111459395582083092e-33
9.741557502110045896e-03 2.970716260986327462e-33
1.020074204673853888e-02 2.834289170339612451e-33
1.068157101998946402e-02 2.702960011675286714e-33
1.118506466807072698e-02 2.576624615446770721e-33
1.171229132819523976e-02 2.454871863044680077e-33
1.226436969543053326e-02 2.337256412489227361e-33
1.284247119640016810e-02 2.223745703916205095e-33
1.344782247487347725e-02 2.114278962274499609e-33
1.408170799451775694e-02 2.008839205723781714e-33
1.474547276433547417e-02 1.907774888820136656e-33
1.544052519256953505e-02 1.811451119628552314e-33
1.616834007513211213e-02 1.719669204802819487e-33
1.693046172489809029e-02 1.632242406215171913e-33
1.772850724850287898e-02 1.548990224138837632e-33
1.856416997759764015e-02 1.469683018948503477e-33
1.943922306184240820e-02 1.394094766586804188e-33
2.035552323126095173e-02 1.322074819249011101e-33
2.131501473594044418e-02 1.253457590316641893e-33
2.231973347143552042e-02 1.188123056335319974e-33
2.337181129863005746e-02 1.125712067219286044e-33
2.447348056722288209e-02 1.065860354035539783e-33
2.562707885243553987e-02 1.008519782930364833e-33
2.683505391499256543e-02 9.536431048587821142e-34
2.809996889489881425e-02 9.011795297838761940e-34
2.942450775003405475e-02 8.512600945961457042e-34
3.081148095110488455e-02 8.040164307620878955e-34
3.226383144503752742e-02 7.593144538652628491e-34
3.378464089946524307e-02 7.170091178357786988e-34
3.537713624155996300e-02 6.769950521403013226e-34
3.704469650508275536e-02 6.393118995785617288e-34
3.879086000018124036e-02 6.040065411871334585e-34
4.061933182114754043e-02 5.709126525113154644e-34
4.253399170806680674e-02 5.398770474064644236e-34
4.453890227903765237e-02 5.107580285268304683e-34
4.663831765043213728e-02 4.833575904800450372e-34
4.883669246348583404e-02 4.574864416876350385e-34
5.113869133637142378e-02 4.330555301862993475e-34
5.354919876181164079e-02 4.099684765457001399e-34
5.607332947123232908e-02 3.881613028001129719e-34
5.871643928744749857e-02 3.675574930355067081e-34
6.148413648890357908e-02 3.480846325594887731e-34
6.438229370959630549e-02 3.296785745224527656e-34
6.741706039991002264e-02 3.122794559025667152e-34
7.059487587481931559e-02 2.958308183614247768e-34
7.392248297713975569e-02 2.803504568392677864e-34
7.740694238481798939e-02 2.658599963736716303e-34
8.105564759262055829e-02 2.522855466399393187e-34
8.487634060000913416e-02 2.395490018645053774e-34
8.887712833849004124e-02 2.275994357607140983e-34
9.306649987329425333e-02 2.163565190956760943e-34
9.745334441588719698e-02 2.057440114741745966e-34
1.020469701855283157e-01 1.957218914199204503e-34
1.068571241599014093e-01 1.862533312917334491e-34
1.118940127567245868e-01 1.773040756241000803e-34
1.171683234902210491e-01 1.688439134051011373e-34
1.226912476484050135e-01 1.608448209194845898e-34
1.284745040392986093e-01 1.532780828978903139e-34
1.345303638564663840e-01 1.461093292819010817e-34
1.408716767166283412e-01 1.393222321431240624e-34
1.475118979245991502e-01 1.328943902138239290e-34
1.544651170234054294e-01 1.268049276719554818e-34
1.617460876901614386e-01 1.210335579311609625e-34
1.693702590411348963e-01 1.155617901699471917e-34
1.773538084124308967e-01 1.103723627948609128e-34
1.857136756858471238e-01 1.054363456233664395e-34
1.944675992327357106e-01 1.007253428891052254e-34
2.036341535521388746e-01 9.622861084030755518e-35
2.132327886830607255e-01 9.193041414581718336e-35
2.232838714745022379e-01 8.782736798069698434e-35
2.338087288008278419e-01 8.393419394731605014e-35
2.448296928141616147e-01 8.026696059157642155e-35
2.563701483298279071e-01 7.681036477701275996e-35
2.684545824453863361e-01 7.355045970875468569e-35
2.811086364985413422e-01 7.047444318935455020e-35
2.943591604741747636e-01 6.754130018842372569e-35
3.082342699759442750e-01 6.470917673451354272e-35
3.227634058833332986e-01 6.197554427054614269e-35
3.379773968207348545e-01 5.933406245706469569e-35
3.539085245711217076e-01 5.678679356096579498e-35
3.705905925730951789e-01 5.433337894646030217e-35
3.880589976466599644e-01 5.197353830337810597e-35
4.063508050999113386e-01 4.970438338417726623e-35
4.255048273760012600e-01 4.752323813005279878e-35
4.455617064072605049e-01 4.542745537655402354e-35
4.665639998512194353e-01 4.342684978352887995e-35
4.885562713915073685e-01 4.153169032272307975e-35
5.115851852952346679e-01 3.973559966989062209e-35
5.356996054274975050e-01 3.802992086529873770e-35
5.609506989330905746e-01 3.641218361241217109e-35
5.873920448054356092e-01 3.486623615182730853e-35
6.150797475730849229e-01 3.337577789362163802e-35
6.440725563450274693e-01 3.193933951125565625e-35
6.744319894673946880e-01 3.055560187989576448e-35
7.062224650560671169e-01 2.922323222142579590e-35
7.395114376821525504e-01 2.794588225348126531e-35
7.743695415003657434e-01 2.672737232277810571e-35
8.108707401239950707e-01 2.556480479993015776e-35
8.490924835644829693e-01 2.445362750228782107e-35
8.891158725686116870e-01 2.339329776120891028e-35
9.310258307019960711e-01 2.237895428059181983e-35
9.749112845440193187e-01 2.140576450210540516e-35
1.020865352376556956e+00 2.047217871392663054e-35
1.068985541766857672e+00 1.957676948146191110e-35
1.119373956463822761e+00 1.871814992373271845e-35
1.172137513046690449e+00 1.789493221683800566e-35
1.227388167785806283e+00 1.710577985983231950e-35
1.285243154196865856e+00 1.634982363243082181e-35
1.345825231792666443e+00 1.562713295564114794e-35
1.409262946560187135e+00 1.493778450859932954e-35
1.475690903715692448e+00 1.428016299230554680e-35
1.545250053316599148e+00 1.365273820153987847e-35
1.618087989336135957e+00 1.305406005298076429e-35
1.694359262835391178e+00 1.248283416621776133e-35
1.774225709897231829e+00 1.193781492074597090e-35
1.857856795017949869e+00 1.141774700022524129e-35
1.945429970685238930e+00 1.092143968369680174e-35
2.037131053905477884e+00 1.044755331002944998e-35
2.133154620479256636e+00 9.993584485822855243e-36
2.233704417861737124e+00 9.559397641607549491e-36
2.338993797483870818e+00 9.144124515767337313e-36
2.449246167451799572e+00 8.746936803098230901e-36
2.564695466585007466e+00 8.367044067907669168e-36
2.685586660799025971e+00 8.003651757252682827e-36
2.812176262885988098e+00 7.656010863860509050e-36
2.944732876795896903e+00 7.323442823930051392e-36
3.083537767573496513e+00 7.005299134172128429e-36
3.228885458160071220e+00 6.700634560634421416e-36
3.381084354326486796e+00 6.407643296864330265e-36
3.540457399063497768e+00 6.126369315040691913e-36
3.707342757817824186e+00 5.856396238662524130e-36
3.882094536027993037e+00 5.597320599577438755e-36
4.065083530482389129e+00 5.348751527295511423e-36
4.256698016093858783e+00 5.110370174563096391e-36
4.457344569760222974e+00 4.881852048067540774e-36
4.667448933058835792e+00 4.662827775767001113e-36
4.887456915605689289e+00 4.452940369089692627e-36
5.117835340995843474e+00 4.252322580361153672e-36
5.359073037332367839e+00 4.061143958317270722e-36
5.611681874445459073e+00 3.879232146544653739e-36
5.876197850002663259e+00 3.706108184321298229e-36
6.153182226814685407e+00 3.541319629782263273e-36
6.443222723750014147e+00 3.384438973876347428e-36
6.746934762785281592e+00 3.235056001865336960e-36
7.064962774837429293e+00 3.092784415610614004e-36
7.397981567148447013e+00 2.957264472017358403e-36
7.746697755124063889e+00 2.828155869746007623e-36
8.111851261664549284e+00 2.704720028847738463e-36
8.494216887168967389e+00 2.586055100241241575e-36
8.894605953544189703e+00 2.472171553443722917e-36
9.313868025707030540e+00 2.362897254158296120e-36
9.752892714232213933e+00 2.258065460570912516e-36
1.021261156297126682e+01 2.157514680156606919e-36
1.069400002564727714e+01 2.061093598436015380e-36
1.119807953561992342e+01 1.968654311464464674e-36
1.172591967321225326e+01 1.880049010473706246e-36
1.227864043519800852e+01 1.795135459425440843e-36
1.285741461126505314e+01 1.714028515609320769e-36
1.346347027249732875e+01 1.636658933978520875e-36
1.409809337715558719e+01 1.562946753356391964e-36
1.476263049928590831e+01 1.492711673094005189e-36
1.545849168594575040e+01 1.425782709778420866e-36
1.618715344911010234e+01 1.361997691132352971e-36
1.695016189860611888e+01 1.301204330505288024e-36
1.774913602272383883e+01 1.243257737443159359e-36
1.858577112346398152e+01 1.188019037398326424e-36
1.946184241371184598e+01 1.135354863400702095e-36
2.037920878397001090e+01 1.085068809273983510e-36
2.133981674664220307e+01 1.036961934241386996e-36
2.234570456623779222e+01 9.909948334056110173e-37
2.339900658425989377e+01 9.470719222006740604e-37
2.450195774795474790e+01 9.051020120236117647e-37
2.565689835253100526e+01 8.649980945309868605e-37
2.686627900691145499e+01 8.266778958635879283e-37
2.813266583355377648e+01 7.900626820009494672e-37
2.945874591337345905e+01 7.550766171884120158e-37
3.084733298732226459e+01 7.216451817160966547e-37
3.230137342672009027e+01 6.896609951668398149e-37
3.382395248500834128e+01 6.590188763054179313e-37
3.541830084419016345e+01 6.296961559551950529e-37
3.708780146984801007e+01 6.016377235848260768e-37
3.883599678928389665e+01 5.747907656888114768e-37
4.066659620801324593e+01 5.491046644629491404e-37
4.258348398056120487e+01 5.245312400121206979e-37
4.459072745226207246e+01 5.010242097726191197e-37
4.669258568954953859e+01 4.785389004770041953e-37
4.889351851705057328e+01 4.570323745433347486e-37
5.119819598065677724e+01 4.364618118723606935e-37
5.361150825665436059e+01 4.167724581769887800e-37
5.613857602793699186e+01 3.979439828319520636e-37
5.878476134931882058e+01 3.799401167353648064e-37
6.155567902500211375e+01 3.627260611254572506e-37
6.445720852234083509e+01 3.462684300285078444e-37
6.749550644717928094e+01 3.305353431541226992e-37
7.067701960723655930e+01 3.154961751563592447e-37
7.400849869125561042e+01 3.011214180464511310e-37
7.749701259294147349e+01 2.873892656838203893e-37
8.114996341008246361e+01 2.743084980892940568e-37
8.497510215067983097e+01 2.618449899880330853e-37
8.898054517941197616e+01 2.499762852683261967e-37
9.317479143933024943e+01 2.386726526786566969e-37
9.756674048532798338e+01 2.279059730041425355e-37
1.021657113676469777e+02 2.176496412115592641e-37
1.069814624054905750e+02 2.078785464636017216e-37
1.120242118926968686e+02 1.985688919936103702e-37
1.173046597794103150e+02 1.896980752183179119e-37
1.228340103757541044e+02 1.812412258750063950e-37
1.286239961256781612e+02 1.731650434137112688e-37
1.346869025014270562e+02 1.654472572657910948e-37
1.410355940714501060e+02 1.580755352066322642e-37
1.476835417970659705e+02 1.510341971072996946e-37
1.546448516158008886e+02 1.443082949847308001e-37
1.619342943720503172e+02 1.378835768077505394e-37
1.695673371585720020e+02 1.317464912262078186e-37
1.775601761353127017e+02 1.258841027792127069e-37
1.859297708952049959e+02 1.202840393172566822e-37
1.946938804498530260e+02 1.149324605948812294e-37
2.038711009114636852e+02 1.098130073936222042e-37
2.134809049509782994e+02 1.049139416992152048e-37
2.235436831161287330e+02 1.002277886621220826e-37
2.340807870970910471e+02 9.574555100090043339e-38
2.451145750315334055e+02 9.145860117708096967e-38
2.566684589451974716e+02 8.735866662589420122e-38
2.687669544286682140e+02 8.343784174332940275e-38
2.814357326557417878e+02 7.968853891477065572e-38
2.947016748537653257e+02 7.610346097759073221e-38
3.085929293415277925e+02 7.267724738210420713e-38
3.231389712557258918e+02 6.940583617440868490e-38
3.383706650927373403e+02 6.628166577629032192e-38
3.543203301984041218e+02 6.329871771508945310e-38
3.710218093447862771e+02 6.045058178780701362e-38
3.885105405393950946e+02 5.773114001086468486e-38
4.068236322192740317e+02 5.513455328484855271e-38
4.259999419894783159e+02 5.265526904284187163e-38
4.460801590730232533e+02 5.028798149486825463e-38
4.671068906472491449e+02 4.802760901657550564e-38
4.891247522497929481e+02 4.586710116996593682e-38
5.121804624460013429e+02 4.379948091962194779e-38
5.363229419586397171e+02 4.182077236500393284e-38
5.616034174702559767e+02 3.992754169751442833e-38
5.880755303184356535e+02 3.811628678890498040e-38
6.157954503145906529e+02 3.638364106513686727e-38
6.448219949277861360e+02 3.472636855869237725e-38
6.752167540864958255e+02 3.314137782269677222e-38
7.070442208630952337e+02 3.162569190007646335e-38
7.403719283183876314e+02 3.017644642872909846e-38
7.752705927965231467e+02 2.879575795061399658e-38
8.118142639743639393e+02 2.748409782470281767e-38
8.500804819836755541e+02 2.623778919115780962e-38
8.901504419395347441e+02 2.505331338791042424e-38
9.321091662240577307e+02 2.392738367849287774e-38
9.760456848910097278e+02 2.285690200289876421e-38
1.022053224574085220e+03 2.183894727039442273e-38
1.070229406299693665e+03 2.087078222558794932e-38
1.120676452623991281e+03 1.994981897301412703e-38
1.173501404533638834e+03 1.907353617977906124e-38
1.228816348570561559e+03 1.823665875783364718e-38
1.286738654662601675e+03 1.743581544593469138e-38
1.347391225164716388e+03 1.666959123865781343e-38
1.410902755639148609e+03 1.593639524427461950e-38
1.477408007927905146e+03 1.523483113193618395e-38
1.547048096096960990e+03 1.456356284423467699e-38
1.619970785858921545e+03 1.392131177725307523e-38
1.696330808109467853e+03 1.330687174011267401e-38
1.776290187242868569e+03 1.271908226340902002e-38
1.860018584943186625e+03 1.215679941183032144e-38
1.947693660180661027e+03 1.161862235704545825e-38
2.039501446177115213e+03 1.110343932591862133e-38
2.135636745140258881e+03 1.061044967400827662e-38
2.236303541604449038e+03 1.013856827723012146e-38
2.341715435254952808e+03 9.686923084660343761e-39
2.452096094154124330e+03 9.254677964809013058e-39
2.567679729331106500e+03 8.841031169330983902e-39
2.688711591742158362e+03 8.445231475211582123e-39
2.815448492656008057e+03 8.066552564959098027e-39
2.948159348568444784e+03 7.704382043522250922e-39
3.087125751802365812e+03 7.358972175912770346e-39
3.232642568004008353e+03 7.029771158094593526e-39
3.385018561803162356e+03 6.716155268814673341e-39
3.544577051964917700e+03 6.417181313037965643e-39
3.711656597423084349e+03 6.132138872952441527e-39
3.886611715650936276e+03 5.860353387723490729e-39
4.069813634893562721e+03 5.601184322229638529e-39
4.261651081857939062e+03 5.354041405628349952e-39
4.462531106532085687e+03 5.118358175248624660e-39
4.672879945883451910e+03 4.893487317412900825e-39
4.893143928269160824e+03 4.678360561393623837e-39
5.123790420477127554e+03 4.472481744274891585e-39
5.365308819407589908e+03 4.275637418025574285e-39
5.618211590499102385e+03 4.087251395176061364e-39
5.883035355102564608e+03 3.906968673056794251e-39
6.160342029110391195e+03 3.734449114674849311e-39
6.450720015256872102e+03 3.569366858950992448e-39
6.754785451619597552e+03 3.411427881114705630e-39
7.073183518971078229e+03 3.260344353123660738e-39
7.406589809754562339e+03 3.115922594324570329e-39
7.755711761588811896e+03 2.978246413599885330e-39
8.121290158343505937e+03 2.847037565959946867e-39
8.504100701970346563e+03 2.722160403199066495e-39
8.904955658425033107e+03 2.603100491653562520e-39
9.324705581172518578e+03 2.489573273623769398e-39
9.764241115932547473e+03 2.381308810966360289e-39
1.022449489049489057e+04 2.278051060923079729e-39
1.070644349361419336e+04 2.179575732923595430e-39
1.121110954718325775e+04 2.085663906883898899e-39
1.173956387608174191e+04 1.996113832562113866e-39
1.229292778030426052e+04 1.910766175390984732e-39
1.287237541418902401e+04 1.829426366567173234e-39
1.347913627779540184e+04 1.752084983046770325e-39
1.411449782571669857e+04 1.678328182947348301e-39
1.477980819886368408e+04 1.607977676069389439e-39
1.547647908501528400e+04 1.540864821997722302e-39
1.620598871420609248e+04 1.476830133972069336e-39
1.696988499530646732e+04 1.415743090223028207e-39
1.776978880045055848e+04 1.357473525790530065e-39
1.860739740428132063e+04 1.301809324413450208e-39
1.948448808531006944e+04 1.248495247528432041e-39
2.040292189703212716e+04 1.197441898315156533e-39
2.136464761680027004e+04 1.148757847255602864e-39
2.237170588083492839e+04 1.102109516338203927e-39
2.342623351414498393e+04 1.057409290818422595e-39
2.453046806454655598e+04 1.014573475900183130e-39
2.568675255040026968e+04 9.735221807094117157e-40
2.689754043214152625e+04 9.341965837139288423e-40
2.816540081815108715e+04 8.965346979595549713e-40
2.949302391601408090e+04 8.606968563293640526e-40
3.088322674073271264e+04 8.268717399940062619e-40
3.233895909200512324e+04 7.949532869895574416e-40
3.386330981325329776e+04 7.650561745806987030e-40
3.545951334568067978e+04 7.368131625398207957e-40
3.713095659126617102e+04 7.100148480800726694e-40
3.888118609925686906e+04 6.834047752433600357e-40
4.071391559140799654e+04 6.578394019403861144e-40
4.263303384193769307e+04 6.341546348380097519e-40
4.464261292891646735e+04 6.122188919583167972e-40
4.674691687459975947e+04 5.907418658270235163e-40
4.895041069303689437e+04 5.693708636925322555e-40
5.125776986415419378e+04 5.494101581419532976e-40
5.367389025441477133e+04 5.308256325703688502e-40
5.620389850510518590e+04 5.122086714389600072e-40
5.885316291029121203e+04 4.956478221045956996e-40
6.162730480752432049e+04 4.794902039133870985e-40
6.453221050546792685e+04 4.641410704308825711e-40
6.757404377375231707e+04 4.494326300374099575e-40
7.075925892155960901e+04 4.346965466438883427e-40
7.409461449268965225e+04 4.214194008041649904e-40
7.758718760616563668e+04 4.090255199218718343e-40
8.124438897280811216e+04 3.968208317384596682e-40
8.507397861964014010e+04 3.857097366284724956e-40
8.908408235548860102e+04 3.761631249697287316e-40
9.328320901271897310e+04 3.666124409828450036e-40
9.768026850168799865e+04 3.579492141322550447e-40
1.022845907162231742e+05 3.494786190627475953e-40
1.071059453302433831e+05 3.414185963874316994e-40
1.121545625275262428e+05 3.341320542270566507e-40
1.174411547086077335e+05 3.250343349996764204e-40
1.229769392208724603e+05 3.185955922705938194e-40
1.287736621600648359e+05 3.126881170390621289e-40
1.348436232937239693e+05 3.076353146692239369e-40
1.411997021594262915e+05 3.029194315929708198e-40
1.478553853932122584e+05 2.985430630952761699e-40
1.548247953461841098e+05 2.945410391540435631e-40
1.621227200499944738e+05 2.909028648058916295e-40
1.697646445948083419e+05 2.876026825107076929e-40
1.777667839863167319e+05 2.846696817260771240e-40
1.861461175515242212e+05 2.825837020623769537e-40
1.949204249663031660e+05 2.814613426416582406e-40
2.041083239811741223e+05 2.812794492340246118e-40
2.137293099253499531e+05 2.819876547040351625e-40
2.238037970728700166e+05 2.835700968175860075e-40
2.343531619585954177e+05 2.845105076005662610e-40
2.453997887359765300e+05 2.824559575978604289e-40
2.569671166728337994e+05 2.771140541650160548e-40
2.690796898859319626e+05 2.681929883168336526e-40
2.817632094198757550e+05 2.553532565616131566e-40
2.950445877808314399e+05 2.381759685713274702e-40
3.089520060407861602e+05 2.162842246110492920e-40
3.235149736335115740e+05 1.899231596408591927e-40
3.387643909691098961e+05 1.526087875661663434e-40
3.547326150000003399e+05 1.027666767640291417e-40
