5.109905999999998913e-04 2.889594187512489877e-35
5.350729245626715831e-04 3.725687586928152000e-35
5.602902178632057379e-04 4.591271219870454410e-35
5.866959695069184650e-04 5.418794600708723875e-35
6.143461899948823380e-04 6.274771549742317426e-35
6.432995295304769299e-04 7.128578236359545237e-35
6.736174024251387294e-04 7.895572404645180052e-35
7.053641173671865985e-04 8.612700926888277755e-35
7.386070138300543549e-04 9.295747089755294762e-35
7.734166049092662011e-04 9.915452880951400762e-35
8.098667268911275991e-04 1.045864771662869711e-34
8.480346958704010210e-04 1.092264827605911839e-34
8.880014717491698092e-04 1.137304990281064357e-34
9.298518299647488220e-04 1.183296501859094597e-34
9.736745413109160153e-04 1.226090875786903806e-34
1.019562560233886308e-03 1.270986711476294117e-34
1.067613222002421897e-03 1.326072190324322293e-34
1.117928449170321617e-03 1.375722098912249529e-34
1.170614967769223209e-03 1.415051101290245569e-34
1.225784533690279197e-03 1.453266519735767746e-34
1.283554169734918296e-03 1.492522203952287882e-34
1.344046413837504412e-03 1.534104841184460246e-34
1.407389578986393110e-03 1.573940120819822888e-34
1.473718025394744630e-03 1.611076418341977958e-34
1.543172445498394241e-03 1.648114134293317959e-34
1.615900162385288351e-03 1.684330978187184774e-34
1.692055442289528170e-03 1.718749430749918857e-34
1.771799821812852912e-03 1.753006414035313444e-34
1.855302450567630594e-03 1.787625748699690636e-34
1.942740449968184766e-03 1.822602051256310687e-34
2.034299288931493577e-03 1.854273717361722396e-34
2.130173177284155200e-03 1.879562490179086505e-34
2.230565477710140434e-03 1.903946269074009724e-34
2.335689137113085376e-03 1.929720627041928392e-34
2.445767138308142016e-03 1.959015538845152807e-34
2.561032973001487519e-03 1.987735160688613727e-34
2.681731137060717508e-03 2.012755525219009863e-34
2.808117649126729964e-03 2.038639855689989297e-34
2.940460593667072742e-03 2.062863678493474646e-34
3.079040689622722978e-03 2.076046474108431524e-34
3.224151885854447709e-03 2.089224181160072742e-34
3.376101984651757974e-03 2.110250615643736130e-34
3.535213294627052947e-03 2.134100202703555039e-34
3.701823314379824609e-03 2.156157571592392813e-34
3.876285448381036874e-03 2.168402929782419578e-34
4.058969756596239598e-03 2.177290212282411604e-34
4.250263739437449423e-03 2.186941935459609089e-34
4.450573159708755971e-03 2.195081266179518281e-34
4.660322903289203580e-03 2.202653550033848602e-34
4.879957880378533834e-03 2.212421116134649356e-34
5.109943969217435079e-03 2.222149804474934464e-34
5.350769004284143364e-03 2.229632256661537136e-34
5.602943811063474180e-03 2.229626699490921880e-34
5.867003289583124816e-03 2.226631909899727675e-34
6.143507549015686520e-03 2.230171258171726955e-34
6.433043095752983068e-03 2.233376320659156151e-34
6.736224077472759836e-03 2.232466438926086516e-34
7.053693585836668875e-03 2.226637639140618002e-34
7.386125020582737233e-03 2.216291140049747884e-34
7.734223517905669879e-03 2.202342528048453226e-34
8.098727446154934187e-03 2.186846466570542916e-34
8.480409972023161130e-03 2.170573643794481923e-34
8.880080700546893330e-03 2.152924819910099693e-34
9.298587392398529120e-03 2.132753133078891577e-34
9.736817762112000285e-03 2.108629782278229328e-34
1.019570136105641366e-02 2.082929899573106785e-34
1.067621154915191807e-02 2.056632540669782904e-34
1.117936755950987328e-02 2.029769116384869965e-34
1.170623666037692683e-02 2.001477603101027758e-34
1.225793641896865717e-02 1.970636766489678874e-34
1.283563707199474740e-02 1.937370636666148173e-34
1.344056400790400764e-02 1.901787410615543709e-34
1.407400036611432433e-02 1.864069124593697572e-34
1.473728975874097000e-02 1.824409706488695805e-34
1.543183912059642102e-02 1.783016093528139311e-34
1.615912169350702463e-02 1.740046671689907234e-34
1.692068015127658892e-02 1.695663345651826527e-34
1.771812987192545458e-02 1.650030836589182678e-34
1.855316236414599959e-02 1.603413638432250006e-34
1.942754885524252892e-02 1.556097240341886421e-34
2.034314404816605151e-02 1.508225628660828726e-34
2.130189005561337542e-02 1.459898091188409724e-34
2.230582051953507866e-02 1.411295125522980906e-34
2.335706492479055693e-02 1.362318840398399239e-34
2.445785311610013113e-02 1.312822047450249181e-34
2.561052002787517212e-02 1.262988588489503487e-34
2.681751063695895360e-02 1.212999026059726127e-34
2.808138514878390571e-02 1.163027890497736825e-34
2.940482442794560211e-02 1.113528192132187437e-34
3.079063568471266527e-02 1.064989584395749441e-34
3.224175842953463239e-02 1.017477012369326857e-34
3.376127070817791509e-02 9.709981572018407282e-35
3.535239563071575219e-02 9.256540200171222566e-35
3.701850820822082805e-02 8.813631392957846351e-35
3.876314251166258773e-02 8.380205432765944837e-35
4.058999916819395343e-02 7.957003095261522845e-35
4.250295321072822263e-02 7.544693292784660406e-35
4.450606229745661391e-02 7.143863988751398373e-35
4.660357531874083359e-02 6.753838088881222858e-35
4.879994140963726107e-02 6.373737612163149941e-35
5.109981938717001598e-02 6.004362252043297495e-35
5.350808763237003413e-02 5.645898127874402500e-35
5.602985443804241877e-02 5.299475747878759824e-35
5.867046884420994840e-02 4.966167071089496759e-35
6.143553198421750766e-02 4.646982692884376318e-35
6.433090896556378779e-02 4.341979049948227298e-35
6.736274131066054272e-02 4.051139211890554292e-35
7.053745998390928418e-02 3.774381853823633516e-35
7.386179903272735436e-02 3.512211054849302394e-35
7.734280987145700226e-02 3.265095098484608966e-35
8.098787623845749017e-02 3.032484667029460753e-35
8.480472985810531827e-02 2.813335573643480581e-35
8.880146684092377063e-02 2.607582459137373801e-35
9.298656485662974702e-02 2.414633732833667574e-35
9.736890111652431179e-02 2.233899445186294909e-35
1.019577712033689076e-01 2.064831624356433518e-35
1.067629087886907413e-01 1.906886678189769019e-35
1.117945062793376521e-01 1.759526795018558162e-35
1.170632364370794848e-01 1.622702801826068085e-35
1.225802750171130912e-01 1.496369566770894981e-35
1.283573244734899366e-01 1.379768167559723102e-35
1.344066387817505481e-01 1.271792539983982047e-35
1.407410494314178806e-01 1.172191233870320186e-35
1.473739926434816938e-01 1.080942080114707328e-35
1.543195378706092302e-01 9.980584915961931239e-36
1.615924176405336143e-01 9.227028146060805828e-36
1.692080588059212409e-01 8.541242632395500385e-36
1.771826152670063215e-01 7.916527353884463308e-36
1.855330022364007625e-01 7.351311554922916099e-36
1.942769321187584608e-01 6.844721239705962000e-36
2.034329520814035230e-01 6.389915001568138026e-36
2.130204833956132193e-01 5.978020517205121126e-36
2.230598626320030309e-01 5.606880617929002990e-36
2.335723847973985301e-01 5.272453482586601183e-36
2.445803485046921522e-01 4.971267869965390048e-36
2.561071032714948292e-01 4.699633540116062207e-36
2.681770990479135364e-01 4.454352688987015949e-36
2.808159380785094639e-01 4.232650831398953550e-36
2.940504292084397675e-01 4.029238909114862672e-36
3.079086447489808309e-01 3.838756364369077591e-36
3.224199800230491686e-01 3.660235494041741398e-36
3.376152157170231871e-01 3.490738647749608267e-36
3.535265831711281725e-01 3.331652524461705685e-36
3.701878327468727248e-01 3.181364886255428574e-36
3.876343054165500845e-01 3.038198841110363789e-36
4.059030077266652659e-01 2.901796295132227869e-36
4.250326902942863083e-01 2.771825354868832266e-36
4.450639300028294554e-01 2.647971413659037133e-36
4.660392160716266829e-01 2.529950344675455601e-36
4.880030401818353236e-01 2.417494671391776492e-36
5.110019908498695251e-01 2.310329025134031034e-36
5.350848522485293079e-01 2.206821397579520590e-36
5.603027076854361077e-01 2.108181600698105544e-36
5.867090479582790508e-01 2.014350630534562516e-36
6.143598848167014514e-01 1.925302980394951946e-36
6.433138697714959608e-01 1.840766921019669959e-36
6.736324185031264955e-01 1.760488396997169879e-36
7.053798411334640805e-01 1.684230398838536657e-36
7.386234786370539096e-01 1.611667016783985326e-36
7.734338456812749341e-01 1.542467959149473380e-36
8.098847801983714012e-01 1.476464264643165014e-36
8.480536000066128954e-01 1.412564292780624417e-36
8.880212668128142361e-01 1.351613658544175052e-36
9.298725579440818567e-01 1.293382499141200059e-36
9.736962461730455098e-01 1.237635657849141962e-36
1.019585288018030278e+00 1.184268341280006705e-36
1.067637020917569624e+00 1.133180877477058665e-36
1.117953369697489929e+00 1.084277701036728809e-36
1.170641062768530416e+00 1.037467044116092640e-36
1.225811858513075947e+00 9.926609372825317445e-37
1.283582782341192718e+00 9.498009707735446680e-37
1.344076374918819594e+00 9.084099597893772356e-37
1.407420952094631028e+00 8.689933758966963270e-37
1.473750877076905219e+00 8.314491678970638265e-37
1.543206845437746555e+00 7.956810002243583320e-37
1.615936183549188554e+00 7.615979070165957584e-37
1.692093161084189390e+00 7.291140411968508536e-37
1.771839318245408412e+00 6.981482865645922710e-37
1.855343808415851559e+00 6.686239102073698314e-37
1.942783756958178731e+00 6.404683766704284076e-37
2.034344636923786087e+00 6.135726187527022817e-37
2.130220662468540027e+00 5.873992646295981999e-37
2.230615200809706433e+00 5.622689771990511667e-37
2.335741203597875959e+00 5.381439016711473101e-37
2.445821658618867467e+00 5.149874062794435478e-37
2.561090062783778265e+00 4.927640467325755259e-37
2.681790917410443065e+00 4.714395625116221242e-37
2.808180246846842643e+00 4.509808071743364837e-37
2.940526141536583538e+00 4.313556885841369426e-37
3.079109326678354908e+00 4.125331709757328622e-37
3.224223757685535041e+00 3.944976949776734341e-37
3.376177243709070908e+00 3.770421841624331080e-37
3.535292100546179483e+00 3.603543891946942628e-37
3.701905834319760835e+00 3.444007744801972700e-37
3.876371857378765107e+00 3.291492902219033726e-37
4.059060237938020066e+00 3.145693025597589731e-37
4.250358485047573076e+00 3.006315389842769656e-37
4.450672370556658208e+00 2.873080118235865728e-37
4.660426789815762305e+00 2.745719483706949836e-37
4.880066662942417643e+00 2.623977470763329793e-37
5.110057878562535016e+00 2.507755606224850717e-37
5.350888282029013787e+00 2.396012253257162918e-37
5.603068710213830350e+00 2.289511792319606886e-37
5.867134075068531907e+00 2.187995213249422940e-37
6.143644498251478403e+00 2.091217289720447583e-37
6.433186499228719768e+00 1.998945770736070977e-37
6.736374239368415395e+00 1.910960674923500608e-37
7.053850824667807551e+00 1.827053525558138661e-37
7.386289669876145325e+00 1.747026645841131604e-37
7.734395926906842966e+00 1.670690484106283927e-37
8.098907980568833764e+00 1.597644764719034888e-37
8.480599014789945045e+00 1.527096259881906999e-37
8.880278652654222782e+00 1.459483079138915669e-37
9.298794673732063032e+00 1.394691744274746821e-37
9.737034812346069046e+00 1.332612823169778285e-37
1.019592864058665960e+01 1.273140794499751935e-37
1.067644954007178093e+01 1.216173926034065501e-37
1.117961676663326820e+01 1.161614137644535984e-37
1.170649761230900943e+01 1.109366871214231962e-37
1.225820966922700528e+01 1.059349248519251788e-37
1.283592320018354016e+01 1.011638852066024694e-37
1.344086362094344267e+01 9.659487213607794281e-38
1.407431409952789991e+01 9.224293526102920867e-38
1.473761827800360891e+01 8.809728548999386324e-38
1.543218312254606062e+01 8.414769666758461104e-38
1.615948190782259886e+01 8.038447457576978467e-38
1.692105734202588252e+01 7.679842724131745109e-38
1.771852483918578613e+01 7.338083803880584339e-38
1.855357594570133273e+01 7.012344023653017508e-38
1.942798192836040272e+01 6.701745587530797489e-38
2.034359753145854910e+01 6.404754506085144256e-38
2.130236491098561658e+01 6.119442595923217654e-38
2.230631775422541807e+01 5.846525769754317507e-38
2.335758559350725605e+01 5.585478943863084400e-38
2.445839832325852825e+01 5.335799234444486078e-38
2.561109092994014347e+01 5.097004968422500849e-38
2.681810844489815437e+01 4.868634627095429146e-38
2.808201113063636356e+01 4.650246092120899040e-38
2.940547991151125373e+01 4.441415900722556267e-38
3.079132206036902275e+01 4.241905716793048482e-38
3.224247715318594487e+01 4.052066652696559908e-38
3.376202330434319521e+01 3.871010607114357178e-38
3.535318369576264530e+01 3.698779969837495537e-38
3.701933341375184483e+01 3.534914410977261439e-38
3.876400660806051945e+01 3.378979283837846527e-38
4.059090398833492230e+01 3.230564091637733932e-38
4.250390067386954485e+01 3.089280905748472771e-38
4.450705441330753587e+01 2.954763194898433095e-38
4.660461419172564490e+01 2.826664695420303627e-38
4.880102924335919568e+01 2.704285419669867219e-38
5.110095848908501637e+01 2.586366221168880599e-38
5.350928041868162666e+01 2.472540114886244082e-38
5.603110343882668332e+01 2.362902483314476378e-38
5.867177670878199081e+01 2.257341908014103579e-38
6.143690148675140250e+01 2.155748197525437532e-38
6.433234301097682817e+01 2.058012408599234413e-38
6.736424294077482955e+01 1.964026714699419452e-38
7.053903238390424235e+01 1.873684620882250765e-38
7.386344553789578526e+01 1.786881133912122403e-38
7.734453397427952837e+01 1.703939189128951358e-38
8.098968159601102457e+01 1.625371950934100687e-38
8.480662029982009642e+01 1.550871698977478705e-38
8.880344637670582131e+01 1.480271301854309065e-38
9.298863768536705265e+01 1.413347326437246204e-38
9.737107163499302942e+01 1.349890323569372482e-38
1.019600440155593333e+02 1.289703878350953361e-38
1.067652887155732628e+02 1.232603567360857640e-38
1.117969983690890956e+02 1.178416335585257510e-38
1.170658459757903103e+02 1.126979829840507543e-38
1.225830075400004091e+02 1.077872309374445799e-38
1.283601857766387866e+02 1.030740997357960895e-38
1.344096349344075918e+02 9.855016414101790527e-39
1.407441867888654770e+02 9.420979041237697314e-39
1.473772778605189160e+02 9.004623822604203180e-39
1.543229779156666552e+02 8.605299156789268918e-39
1.615960198104549761e+02 8.222375126358823197e-39
1.692118307414415597e+02 7.855241120945541045e-39
1.771865649689580096e+02 7.503307132261584235e-39
1.855371380826850896e+02 7.166018046138833667e-39
1.942812628821169483e+02 6.843420358823087053e-39
2.034374869480249401e+02 6.535206255716571753e-39
2.130252319846195803e+02 6.240835052968729985e-39
2.230648350158537312e+02 5.959592594553909874e-39
2.335775915232542275e+02 5.690898101070290058e-39
2.445858006167875374e+02 5.434196803291628199e-39
2.561128123345657173e+02 5.188958715575383313e-39
2.681830771717261541e+02 4.954675774826439919e-39
2.808221979435473941e+02 4.730862769850909085e-39
2.940569840928017697e+02 4.517088022970839320e-39
3.079155085565461150e+02 4.313316369064547759e-39
3.224271673129668443e+02 4.119192089368044402e-39
3.376227417345972412e+02 3.934420507200244197e-39
3.535344638801549308e+02 3.758351149641129536e-39
3.701960848634995500e+02 3.590556383212087020e-39
3.876429464447359692e+02 3.430630565064901407e-39
4.059120559953083216e+02 3.278188853279230944e-39
4.250421649961004391e+02 3.132864343552089992e-39
4.450738512350577025e+02 2.994309109565406698e-39
4.660496048786690721e+02 2.862102834228453640e-39
4.880139185998858125e+02 2.735347213569999900e-39
5.110133819536606552e+02 2.613728374647895368e-39
5.350967802002758162e+02 2.497275918235822472e-39
5.603151977860853776e+02 2.385576710745082302e-39
5.867221267011805139e+02 2.278458308477875790e-39
6.143735799438020422e+02 2.175753612149063539e-39
6.433282103321826071e+02 2.077300729941581717e-39
6.736474349158481800e+02 1.982941070345473188e-39
7.053955652502517069e+02 1.892521372010532461e-39
7.386399438110812525e+02 1.806056771276652827e-39
7.734510868376098642e+02 1.723971657782518016e-39
8.099028339080548449e+02 1.646081789456943946e-39
8.480725045642291207e+02 1.572369617629012915e-39
8.880410623177243679e+02 1.502381859232825100e-39
9.298932863854777224e+02 1.435914061378234753e-39
9.737179515190124448e+02 1.372773951219964614e-39
1.019608016308815081e+03 1.312780650639885295e-39
1.067660820363236553e+03 1.255761974143397310e-39
1.117978290780178213e+03 1.201556193997771034e-39
1.170667158349539704e+03 1.149815008299189239e-39
1.225839183944990737e+03 1.099992176221711243e-39
1.283611395585289301e+03 1.052016384219307897e-39
1.344106336668018230e+03 1.006028745180194729e-39
1.407452325902230314e+03 9.617666223792664332e-40
1.473783729491384292e+03 9.191802365013188387e-40
1.543241246143932131e+03 8.782206216235151644e-40
1.615972205516063468e+03 8.388396259554225939e-40
1.692130880719664674e+03 8.009882342176850396e-40
1.771878815558406586e+03 7.646187207633295421e-40
1.855385167186011358e+03 7.297932932447448548e-40
1.942827064913561344e+03 6.965888786801400421e-40
2.034389985926962026e+03 6.649294948137299857e-40
2.130268148711450067e+03 6.348760491757832637e-40
2.230664925017686983e+03 6.062129293586278422e-40
2.335793271243317122e+03 5.788705525388309209e-40
2.445876180144943646e+03 5.527456717553392073e-40
2.561147153838700433e+03 5.278085786797827695e-40
2.681850699092771720e+03 5.042186752280833176e-40
2.808242845962364754e+03 4.822208179022226495e-40
2.940591690867271154e+03 4.616515062494636880e-40
3.079177965264020713e+03 4.408323899620033446e-40
3.224295631118767687e+03 4.207269900451616074e-40
3.376252504444039914e+03 4.020137308778393995e-40
3.535370908222020716e+03 3.843605648300433027e-40
3.701988356099207067e+03 3.670646457794189570e-40
3.876458268302700617e+03 3.508554131497979478e-40
4.059150721296779011e+03 3.349015261152433761e-40
4.250453232769737951e+03 3.194822629941661155e-40
4.450771583616144198e+03 3.052707891639494102e-40
4.660530678658123179e+03 2.903398426487927757e-40
4.880175447931248527e+03 2.764030040979347440e-40
5.110171790446863270e+03 2.627382471640660968e-40
5.351007562432781924e+03 2.488149470336239344e-40
5.603193612148412285e+03 2.359612504949957520e-40
5.867264863469364172e+03 2.237093736875843018e-40
6.143781450540096557e+03 2.117856543928254509e-40
6.433329905901164238e+03 2.005353576425565278e-40
6.736524404611429418e+03 1.893734161761745528e-40
7.054008067004058830e+03 1.777721443154709888e-40
7.386454322839866109e+03 1.677370017846744999e-40
7.734568339751298481e+03 1.580885135054387206e-40
8.099088519007142168e+03 1.488323780481313315e-40
8.480788061770812419e+03 1.389331079142076132e-40
8.880476609174231271e+03 1.288956776031140889e-40
9.299001959686242117e+03 1.192225834207846982e-40
9.737251867418555776e+03 1.092913662612470873e-40
1.019615592518332596e+04 9.922700699995071613e-41
1.067668753629687308e+04 8.933387074561432110e-41
1.117986597931190227e+04 7.949812330166974631e-41
1.170675857005812577e+04 6.937996290389207511e-41
1.225848292557657260e+04 5.929548489515258249e-41
1.283620933475060519e+04 4.935791898277015932e-41
1.344116324066172638e+04 3.982592754721716103e-41
1.407462783993512858e+04 3.092454759442009782e-41
1.473794680458948642e+04 2.265669226769845828e-41
1.543252713216404845e+04 1.548179543473508344e-41
1.615984213016796639e+04 9.530043180987825048e-42
1.692143454118338195e+04 5.116148259900738391e-42
1.771891981525063966e+04 2.519264015399209244e-42
1.855398953647609960e+04 1.376121928774765050e-42
1.942841501113219056e+04 6.367688523223627080e-43
2.034405102485999305e+04 2.010251032136036361e-43
2.130283977694319037e+04 2.827000529044029251e-44
2.230681499999998778e+04 2.471980425852147607e-45
