5.109905999999998913e-04 1.948036764361877824e-34
5.350758043735120073e-04 2.443352788460275554e-34
5.602962489446205096e-04 2.957864767721203238e-34
5.867054425101056805e-04 3.457944468560920578e-34
6.143594159685367194e-04 4.019767665045608600e-34
6.433168411978731904e-04 4.592625646600042448e-34
6.736391555362837959e-04 5.019972651321166567e-34
7.053906921302867524e-04 5.394188661048959352e-34
7.386388164267625785e-04 5.769301459607752777e-34
7.734540690984314289e-04 6.105939586875068805e-34
8.099103157060212783e-04 6.409056797469497568e-34
8.480849034146704718e-04 6.704008056046639700e-34
8.880588250970510673e-04 6.985079893684819170e-34
9.299168911713849833e-04 7.249000604995975311e-34
9.737479095389319763e-04 7.497956578711836255e-34
1.019644874002711456e-03 7.736212167797638476e-34
1.067705161567217243e-03 7.970738898206892148e-34
1.118030739037723055e-03 8.206953063766679710e-34
1.170728379357510469e-03 8.445320243707403310e-34
1.225909888142009225e-03 8.677579401909134607e-34
1.283692340890474175e-03 8.890876913035132566e-34
1.344198331378477834e-03 9.073521116433551339e-34
1.407556231758219948e-03 9.271335576084933254e-34
1.473900464918490418e-03 9.487779249733692675e-34
1.543371789682149945e-03 9.673668181806424120e-34
1.616117599446178707e-03 9.859425554179214931e-34
1.692292234897969753e-03 1.007713025534153110e-33
1.772057311471245773e-03 1.024866218777790550e-33
1.855582062236448568e-03 1.036751582481937977e-33
1.943043696952993131e-03 1.049619504151459834e-33
2.034627778045243040e-03 1.061219427478356389e-33
2.130528614299852328e-03 1.069401899995585527e-33
2.230949673119775063e-03 1.078628258946258205e-33
2.336104012209593885e-03 1.088671144275792926e-33
2.446214731608051859e-03 1.095406874234259697e-33
2.561515447026840343e-03 1.101211694500087711e-33
2.682250785499896203e-03 1.107885459780156728e-33
2.808676904394800337e-03 1.112362489480245793e-33
2.941062034887437053e-03 1.115079447586701681e-33
3.079687051052984979e-03 1.119002063683484230e-33
3.224846065780591006e-03 1.121863717146171265e-33
3.376847054776169373e-03 1.122180190082225717e-33
3.536012509977056947e-03 1.121997066951394490e-33
3.702680123765046682e-03 1.120731953082156059e-33
3.877203505429254078e-03 1.116171858085118570e-33
4.059952931399049385e-03 1.109440299736085049e-33
4.251316130838698158e-03 1.101384221276171754e-33
4.451699108270492332e-03 1.092502726625563239e-33
4.661527004971677095e-03 1.083267758721286528e-33
4.881245000972755932e-03 1.074402074979517774e-33
5.111319259570885204e-03 1.064758741936507817e-33
5.352237916362289141e-03 1.053940272713075715e-33
5.604512114892059270e-03 1.043497632203907746e-33
5.868677091118622291e-03 1.032227682044502628e-33
6.145293308993752916e-03 1.017670169904863556e-33
6.434947649567313889e-03 1.000831289438952579e-33
6.738254656139809964e-03 9.828471002951203170e-34
7.055857838104201071e-03 9.666984689015487949e-34
7.388431036243640893e-03 9.506816775705774722e-34
7.736679852381401351e-03 9.317168611087769666e-34
8.101343146416634458e-03 9.112088845751676507e-34
8.483194603921715912e-03 8.898585788286449928e-34
8.883044377627396029e-03 8.680247801938240779e-34
9.301740806278204973e-03 8.464781535477571338e-34
9.740172214504986756e-03 8.260742203968885324e-34
1.019926879753324002e-02 8.053238278254720116e-34
1.068000459472593505e-02 7.837184587803876165e-34
1.118339955614797154e-02 7.613563031910909365e-34
1.171052170653678198e-02 7.384883637449182997e-34
1.226248941127026579e-02 7.153926584821006989e-34
1.284047374913963729e-02 6.921368823805718808e-34
1.344570099696131005e-02 6.687655505859135091e-34
1.407945523129937662e-02 6.453640861528635705e-34
1.474308105281852029e-02 6.220588176164628695e-34
1.543798643904752133e-02 5.989828138279818526e-34
1.616564573160587243e-02 5.761758803575885730e-34
1.692760276423136215e-02 5.536746967820345843e-34
1.772547413824517026e-02 5.315135433600942607e-34
1.856095265240382403e-02 5.097683730042898903e-34
1.943581089441498780e-02 4.885168290626904243e-34
2.035190500173695780e-02 4.677720540164002309e-34
2.131117859964098624e-02 4.475244992587847592e-34
2.231566692489153278e-02 4.278065878003862110e-34
2.336750114379347945e-02 4.085705713596761819e-34
2.446891287376766130e-02 3.897612936808791276e-34
2.562223891804783077e-02 3.714017104956567371e-34
2.682992622354452364e-02 3.535126041392589269e-34
2.809453707239443002e-02 3.361120896252260946e-34
2.941875451821013288e-02 3.193012899378210011e-34
3.080538807856383551e-02 3.031851377058401753e-34
3.225737969578255232e-02 2.877448046993086207e-34
3.377780997870146601e-02 2.729424548844192777e-34
3.536990473861813256e-02 2.587792051777961545e-34
3.703704183331472943e-02 2.451933405637281425e-34
3.878275833366856551e-02 2.321196500792894719e-34
4.061075802805616530e-02 2.195535771944037981e-34
4.252491928047251457e-02 2.074901644541632314e-34
4.452930325903745740e-02 1.959233531920027132e-34
4.662816255234739082e-02 1.848131561415410510e-34
4.882595019195296038e-02 1.741174534349426769e-34
5.112732910010529819e-02 1.638393662859894349e-34
5.353718198281557511e-02 1.539656090325005992e-34
5.606062168921726457e-02 1.445118560221373696e-34
5.870300205921026582e-02 1.355066663523864855e-34
6.146992928240142123e-02 1.269772254241922057e-34
6.436727379244122638e-02 1.189060359193065999e-34
6.740118272199248362e-02 1.112759293333332375e-34
7.057809294475514417e-02 1.040697785421708873e-34
7.390474473221887719e-02 9.727381253426045962e-35
7.738819605411742519e-02 9.087443757993767281e-35
8.103583755292552426e-02 8.485300757373185313e-35
8.485540822416867690e-02 7.918075082161878703e-35
8.885501183581417939e-02 7.385155782157311202e-35
9.304313412157917684e-02 6.887247429927144671e-35
9.742866078463389978e-02 6.425045095954248119e-35
1.020208963498977217e-01 5.995878929658483922e-35
1.068295839049255153e-01 5.597299877214498597e-35
1.118649257712678591e-01 5.227045808422153841e-35
1.171376051501620136e-01 4.882409889595899453e-35
1.226588087884782907e-01 4.560859249938798407e-35
1.284402507130107118e-01 4.260842586823244504e-35
1.344941970834684086e-01 3.980189901212967378e-35
1.408334922168950620e-01 3.718347113853541562e-35
1.474715858387334044e-01 3.475584237439388899e-35
1.544225616183501626e-01 3.252213084422769265e-35
1.617011670495640263e-01 3.046479522849442529e-35
1.693228447395727643e-01 2.856807787163917511e-35
1.773037651726630526e-01 2.681777068866995553e-35
1.856608610182163832e-01 2.520237196021162454e-35
1.944118630557997995e-01 2.371163258150448012e-35
2.035753377935624608e-01 2.233439333834734977e-35
2.131707268597502203e-01 2.105574181223265968e-35
2.232183882509132244e-01 1.987197867349743209e-35
2.337396395243206693e-01 1.877992324322754815e-35
2.447568030262213257e-01 1.777721548564656572e-35
2.562932532519084372e-01 1.685537040165487159e-35
2.683734664380698076e-01 1.600687224273116229e-35
2.810230724926404133e-01 1.522503930556677000e-35
2.942689093723356297e-01 1.449848336809226343e-35
3.081390800232305938e-01 1.381615463400383786e-35
3.226630120051995898e-01 1.317486950639131968e-35
3.378715199267117164e-01 1.256849485662717250e-35
3.537968708224503711e-01 1.199795805961649191e-35
3.704728526124633214e-01 1.145866637785171198e-35
3.879348457880896772e-01 1.094605254608883141e-35
4.062198984767556587e-01 1.045866243250300097e-35
4.253668050449000426e-01 9.995158945690709813e-36
4.454161884057961096e-01 9.554287803421194688e-36
4.664105862068992914e-01 9.134438178139493283e-36
4.883945410795775266e-01 8.734027173941782312e-36
5.114146951427036569e-01 8.352060636085299985e-36
5.355198889606123114e-01 7.985480351640466978e-36
5.607612651653733904e-01 7.635780187387728021e-36
5.871923769632367840e-01 7.302132540777404817e-36
6.148693017554499596e-01 6.983751660770866039e-36
6.438507601145249115e-01 6.679905624847407726e-36
6.741982403683681735e-01 6.389908094509815935e-36
7.059761290566031189e-01 6.113105625139532565e-36
7.392518475358652585e-01 5.848115485596806040e-36
7.740959950238969212e-01 5.593535741388144555e-36
8.105824983859308830e-01 5.348985688255209727e-36
8.487887689811575154e-01 5.112739691442968439e-36
8.887958669020449287e-01 4.885982372986856174e-36
9.306886729549715964e-01 4.668937697152762869e-36
9.745560687470532502e-01 4.461869279475417211e-36
1.020491125261242304e+00 4.264303177261714434e-36
1.068591300319789994e+00 4.075794322584622321e-36
1.118958645355020209e+00 3.895919666244971999e-36
1.171700021926103785e+00 3.724272152193659446e-36
1.226927328441210330e+00 3.560465597537671281e-36
1.284757737566062819e+00 3.404065560390328130e-36
1.345313944822575269e+00 3.253582280848689844e-36
1.408724428905036907e+00 3.109640374604983590e-36
1.475123724266119929e+00 2.971958752963016762e-36
1.544652706551050247e+00 2.840268693769477248e-36
1.617458891485529904e+00 2.714313249599500192e-36
1.693696747851543893e+00 2.593850523748209937e-36
1.773528025215075354e+00 2.478648339743466949e-36
1.857122097101048253e+00 2.368480918927873647e-36
1.944656320343597589e+00 2.263132263994667383e-36
2.036316411374073709e+00 2.162472913254436088e-36
2.132296840245135883e+00 2.066066184626062198e-36
2.232801243226909538e+00 1.974278677831749640e-36
2.338042854850591379e+00 1.886874571052535122e-36
2.448244960316142027e+00 1.803630869013177269e-36
2.563641369223928823e+00 1.724336661149977220e-36
2.684476911635372165e+00 1.648794550811338949e-36
2.811007957515105904e+00 1.576817327971013107e-36
2.943502960656690259e+00 1.508225813253164757e-36
3.082243028245907013e+00 1.442850411412011152e-36
3.227522517270041025e+00 1.380428652526687008e-36
3.379649659038522547e+00 1.320309576510203863e-36
3.538947213139935322e+00 1.262723480403859185e-36
3.705753152222858837e+00 1.207567606679047697e-36
3.880421379053400344e+00 1.154743202202886008e-36
4.063322477370761021e+00 1.104155368489997897e-36
4.254844498133882880e+00 1.055713891287411841e-36
4.455393782827316684e+00 1.009331871017749485e-36
4.665395825573056321e+00 9.649248914631839355e-37
4.885296175877460456e+00 9.224118628290987321e-37
5.115561383928539207e+00 8.816955023439041970e-37
5.356679990449213058e+00 8.425093974809213602e-37
5.609163563206666758e+00 8.049795159923090399e-37
5.873547782376818738e+00 7.690401138810356119e-37
6.150393577066853190e+00 7.346278793304815336e-37
6.440288315406831110e+00 7.016818483735892174e-37
6.743847050735659820e+00 6.701438047269528145e-37
7.061713826525021886e+00 6.399575905791509165e-37
7.394563042810244013e+00 6.110686904509742255e-37
7.743100887026753476e+00 5.834248007556585863e-37
8.108066832288287173e+00 5.570561144426252549e-37
8.490235206285309033e+00 5.318758676994605362e-37
8.890416834132407686e+00 5.079210713451774087e-37
9.309460758650386580e+00 4.851281842831260588e-37
9.748256041732464183e+00 4.634372333146706836e-37
1.020773365061696403e+01 4.427915935637563999e-37
1.068886843306791512e+01 4.231379831699842355e-37
1.119268118565481096e+01 4.044260184350599915e-37
1.172024081951902374e+01 3.866078964959426752e-37
1.227266662822255228e+01 3.696368256194692789e-37
1.285113066248994507e+01 3.534073317798301514e-37
1.345686021688250378e+01 3.378089564835842148e-37
1.409114043367982383e+01 3.228675121660512777e-37
1.475531702949400525e+01 3.085566724107392203e-37
1.545079915040057372e+01 2.948511744233411323e-37
1.617906236164453304e+01 2.817267690551876253e-37
1.694165177826396729e+01 2.691602572894960361e-37
1.774018534327348817e+01 2.571293394747487133e-37
1.857635726036303225e+01 2.456125163059676184e-37
1.945194158839413134e+01 2.345916163445654172e-37
2.036879600532098777e+01 2.240800614057365514e-37
2.132886574952082626e+01 2.140412218819533600e-37
2.233418774689695141e+01 2.044763601593833010e-37
2.338689493250934959e+01 1.953619930975846852e-37
2.448922077590325230e+01 1.866758683075945040e-37
2.564350401973528548e+01 1.783968953096998716e-37
2.685219364175243939e+01 1.705051068115123491e-37
2.811785405064981447e+01 1.629815645451862021e-37
2.944317052683255298e+01 1.558082843632824292e-37
3.083095491962356505e+01 1.489631543364460508e-37
3.228415161300629421e+01 1.423943980448512348e-37
3.380584377255819817e+01 1.360747096303637615e-37
3.539925988682932001e+01 1.300068741162836247e-37
3.706778061704505234e+01 1.241822821598223937e-37
3.881494596966410171e+01 1.185925622475255841e-37
4.064446280701142911e+01 1.132295753160100448e-37
4.256021271191860933e+01 1.080854211005359729e-37
4.456626022306016921e+01 1.031524182839664814e-37
4.666686145845569911e+01 9.842309189642849683e-38
4.886647314543645138e+01 9.389779677028692687e-38
5.116976207623196160e+01 8.960000492157457765e-38
5.358161500924103393e+01 8.551639754286846418e-38
5.610714903699102507e+01 8.164002579557897002e-38
5.875172244278569877e+01 7.795951279504139403e-38
6.152094606907221674e+01 7.446416682852404490e-38
6.442069522165047601e+01 7.114393590668359045e-38
6.745712213497755272e+01 6.798936520787787361e-38
7.063666902501793743e+01 6.499155855303334427e-38
7.396608175732990276e+01 6.214214242669524196e-38
7.745242415938808733e+01 5.942663463760413892e-38
8.110309300750947159e+01 5.682108429413523526e-38
8.492583372017578824e+01 5.431876293815469399e-38
8.892875679105299014e+01 5.191773245864546784e-38
9.312035499656757054e+01 4.961428662706479263e-38
9.750952141455331912e+01 4.740485208404494720e-38
1.021055682921922028e+02 4.528598210833550919e-38
1.069182468032863511e+02 4.325434914487996291e-38
1.119577677367726096e+02 4.130674157221426739e-38
1.172348231603800741e+02 3.944005977059046819e-38
1.227606091053861945e+02 3.765436736161607285e-38
1.285468493206076346e+02 3.595134009681446457e-38
1.346058201460158443e+02 3.432668660776618542e-38
1.409503765587582222e+02 3.277716857632024098e-38
1.475939794468370110e+02 3.129922457638775390e-38
1.545507241683190500e+02 2.988946961715421193e-38
1.618353704566624174e+02 2.854468576280518939e-38
1.694633737356105598e+02 2.726180853178695433e-38
1.774509179100966207e+02 2.603792476262602308e-38
1.858149497027204120e+02 2.487026784926305506e-38
1.945732146086580201e+02 2.375665215650319190e-38
2.037442945452765457e+02 2.269495900145459990e-38
2.133476472763447020e+02 2.168276828160690929e-38
2.234036476944710330e+02 2.071759315962988767e-38
2.339336310493694668e+02 1.979716952327256462e-38
2.449599382136533450e+02 1.891934658698079120e-38
2.565059630822103713e+02 1.808208096053010605e-38
2.685962022057078684e+02 1.728342597713451226e-38
2.812563067635487073e+02 1.652153300422915988e-38
2.945131369865295596e+02 1.579461555880218899e-38
3.083948191446839360e+02 1.509828448263928761e-38
3.229308052212031157e+02 1.442966336661816012e-38
3.381519353990485683e+02 1.378811181677004006e-38
3.540905034928352961e+02 1.317234011776208461e-38
3.707803254647943731e+02 1.258144725109191052e-38
3.882568111702009332e+02 1.201455824032379232e-38
4.065570394844638713e+02 1.147082353095994375e-38
4.257198369712934891e+02 1.094941307233107459e-38
4.457858602588288477e+02 1.044952269206745797e-38
4.667976822985220338e+02 9.970513194009907339e-39
4.887998826897649565e+02 9.514375046489474712e-39
5.118391422619214950e+02 9.081052054307011036e-39
5.359643421144065769e+02 8.669736258228761938e-39
5.612266673249696396e+02 8.278807276223335057e-39
5.876797155461828197e+02 7.907182896362997852e-39
6.153796107205696444e+02 7.553842609282566556e-39
6.443851221556088831e+02 7.217823813895176999e-39
6.747577892112612972e+02 6.898212153443883402e-39
7.065620518645720267e+02 6.594146245480740672e-39
7.398653874283297682e+02 6.304665189245985445e-39
7.747384537138925680e+02 6.027596871907408635e-39
8.112552389418741541e+02 5.762094044414309334e-39
8.494932187187973796e+02 5.508158396458809279e-39
8.895335204127120505e+02 5.264834944342379020e-39
9.314610952765751790e+02 5.031706940598159275e-39
9.753648986845269064e+02 4.808373575060618378e-39
1.021338078863511214e+03 4.594449295125859580e-39
1.069478174520608263e+03 4.389556491576124875e-39
1.119887321785430913e+03 4.193333687990594792e-39
1.172672470906582475e+03 4.005595298720788225e-39
1.227945613161992014e+03 3.826804966204306354e-39
1.285824018464484197e+03 3.656651145359909833e-39
1.346430484166763335e+03 3.495170559133566389e-39
1.409893595593635155e+03 3.341400218554177182e-39
1.476347998854238767e+03 3.194948216804914118e-39
1.545934686513132647e+03 3.055444050607717944e-39
1.618801296726254805e+03 2.922537342947983050e-39
1.695102426476506935e+03 2.795889294706390865e-39
1.774999959573440719e+03 2.675181308795689422e-39
1.858663410113045757e+03 2.559935004559699600e-39
1.946270282126230995e+03 2.449306002875595136e-39
2.038006446179159639e+03 2.343102446984173407e-39
2.134066533724329929e+03 2.241663910072986050e-39
2.234654350039198107e+03 2.144272309726797311e-39
2.339983306628323135e+03 2.050783026329529042e-39
2.450276874006570779e+03 1.961055980171324659e-39
2.565769055823882809e+03 1.874955482920708166e-39
2.686704885337679571e+03 1.792340105575500841e-39
2.813340945286081933e+03 1.713075849870019333e-39
2.945945912265090101e+03 1.637279046099621481e-39
3.084801126764572018e+03 1.565279602137283435e-39
3.230201190072514692e+03 1.496909177483887177e-39
3.382454589314027999e+03 1.432488721838729773e-39
3.541884351951052395e+03 1.371244887995160710e-39
3.708828731131584391e+03 1.313006779776852602e-39
3.883641923342274367e+03 1.257613701347980633e-39
4.066694819887221911e+03 1.204914462065308844e-39
4.258375793787103248e+03 1.154755739088090345e-39
4.459091523768402112e+03 1.106996239079416858e-39
4.669267857090688267e+03 1.061374021526718153e-39
4.889350713042838834e+03 1.017613134116378163e-39
5.119807029024798794e+03 9.756646178253578330e-40
5.361125751222445615e+03 9.359999451982983102e-40
5.613818871977090566e+03 8.979288272815340023e-40
5.878422516050865852e+03 8.613039954577551114e-40
6.155498078092405194e+03 8.252486704782025799e-40
6.445633413716218456e+03 7.914814363511655262e-40
6.749444086722917746e+03 7.594591810959259018e-40
7.067574675106169707e+03 7.276647641307885556e-40
7.400700138617620723e+03 6.995607261189738350e-40
7.749527250790880316e+03 6.720186889877761925e-40
8.114796098463233648e+03 6.450163863858635586e-40
8.497281651976079957e+03 6.198880815140956735e-40
8.897795409385988023e+03 5.963088790848473924e-40
9.317187118174280840e+03 5.739773514700603347e-40
9.756346578108546964e+03 5.526238716334885853e-40
1.021620552908056197e+04 5.316774382309387047e-40
1.069773962792644124e+04 5.110932788524032339e-40
1.120197051842268775e+04 4.914181605317848853e-40
1.172996799885045584e+04 4.729887276501634749e-40
1.228285229172605250e+04 4.546582106743405407e-40
1.286179642051406518e+04 4.368012981388679915e-40
1.346802869836535137e+04 4.206762542825913336e-40
1.410283533415955935e+04 4.060165352097981022e-40
1.476756316138226975e+04 3.921882064956380569e-40
1.546362249562563375e+04 3.780627716807759246e-40
1.619249012677577775e+04 3.642200115552686290e-40
1.695571245223436927e+04 3.513292153928730254e-40
1.775490875782311923e+04 3.391272938567673285e-40
1.859177465333118016e+04 3.259796256040679075e-40
1.946808566999523464e+04 3.142877416339292796e-40
2.038570102754366962e+04 3.030513969898039944e-40
2.134656757879865472e+04 2.924690031740188449e-40
2.235272394020397041e+04 2.822689314273471571e-40
2.340630481704304111e+04 2.721593036627522037e-40
2.450954553252237747e+04 2.618684535093698943e-40
2.566478677033118220e+04 2.514859692213635912e-40
2.687447954073840810e+04 2.410507945860074429e-40
2.814119038076260767e+04 2.305289326058377571e-40
2.946760679944936419e+04 2.200811081900577476e-40
3.085654297980764386e+04 2.098344830057640635e-40
3.231094574950388778e+04 1.997551792816497550e-40
3.383390083297955425e+04 1.897836257267784026e-40
3.542863939825937268e+04 1.798296623495172204e-40
3.709854491233827139e+04 1.665497326917995906e-40
3.884716031969332835e+04 1.460840168040289672e-40
4.067819555914866942e+04 1.211389148486870194e-40
4.259553543504425761e+04 9.452331814174345784e-41
4.460324785940616857e+04 6.827362581121637185e-41
4.670559248260714230e+04 4.357009461527831340e-41
4.890702973082578683e+04 2.200640027562967455e-41
5.121223026948226470e+04 8.551890509743114821e-42
5.362608491272572428e+04 4.226464620640132326e-42
5.615371500000002561e+04 2.017177673100448195e-42
