5.109905999999998913e-04 4.431101649972873437e-34
5.350764193120424424e-04 5.375261577465874407e-34
5.602975367918634200e-04 6.382229163364701551e-34
5.867074653348763229e-04 7.409188036838734521e-34
6.143622401958658257e-04 8.542274411950959018e-34
6.433205378817708755e-04 9.697597346256926730e-34
6.736438006485340451e-04 1.064345513758405536e-33
7.053963668661869047e-04 1.149824921369534243e-33
7.386456075287545307e-04 1.232561020312712083e-33
7.734620691986392660e-04 1.305306413558631066e-33
8.099196236887541613e-04 1.369511968630416931e-33
8.480956248000167275e-04 1.431089397418445103e-33
8.880710724467376707e-04 1.491569132470980887e-33
9.299307845181610825e-04 1.550974758805761725e-33
9.737635768407788047e-04 1.606402439760674551e-33
1.019662451623280178e-03 1.660309946820581696e-33
1.067724794783942149e-03 1.716636859742084814e-33
1.118052582579163968e-03 1.766688184630719113e-33
1.170752597971548093e-03 1.808002074127337661e-33
1.225936657196604164e-03 1.846470265241585974e-33
1.283721847008797989e-03 1.883475485051230884e-33
1.344230773110324318e-03 1.919740660100561155e-33
1.407591820289709776e-03 1.950477012162084198e-33
1.473939424822172948e-03 1.975641196478229509e-33
1.543414359709747562e-03 2.001618800644788808e-33
1.616164033366327291e-03 2.027962838550798817e-33
1.692342802381419011e-03 2.053441430540969513e-33
1.772112299026158818e-03 2.075816402796307162e-33
1.855641774196528388e-03 2.094163190078520103e-33
1.943108456521358725e-03 2.107832520814722541e-33
2.034697928397113768e-03 2.118904914958530546e-33
2.130604519747248196e-03 2.129149991995458199e-33
2.231031720341646648e-03 2.136733832950416695e-33
2.336192611550962604e-03 2.141046998072057103e-33
2.446310318451921234e-03 2.141843438233355024e-33
2.561618483242854901e-03 2.141088928348514348e-33
2.682361760973940839e-03 2.140050046573671196e-33
2.808796338643961520e-03 2.135894033086094266e-33
2.941190478764941097e-03 2.129306126641814626e-33
3.079825088548040872e-03 2.123577382102651416e-33
3.224994315918293386e-03 2.114383605762237538e-33
3.377006173622861419e-03 2.099434168127332113e-33
3.536183192756932412e-03 2.085304483277720175e-33
3.702863107093957214e-03 2.070710599236152152e-33
3.877399569672116460e-03 2.049943912950721229e-33
4.060162903157534843e-03 2.024978319010397568e-33
4.251540885576213756e-03 1.997367128530251443e-33
4.451939573081908560e-03 1.968295449019089119e-33
4.661784161505608780e-03 1.938487273471849286e-33
4.881519888514609939e-03 1.908834103200890034e-33
5.111612978295330782e-03 1.877305282138666331e-33
5.352551630764299830e-03 1.842881213899745176e-33
5.604847057406128936e-03 1.806034685203588556e-33
5.869034565936260064e-03 1.768085584283216113e-33
6.145674696089872650e-03 1.730925373459990003e-33
6.435354408946838967e-03 1.690778243167807034e-33
6.738688332316171599e-03 1.646881585749685737e-33
7.056320064822280830e-03 1.603877443125013601e-33
7.388923541460100212e-03 1.561248536251132713e-33
7.737204463516398137e-03 1.517353195097134126e-33
8.101901795891170571e-03 1.472622520404344173e-33
8.483789334996091891e-03 1.427568547442567217e-33
8.883677350556737698e-03 1.383546734360594902e-33
9.302414304802058762e-03 1.340200000643439860e-33
9.740888652688736021e-03 1.296898760641649158e-33
1.020003072698008953e-02 1.253920728654841542e-33
1.068081471217927070e-02 1.211404345801665542e-33
1.118426071150479921e-02 1.169403349684626641e-33
1.171143691129414473e-02 1.127693625988173209e-33
1.226346184742763135e-02 1.086004940432903050e-33
1.284150677858148307e-02 1.044447846627140083e-33
1.344679817134541815e-02 1.003101019421663977e-33
1.408062030247762483e-02 9.620976185760976609e-34
1.474431798381844148e-02 9.218429735022819683e-34
1.543929941564428296e-02 8.827709094838713341e-34
1.616703917451602426e-02 8.448776345218344598e-34
1.692908134196118020e-02 8.081561621341680492e-34
1.772704278062823754e-02 7.725977139865192377e-34
1.856261656486429476e-02 7.382066340513384047e-34
1.943757557299486197e-02 7.049872035267705294e-34
2.035377624892768453e-02 6.729207494834997645e-34
2.131316254106184124e-02 6.419618494021999516e-34
2.231777002685943201e-02 6.121172580009116596e-34
2.336973023183120182e-02 5.832675277671059653e-34
2.447127515209990278e-02 5.552843845722602511e-34
2.562474199013713150e-02 5.281765453936676568e-34
2.683257811372168067e-02 5.019517862190987160e-34
2.809734624864110644e-02 4.766149141358218739e-34
2.942172991615410113e-02 4.522070352934794540e-34
3.080853912675052611e-02 4.287689287164140790e-34
3.226071634229010082e-02 4.062820984529371540e-34
3.378134271916952841e-02 3.847065409875621015e-34
3.537364464576483319e-02 3.640438345349207230e-34
3.704100058801950562e-02 3.442533249110313913e-34
3.878694825770322846e-02 3.252923231146155541e-34
4.061519211855030981e-02 3.071449686365600329e-34
4.252961124620409372e-02 2.897957684156100928e-34
4.453426755864402925e-02 2.732279828268086645e-34
4.663341443455846363e-02 2.574095811679398625e-34
4.883150573794908800e-02 2.423076529543293221e-34
5.113320526811498956e-02 2.279067970855269136e-34
5.354339665506691742e-02 2.141754679036483951e-34
5.606719372136702295e-02 2.011127185199515890e-34
5.870995133238007813e-02 1.887472652343621343e-34
6.147727675795636865e-02 1.771067086142809591e-34
6.437504156965459523e-02 1.661520301782566714e-34
6.740939409874591171e-02 1.558467276413317836e-34
7.058677248143369054e-02 1.461559383400389657e-34
7.391391831896577946e-02 1.370367205500819680e-34
7.739789098162469516e-02 1.284479333527099893e-34
8.104608258694293021e-02 1.203624346429367019e-34
8.486623368392588740e-02 1.127434046351327981e-34
8.886644967655786542e-02 1.055777305052203191e-34
9.305521802143983112e-02 9.886188072910147905e-35
9.744142623604713782e-02 9.259275312341842910e-35
1.020343807558153904e-01 8.673976709099342627e-35
1.068438266800666725e-01 8.127480385044777124e-35
1.118799684486690843e-01 7.617167777705896236e-35
1.171534914933036742e-01 7.142294922292337521e-35
1.226755849092736605e-01 6.702242941853439275e-35
1.284579651959636415e-01 6.294133160973176972e-35
1.345129011163163080e-01 5.914571831111125739e-35
1.408532397280759518e-01 5.562016606172298397e-35
1.474924336420269377e-01 5.234560580163694509e-35
1.544445695650659700e-01 4.930475604385187722e-35
1.617243981886654636e-01 4.647840957316205516e-35
1.693473654861480382e-01 4.384923808893404234e-35
1.773296454851728543e-01 4.140147817865412250e-35
1.856881745849731646e-01 3.913009212878236833e-35
1.944406874911531469e-01 3.703138309259348187e-35
2.036057548442925802e-01 3.508984132467171377e-35
2.132028226221962253e-01 3.328612597873818617e-35
2.232522533993877012e-01 3.161373404760135009e-35
2.337753695513951346e-01 3.005284062780374354e-35
2.447944984954906478e-01 2.858446297754449738e-35
2.563330200638804235e-01 2.720229710420309869e-35
2.684154161098520341e-01 2.590060764282477261e-35
2.810673224521381131e-01 2.467408780017672641e-35
2.943155832677022965e-01 2.351984330480057856e-35
3.081883080483622250e-01 2.243540467813119510e-35
3.227149312420897753e-01 2.141577218120520669e-35
3.379262747055413185e-01 2.045264584693625594e-35
3.538546131003162953e-01 1.954597873459669661e-35
3.705337423717097733e-01 1.868759593372938540e-35
3.879990514552422720e-01 1.786937250389992624e-35
4.062875973631216442e-01 1.708928243259551854e-35
4.254381838099408619e-01 1.634545204488432971e-35
4.454914435444438103e-01 1.563611107017960917e-35
4.664899245620446333e-01 1.495773134843951197e-35
4.884781803810155920e-01 1.430675721843228047e-35
5.115028645738998181e-01 1.368211803507776656e-35
5.356128297547051442e-01 1.308032317484948921e-35
5.608592312319212736e-01 1.250319209093008127e-35
5.872956355472703782e-01 1.195224239352297110e-35
6.149781341304981774e-01 1.142914006045461512e-35
6.439654623113372223e-01 1.093232864831683414e-35
6.743191239411729931e-01 1.046036319142094830e-35
7.061035218888094267e-01 1.001188468648083340e-35
7.393860946872340412e-01 9.583745611618763000e-36
7.742374596212916460e-01 9.172770664932402980e-36
8.107315625598842113e-01 8.778282345297825502e-36
8.489458348505823926e-01 8.398048204106869847e-36
8.889613576095563019e-01 8.033279007096793370e-36
9.308630337554026912e-01 7.682358795710890294e-36
9.747397681518706891e-01 7.343624786313383806e-36
1.020684656241726218e+00 7.016829865453342612e-36
1.068795181571960962e+00 6.701745640697801651e-36
1.119173422629475168e+00 6.398138502922196138e-36
1.171926269426056377e+00 6.105758123849724298e-36
1.227165650292225019e+00 5.824352925790757879e-36
1.285008769361113856e+00 5.554331602538254950e-36
1.345578355246298097e+00 5.298117114194905283e-36
1.409002921441169232e+00 5.056490983013710270e-36
1.475417038992396179e+00 4.828504645932369897e-36
1.544961622025975867e+00 4.613280948468608457e-36
1.617784226731733277e+00 4.410008129698536456e-36
1.694039364440592887e+00 4.217944764451911516e-36
1.773888829458936556e+00 4.036401636358672023e-36
1.857502042355609229e+00 3.864729900163711901e-36
1.945056409429927413e+00 3.702327271697974456e-36
2.036737699123435164e+00 3.548006276246649336e-36
2.132740436174001442e+00 3.398584036712301586e-36
2.233268314348616723e+00 3.254408668458745297e-36
2.338534628630541512e+00 3.115348744486478294e-36
2.448762727777863191e+00 2.981274253850347670e-36
2.564186488213614279e+00 2.852056592128789218e-36
2.685050810252989972e+00 2.727574457697230954e-36
2.811612137720472138e+00 2.607706346782788633e-36
2.944139002059426247e+00 2.492326476636714602e-36
3.082912592088555392e+00 2.381310611558790437e-36
3.228227350614182978e+00 2.274764668630684611e-36
3.380391599164127125e+00 2.172701743575327573e-36
3.539728192168799747e+00 2.075322845124485945e-36
3.706575201977435174e+00 1.982407376887516237e-36
3.881286636162963433e+00 1.893745894727198332e-36
4.064233188637444094e+00 1.809139468938360814e-36
4.255803026171687264e+00 1.728402065333785935e-36
4.456402611987972051e+00 1.651356177493092792e-36
4.666457568173181691e+00 1.577830275017925051e-36
4.886413578742324404e+00 1.507661234046506460e-36
5.116737335268365605e+00 1.440699105866653033e-36
5.357917527084913090e+00 1.376600085398651360e-36
5.610465878162595565e+00 1.315450524793653415e-36
5.874918232859141831e+00 1.257109117315365763e-36
6.151835692846988835e+00 1.201441947168408028e-36
6.441805807630474945e+00 1.148322047917654686e-36
6.745443821178781718e+00 1.097630333377788114e-36
7.063393977319504025e+00 1.049253489629918065e-36
7.396330886662812354e+00 1.003082717882781666e-36
7.744960957956185332e+00 9.590146852487625804e-37
8.110023896906827900e+00 9.168676665046574002e-37
8.492294275652033875e+00 8.763713789030998441e-37
8.892583176207235596e+00 8.375852367110479184e-37
9.311739911378960954e+00 8.004405686529804360e-37
9.750653826793849177e+00 7.648713369408635638e-37
1.021025618786747025e+01 7.308140389927157544e-37
1.069152215571626030e+01 6.982082273399028379e-37
1.119547285620524590e+01 6.669956248928051979e-37
1.172317754652132749e+01 6.371196312608529496e-37
1.227575588386941163e+01 6.085272511146749264e-37
1.285438030110451280e+01 5.812437607016673782e-37
1.346027849434072543e+01 5.551918371002439211e-37
1.409473602781483237e+01 5.303752357553625093e-37
1.475909906153184359e+01 5.067324859262223042e-37
1.545477720747934214e+01 4.842053434680726862e-37
1.618324652047103029e+01 4.627386112052536428e-37
1.694605262996560313e+01 4.422802343460091667e-37
1.774481401950526305e+01 4.227807985721121831e-37
1.858122546073257908e+01 4.041932083851037610e-37
1.945706160927135642e+01 3.864680634922917699e-37
2.037418077010166684e+01 3.694772581247310115e-37
2.133452884041753705e+01 3.531303612135296672e-37
2.234014343833355909e+01 3.374387164558506963e-37
2.339315822620010721e+01 3.223793523788620061e-37
2.449580743770079749e+01 3.079300421213164662e-37
2.565043061833667082e+01 2.940692711519410011e-37
2.685947758935600760e+01 2.807763164262819296e-37
2.812551364566128598e+01 2.680310765969953120e-37
2.945122499872290334e+01 2.558139764153511390e-37
3.083942447604700732e+01 2.441124366141813378e-37
3.229305748929121478e+01 2.329627063208504243e-37
3.381520828369027498e+01 2.223361260611294710e-37
3.540910648205248634e+01 2.122217877666916006e-37
3.707813393721038864e+01 2.025936242478713367e-37
3.882583190746529311e+01 1.934270056642713250e-37
4.065590857025111404e+01 1.846986517764560928e-37
4.257224688995790274e+01 1.763865960894714432e-37
4.457891285661015246e+01 1.684700495233825771e-37
4.668016411287899814e+01 1.609293002680181477e-37
4.888045898773436448e+01 1.537415191089260355e-37
5.118446595590216930e+01 1.468678243089687943e-37
5.359707354319883876e+01 1.402850653946997359e-37
5.612340069875846638e+01 1.339883175662432536e-37
5.876880765616164837e+01 1.279655665966918727e-37
6.153890730650835650e+01 1.222052866967074500e-37
6.443957710756755830e+01 1.166964211742249045e-37
6.747697155427023574e+01 1.114283833517589933e-37
7.065753523700715277e+01 1.063910131148999540e-37
7.398801651543548985e+01 1.015745476396463789e-37
7.747548183680764566e+01 9.697409705066723901e-38
8.112733072920359234e+01 9.259440327017478554e-38
8.495131150147584265e+01 8.842271489243770611e-38
8.895553768322092481e+01 8.445144400666265140e-38
9.314850523965660045e+01 8.067043877499961003e-38
9.753911059793355776e+01 7.707008912271852518e-38
1.021366695231253345e+02 7.364129625380989628e-38
1.069509368839492822e+02 7.037545271409587502e-38
1.119921273501543482e+02 6.726440390081371597e-38
1.172709370654935412e+02 6.430041733023364560e-38
1.227985663422616796e+02 6.147112851946796446e-38
1.285867434255537205e+02 5.875965158416933492e-38
1.346477493776627625e+02 5.616006651417730855e-38
1.409944441354205367e+02 5.366907983930061534e-38
1.476402937957620054e+02 5.128245934250519635e-38
1.545993991874101141e+02 4.899612826520929544e-38
1.618865257893049545e+02 4.680615954321916261e-38
1.695171350592512454e+02 4.470877464362899364e-38
1.775074172392606613e+02 4.270033252798808003e-38
1.858743257071895414e+02 4.077732197309505464e-38
1.946356129475634305e+02 3.893836089441668400e-38
2.038098682179021353e+02 3.718255636785012680e-38
2.134165569904699566e+02 3.550595784587880412e-38
2.234760622531314596e+02 3.390513763503479239e-38
2.340097277569500420e+02 3.237665726998948473e-38
2.450399033022810613e+02 3.091724667211111399e-38
2.565899921594522652e+02 2.952379433561595581e-38
2.686845007246407704e+02 2.819334073399591126e-38
2.813490905163118896e+02 2.692306643581603424e-38
2.946106326225330463e+02 2.571028379261756528e-38
3.084972647146948930e+02 2.455324074318178205e-38
3.230384507486010079e+02 2.344998715846070873e-38
3.382650434796076979e+02 2.239808396599785514e-38
3.542093499244429040e+02 2.139486079092437973e-38
3.709051999086030378e+02 2.043798252041217337e-38
3.883880178447752201e+02 1.952523926806442312e-38
4.066948978945674753e+02 1.865453836266286757e-38
4.258646826730317798e+02 1.782389869783359807e-38
4.459380456629629066e+02 1.703144157392653847e-38
4.669575775138487188e+02 1.627536089413061413e-38
4.889678764085590501e+02 1.555294377210699567e-38
5.120156426895237018e+02 1.486216125497078325e-38
5.361497779451603947e+02 1.420195615560749521e-38
5.614214887668047140e+02 1.357064455081674827e-38
5.878843953962707474e+02 1.296697408573163848e-38
6.155946454945782307e+02 1.238974946324164440e-38
6.446110332732241659e+02 1.183782944944226811e-38
6.749951242407830705e+02 1.131012535962922441e-38
7.068113858294963165e+02 1.080559668471196870e-38
7.401273241790142947e+02 1.032330672819163684e-38
7.750136273675285565e+02 9.863224244257950675e-39
8.115443153941663468e+02 9.424630642930600197e-39
8.497968972308959792e+02 9.006865231740532013e-39
8.898525352771481494e+02 8.608494193288800560e-39
9.317962175661134552e+02 8.228579182402705698e-39
9.757169380880595781e+02 7.866229674948600090e-39
1.021707885613295616e+03 7.520600367525748188e-39
1.069866641415398817e+03 7.190889658567629347e-39
1.120295386314252937e+03 6.876336098373244979e-39
1.173101117478151764e+03 6.576087834406115670e-39
1.228395875445000001e+03 6.288438427221447724e-39
1.286296981844267975e+03 6.012678988091511350e-39
1.346927288324124675e+03 5.748765275858622204e-39
1.410415437211863491e+03 5.495780369064516175e-39
1.476896134460696658e+03 5.253302213472218095e-39
1.546510435462072110e+03 5.020924180350662354e-39
1.619406044329880615e+03 4.798254487581555311e-39
1.695737627291601939e+03 4.584915976454768892e-39
1.775667140851296153e+03 4.380545138258763070e-39
1.859364175420766514e+03 4.184903521937340625e-39
1.947006315147932582e+03 3.998172134149884244e-39
2.038779514705928023e+03 3.820030290448624296e-39
2.134878493842333683e+03 3.650506237556961713e-39
2.235507150525745601e+03 3.488717086880083674e-39
2.340878993566186637e+03 3.334300030339591561e-39
2.451217595627344508e+03 3.186910044709552042e-39
2.566757067591756822e+03 3.046218958785029771e-39
2.687742555285506114e+03 2.911914143806794365e-39
2.814430759616262094e+03 2.783698265692414470e-39
2.947090481228303815e+03 2.661375925544830126e-39
3.086003190830209405e+03 2.544930153292699850e-39
3.231463626405191008e+03 2.434103546824766850e-39
3.383780418571298924e+03 2.329059420861798004e-39
3.543276745418278097e+03 2.229006347012112831e-39
3.710291018210584753e+03 2.133690085500743466e-39
3.885177599411319534e+03 2.042870308268894773e-39
4.068307554550647183e+03 1.956319774305196349e-39
4.260069439533897821e+03 1.873821219281282922e-39
4.460870125059942438e+03 1.795169804028275976e-39
4.671135659898900485e+03 1.719988134664980126e-39
4.891312174860948289e+03 1.647752025035707040e-39
5.121866829374145709e+03 1.578372342133465507e-39
5.363288802679812761e+03 1.512223259068748238e-39
5.616090331748349854e+03 1.448658458274441883e-39
5.880807798117783022e+03 1.387585222524891274e-39
6.158002865961128919e+03 1.328913871993471371e-39
6.448263673797077900e+03 1.272557658134941784e-39
6.752206082372669698e+03 1.218427885659025715e-39
7.070474981365525309e+03 1.166440318748916603e-39
7.403745657678325188e+03 1.116872458535527667e-39
7.752725228228458946e+03 1.070050343905178073e-39
8.118154140273079975e+03 1.025838905406108569e-39
8.500807742452694583e+03 9.845963232502226491e-40
8.901497929886909333e+03 9.455842176761538316e-40
9.321074866812503387e+03 9.086764610104535290e-40
9.760428790419065990e+03 8.738252199224775414e-40
1.022049189970929547e+04 8.410862125168398987e-40
1.070224033339200287e+04 8.092815610167995093e-40
1.120669624100385954e+04 7.768875663438879973e-40
1.173492995165486354e+04 7.452457870249633655e-40
1.228806224499847485e+04 7.160603836015182086e-40
1.286726672924565537e+04 6.883261922610202306e-40
1.347377233126741339e+04 6.623165408872271410e-40
1.410886590406992036e+04 6.378434384314813231e-40
1.477389495717433601e+04 6.135206986458472908e-40
1.547027051569456853e+04 5.903318852021795756e-40
1.619947011417928115e+04 5.686384278922170278e-40
1.696304093156994350e+04 5.482223311582979495e-40
1.776260307392748655e+04 5.286694940998339547e-40
1.859985301189138772e+04 5.097618135777124677e-40
1.947656718016562809e+04 4.917152310159295047e-40
2.039460574666825050e+04 4.745123396766501695e-40
2.135591655934187656e+04 4.589257986072855156e-40
2.236253927899925111e+04 4.443249105467911414e-40
2.341660970697280936e+04 4.300696126519757370e-40
2.452036431674988489e+04 4.168012706625276205e-40
2.567614499920994785e+04 4.035336354889931497e-40
2.688640403153022999e+04 3.905777129193534130e-40
2.815370928030387222e+04 3.785187647352072842e-40
2.948074964990980516e+04 3.643364596679508894e-40
3.087034078769447297e+04 3.528663634262319843e-40
3.232543105807055326e+04 3.421364915473567293e-40
3.384910779820736934e+04 3.325677825081767530e-40
3.544460386858801940e+04 3.235429721182039265e-40
3.711530451232923951e+04 3.146294585326881162e-40
3.886475453781968827e+04 3.054177073162425550e-40
4.069666583991562948e+04 2.959839552005942402e-40
4.261492527565232740e+04 2.863582957684336750e-40
4.462360291118129680e+04 2.767021216476047400e-40
4.672696065743165673e+04 2.673188119951669201e-40
4.892946131281707494e+04 2.586628080003002449e-40
5.123577803217758628e+04 2.506849719277951705e-40
5.365080424204312294e+04 2.433381268098357987e-40
5.617966402325941453e+04 2.365738703634298645e-40
5.882772298300460534e+04 2.268763699952307228e-40
6.160059963926306955e+04 2.095829383932219919e-40
6.450417734191499039e+04 1.864355411099164061e-40
6.754461675573057437e+04 1.596772293714077162e-40
7.072836893175815931e+04 1.312495257515816110e-40
7.406218899483910354e+04 1.019894098337655726e-40
7.755315047629100445e+04 7.113830187582561382e-41
8.120866032216986059e+04 3.862752062389945394e-41
8.503647460895507538e+04 1.874133863540170213e-41
8.904471500000009837e+04 1.135996967066307238e-41
