5.109905999999998913e-04 5.623485777143283416e-34
5.350468326063115461e-04 6.827480107891333589e-34
5.602355759226218404e-04 8.079152022588071531e-34
5.866101458828628604e-04 9.318165638727708656e-34
6.142263684094230285e-04 1.071977381220746834e-33
6.431426975774875033e-04 1.215943246861589099e-33
6.734203393422768125e-04 1.324641347467956386e-33
7.051233810910658133e-04 1.416117108701370525e-33
7.383189272942161999e-04 1.502705325765219223e-33
7.730772415423298096e-04 1.586296195120108483e-33
8.094718952701823993e-04 1.664406301789443769e-33
8.475799234822304620e-04 1.733069413512850738e-33
8.874819878093009049e-04 1.800416463693879830e-33
9.292625472416111108e-04 1.867737497158947562e-33
9.730100368994987117e-04 1.921185933856217753e-33
1.018817055220245897e-03 1.967613939691969914e-33
1.066780559957232520e-03 2.020572221667657123e-33
1.117002073406251966e-03 2.073499272364981306e-33
1.169587897293408773e-03 2.123583468238560401e-33
1.224649337779431559e-03 2.171579853798181814e-33
1.282302941056649194e-03 2.216785015287016999e-33
1.342670740037326142e-03 2.258012139236630013e-33
1.405880512655504396e-03 2.294133879747540375e-33
1.472066052329074407e-03 2.326169012963729158e-33
1.541367451154575805e-03 2.360195676648924864e-33
1.613931396434140813e-03 2.391930624289826010e-33
1.689911481162214126e-03 2.415985267800666805e-33
1.769468529129268348e-03 2.439974686506121071e-33
1.852770935330638139e-03 2.464960402058182854e-33
1.939995022400980290e-03 2.485310991750388878e-33
2.031325413828854922e-03 2.498839281601437433e-33
2.126955424741341309e-03 2.504057779744603169e-33
2.227087471085900314e-03 2.504802294361087747e-33
2.331933498075525277e-03 2.503509050611216010e-33
2.441715428804101286e-03 2.504120165939749700e-33
2.556665633981517957e-03 2.502597269930513434e-33
2.677027423782783397e-03 2.495188596541158244e-33
2.803055562852253997e-03 2.485017332204869103e-33
2.935016809553053427e-03 2.471831428997397878e-33
3.073190480603054699e-03 2.452454482853617327e-33
3.217869042292619431e-03 2.430173204888386721e-33
3.369358729535477850e-03 2.407625631478344798e-33
3.527980194063028672e-03 2.383006137529280314e-33
3.694069183134135806e-03 2.356132104046056919e-33
3.867977250196978460e-03 2.327618973195954819e-33
4.050072499007152486e-03 2.296885338897040824e-33
4.240740362777130172e-03 2.263397954588258536e-33
4.440384420006247140e-03 2.226335009473091852e-33
4.649427248717993497e-03 2.187170532121634147e-33
4.868311320912825993e-03 2.149504965859567856e-33
5.097499939129715094e-03 2.110927771390406140e-33
5.337478217098749235e-03 2.070004535371514920e-33
5.588754106560601953e-03 2.028300691492648928e-33
5.851859472426231869e-03 1.984937636873725133e-33
6.127351218552546351e-03 1.937505817279320414e-33
6.415812466516925688e-03 1.888429730230119196e-33
6.717853789885694371e-03 1.839315400810200506e-33
7.034114506589059061e-03 1.790897303126041491e-33
7.365264032137937983e-03 1.742686532800660107e-33
7.712003296547120454e-03 1.693561746998692534e-33
8.075066227963821966e-03 1.644821491771990241e-33
8.455221306141911045e-03 1.596323770749196435e-33
8.853273189050103742e-03 1.543403377298117469e-33
9.270064416057040985e-03 1.489041415443867786e-33
9.706477191298230542e-03 1.438996760838731289e-33
1.016343525099976455e-02 1.389443632798460079e-33
1.064190581871125862e-02 1.338648695913597181e-33
1.114290165258643300e-02 1.286886390492139276e-33
1.166748318904496998e-02 1.235254472648833024e-33
1.221676078735283062e-02 1.185277196040211529e-33
1.279189707987215749e-02 1.136943591244043573e-33
1.339410943295536380e-02 1.090188024559557576e-33
1.402467252369237957e-02 1.045001595644938831e-33
1.468492103796502357e-02 1.001275914366743968e-33
1.537625249551943969e-02 9.588583913775318338e-34
1.610013020803624517e-02 9.177378461402729982e-34
1.685808637645973274e-02 8.779047050165955587e-34
1.765172533414193640e-02 8.393478688047835152e-34
1.848272694266632141e-02 8.019580820767780504e-34
1.935285014753881580e-02 7.655691835194283283e-34
2.026393670127244612e-02 7.301972895508786119e-34
2.121791506174597330e-02 6.958342129802993702e-34
2.221680447408803591e-02 6.625161885475279217e-34
2.326271924472686839e-02 6.303250981260469232e-34
2.435787321665211502e-02 5.993771737054320823e-34
2.550458445536145716e-02 5.696473798324940875e-34
2.670528015541051223e-02 5.411086540096498142e-34
2.796250177795164132e-02 5.137338531117505473e-34
2.927891043013584535e-02 4.874319769829496341e-34
3.065729249776431159e-02 4.620746971156000384e-34
3.210056554311180310e-02 4.376565911838289524e-34
3.361178448040583189e-02 4.141533436054642271e-34
3.519414804203269131e-02 3.915751549956302844e-34
3.685100554915729520e-02 3.699473026072154824e-34
3.858586400108771769e-02 3.493114198508301221e-34
4.040239549839052396e-02 3.296391621004252179e-34
4.230444501546868491e-02 3.109016468764409347e-34
4.429603853905408894e-02 2.930702891017832631e-34
4.638139158984135729e-02 2.761292697977679079e-34
4.856491814529978468e-02 2.600717158658822359e-34
5.085123998255043631e-02 2.448597749970922533e-34
5.324519646108368670e-02 2.304420532205569997e-34
5.575185476602429607e-02 2.167952927269713383e-34
5.837652063362489679e-02 2.038596635356942590e-34
6.112474958169093059e-02 1.915575845422184721e-34
6.400235866870675194e-02 1.798693047004376429e-34
6.701543880655468077e-02 1.687768064362629155e-34
7.017036765288672817e-02 1.582619367753369438e-34
7.347382311043958170e-02 1.483447256630700133e-34
7.693279746186545975e-02 1.390712723457632262e-34
8.055461216999687535e-02 1.304008457187442956e-34
8.434693337487347842e-02 1.222831727751032088e-34
8.831778812033264092e-02 1.146900050425895829e-34
9.247558134450870049e-02 1.075937130322684349e-34
9.682911367020577420e-02 1.009718405153838605e-34
1.013876000327992438e-01 9.479085991671830767e-35
1.061606891850941092e-01 8.901974070502257665e-35
1.111584841204275032e-01 8.362995210690992100e-35
1.163915634572411234e-01 7.860027726389571614e-35
1.218710038303900678e-01 7.391553620135688710e-35
1.276084033365816883e-01 6.954970399896062089e-35
1.336159060835692691e-01 6.547141818722418777e-35
1.399062278950651272e-01 6.166505568675359658e-35
1.464926832257802680e-01 5.811936270321273990e-35
1.533892133435593441e-01 5.483009244843262868e-35
1.606104158382663238e-01 5.177635195398433698e-35
1.681715755198764650e-01 4.893884380193906261e-35
1.760886967711792206e-01 4.630018081937800482e-35
1.843785374235703822e-01 4.384448426599107063e-35
1.930586442276347736e-01 4.155688208079855747e-35
2.021473899936019336e-01 3.942355215361377319e-35
2.116640124802873502e-01 3.742698813101688351e-35
2.216286551148309858e-01 3.556055360155155182e-35
2.320624096294272576e-01 3.381608497840776434e-35
2.429873607052918105e-01 3.218659894364485271e-35
2.544266327183583587e-01 3.066329001358749828e-35
2.664044386856568858e-01 2.923809130502161299e-35
2.789461315159673105e-01 2.790367453969154396e-35
2.920782576732366409e-01 2.664842345227616770e-35
3.058286133663425388e-01 2.545647612471615253e-35
3.202263033841363238e-01 2.432393115676315045e-35
3.353018027003036305e-01 2.324405104360456089e-35
3.510870209784365259e-01 2.221688018951537861e-35
3.676153701138493157e-01 2.123790280799696731e-35
3.849218349551087881e-01 2.029982549394866174e-35
4.030430473549618808e-01 1.940087309761096803e-35
4.220173637074102757e-01 1.853955695480813991e-35
4.418849461350475849e-01 1.771445451243073203e-35
4.626878474985015588e-01 1.692492707616246245e-35
4.844701004079236539e-01 1.617120454259192621e-35
5.072778104249301423e-01 1.545169305998730789e-35
5.311592536522664609e-01 1.476249643067442963e-35
5.561649789177673942e-01 1.410413976504973893e-35
5.823479147688969126e-01 1.347579919360580667e-35
6.097634815043335710e-01 1.287646818783166962e-35
6.384697084797468225e-01 1.230477443573647074e-35
6.685273569360447032e-01 1.175941939504890596e-35
7.000000486100907970e-01 1.123918546126674645e-35
7.329544004001115054e-01 1.074284489504671311e-35
7.674601653708267301e-01 1.026914849244651424e-35
8.035903803967754389e-01 9.816999502692301946e-36
8.414215207563421339e-01 9.383898263802392945e-36
8.810336620036978150e-01 8.970175309832841681e-36
9.225106494612967944e-01 8.575338853278364181e-36
9.659402756916825039e-01 8.198749355564693280e-36
1.011414466324236816e+00 7.839532359889203349e-36
1.059029474630229783e+00 7.496859232791274351e-36
1.108886085257988485e+00 7.169953143110695227e-36
1.161089827559447230e+00 6.858052437288924884e-36
1.215751198959610591e+00 6.560433748471708199e-36
1.272985898841711316e+00 6.276387724152197177e-36
1.332915073443142528e+00 6.003839933515620227e-36
1.395665572280512690e+00 5.742823521240896256e-36
1.461370216646574072e+00 5.493042555288193408e-36
1.530168080747373427e+00 5.254015327480957911e-36
1.602204786074657550e+00 5.025281485742586672e-36
1.677632809636650402e+00 4.806408922843102450e-36
1.756611806699608591e+00 4.596990765575549863e-36
1.839308948723276105e+00 4.396622201423250527e-36
1.925899277205554538e+00 4.204915759027085950e-36
2.016566074185350388e+00 4.021501908332610523e-36
2.111501250187804324e+00 3.845498187489247482e-36
2.210905750433081352e+00 3.677040741434316912e-36
2.314989980168520756e+00 3.515931286135708402e-36
2.423974250024391708e+00 3.361851091467237573e-36
2.538089242335984874e+00 3.214495199556961105e-36
2.657576499419014748e+00 3.073576325093512429e-36
2.782688934831896610e+00 2.938823434276609799e-36
2.913691368707050700e+00 2.809967966338917772e-36
3.050861088284317457e+00 2.686752771233921617e-36
3.194488434832983614e+00 2.568929202795896263e-36
3.344877418204721398e+00 2.455867842776517891e-36
3.502346360318200347e+00 2.347593738698593664e-36
3.667228568937461297e+00 2.243986235071401247e-36
3.839873043170198397e+00 2.144848579357205897e-36
4.020645212179189798e+00 2.049992388392219921e-36
4.209927708670583968e+00 1.959239430623814387e-36
4.408121178796132078e+00 1.872421001984232476e-36
4.615645130183741784e+00 1.789370892881610469e-36
4.832938819891320570e+00 1.709929765382681868e-36
5.060462184163341703e+00 1.633946691033491909e-36
5.298696811958211406e+00 1.561137698748243444e-36
5.548146964306973850e+00 1.491528656279469041e-36
5.809340641661052018e+00 1.425025772526240600e-36
6.082830701488181724e+00 1.361490114900625472e-36
6.369196028482082994e+00 1.300789010051382023e-36
6.669042759862968239e+00 1.242796762613693481e-36
6.983005568362181670e+00 1.187394334368783901e-36
7.311749005606807295e+00 1.134465832991082570e-36
7.655968908747571078e+00 1.083900514110301568e-36
8.016393873307617213e+00 1.035594165045760981e-36
8.393786795369399201e+00 9.893911971922135850e-37
8.788946486364084265e+00 9.452925014741199515e-37
9.202709363881586668e+00 9.032266065096762741e-37
9.635951222079803813e+00 8.630968084381285977e-37
1.008958908544053656e+01 8.248111611882802382e-37
1.056458314979603408e+01 7.882826673395606470e-37
1.106193881473433116e+01 7.534290600109919193e-37
1.158270881168540889e+01 7.201711150061242354e-37
1.212799543219285603e+01 6.884334456927646769e-37
1.269895286108709165e+01 6.581436501922752285e-37
1.329678961949887039e+01 6.291566271947286805e-37
1.392277112288434715e+01 6.014421641139477242e-37
1.457822235947568856e+01 5.749593818599908730e-37
1.526453069482681180e+01 5.496530558126827769e-37
1.598314880839079599e+01 5.254704650321963527e-37
1.673559776834416724e+01 5.023614487302034763e-37
1.752347025116664625e+01 4.802783146387424047e-37
1.834843391279141400e+01 4.591751254266395208e-37
1.921223491846086162e+01 4.390080071590297339e-37
2.011670163875984230e+01 4.197335225574113053e-37
2.106374851964916672e+01 4.012276393777455361e-37
2.205538013469163516e+01 3.834531092447256434e-37
2.309369542804688891e+01 3.663931641551059662e-37
2.418089215721646212e+01 3.500226684924999072e-37
2.531927154494320931e+01 3.343172284225731559e-37
2.651124315011076504e+01 3.192532537703218925e-37
2.775932996795347307e+01 3.048079550630295236e-37
2.906617377037259686e+01 2.909590273191574443e-37
3.043454069766161396e+01 2.776848302635923987e-37
3.186732711347667291e+01 2.649659556204274573e-37
3.336756573544584370e+01 2.528328227475998134e-37
3.493843205439240052e+01 2.412985299444018450e-37
3.658325105576005853e+01 2.303355723685439569e-37
3.830550425746756105e+01 2.199137183028128627e-37
4.010883707908838858e+01 2.100044542527690403e-37
4.199706655795391441e+01 2.005809088344922752e-37
4.397418942851330570e+01 1.916177623641961519e-37
4.604439058204978608e+01 1.830910416485062442e-37
4.821205192466094047e+01 1.749781077819760089e-37
5.048176165225120826e+01 1.672568782890728860e-37
5.285832396217023188e+01 1.598697012256745615e-37
5.534676922205127170e+01 1.527893496615408750e-37
5.795236461737455613e+01 1.460058318454495371e-37
6.068062530029379786e+01 1.395074363839800912e-37
6.353732606332219035e+01 1.332829077265150874e-37
6.652851356258794624e+01 1.273214394121441895e-37
6.966051911653303819e+01 1.216126598944838696e-37
7.293997210714337598e+01 1.161465604359928665e-37
7.637381401207720444e+01 1.109135128606466346e-37
7.996931309739436244e+01 1.059043690555876011e-37
8.373407980198329881e+01 1.011134091873144489e-37
8.767608284625049464e+01 9.653603399654832518e-38
9.180366609917061282e+01 9.216368097403062165e-38
9.612556623939600797e+01 8.798723683249498263e-38
1.006509312478096092e+02 8.399800061370307619e-38
1.053893397706652593e+02 8.018766999669504159e-38
1.103508213942972276e+02 7.654832526916877163e-38
1.155458778743162753e+02 7.307238532528024172e-38
1.209855053642250056e+02 6.975260729024167895e-38
1.266812176905063296e+02 6.658223402038124652e-38
1.326450707234460538e+02 6.356294888833897602e-38
1.388896878952762108e+02 6.069289536197311878e-38
1.454282869196549370e+02 5.796450029617200257e-38
1.522747077690340234e+02 5.537027342169707402e-38
1.594434419691345965e+02 5.290315004652810396e-38
1.669496632725408745e+02 5.055646841994530651e-38
1.748092597763312313e+02 4.832394726517145262e-38
1.830388675517315562e+02 4.619964794844165849e-38
1.916559058569767160e+02 4.417796260696533342e-38
2.006786140079072709e+02 4.225340191469190315e-38
2.101260899843466063e+02 4.040832885360866907e-38
2.200183308539792222e+02 3.863253389948482547e-38
2.303762750992860049e+02 3.692404141985119769e-38
2.412218469371318008e+02 3.528083322943790335e-38
2.525780027248187025e+02 3.370093313589867771e-38
2.644687795508223758e+02 3.218240831339572786e-38
2.769193461130684568e+02 3.072336996862043739e-38
2.899560559924351537e+02 2.932196211322715608e-38
3.036065034342522608e+02 2.797636737041305007e-38
3.178995817558563317e+02 2.668491587536195809e-38
3.328655445038361904e+02 2.545398528219570919e-38
3.485360694904223919e+02 2.428544662805806426e-38
3.649443258445537026e+02 2.317585371872583099e-38
3.821250442195491246e+02 2.212200639188730633e-38
4.001145903059983766e+02 2.112089215569852478e-38
4.189510418054592265e+02 2.016967606888529164e-38
4.386742690278943542e+02 1.926569098537644607e-38
4.593260192834538316e+02 1.840641862332138284e-38
4.809500052472155289e+02 1.758948511677574788e-38
5.035919974839289921e+02 1.681262278027995648e-38
5.272999213286145732e+02 1.607140212017711188e-38
5.521239583280647594e+02 1.536244031289537201e-38
5.781166524579706447e+02 1.468425639924419616e-38
6.053330213405114364e+02 1.403553523949072401e-38
6.338306726977947392e+02 1.341501708584322416e-38
6.636699262876509238e+02 1.282149680172896084e-38
6.949139415798872506e+02 1.225382295335823505e-38
7.276288514432276315e+02 1.171088802113223412e-38
7.618839021259251467e+02 1.119163092276926788e-38
7.977515998263235133e+02 1.069503338257258207e-38
8.353078641636299153e+02 1.022018798266679138e-38
8.746321888737167001e+02 9.765888342037828112e-39
9.158078100701009134e+02 9.331148357167622558e-39
9.589218824262708267e+02 8.915154896221174454e-39
1.004065663652244552e+03 8.517127938839149778e-39
1.051334707655849343e+03 8.136320529046308811e-39
1.100829066797597079e+03 7.772018743960290783e-39
1.152653503667223504e+03 7.423533457824535717e-39
1.206917712830167147e+03 7.090203225421165026e-39
1.263736553013371122e+03 6.771402171590214419e-39
1.323230290221822088e+03 6.467859383048666245e-39
1.385524852300444763e+03 6.179364118080749167e-39
1.450752095480190519e+03 5.904975099439026004e-39
1.519050083472467122e+03 5.643951977961382429e-39
1.590563379702671682e+03 5.395596322828734144e-39
1.665443353301418256e+03 5.159250201581891542e-39
1.743848499501081278e+03 4.934295024756611634e-39
1.825944775115870243e+03 4.720143018801745257e-39
1.911905949815494296e+03 4.516238758051221590e-39
2.001913973935999820e+03 4.322051797587484988e-39
2.096159363606242550e+03 4.136543676601056809e-39
2.194841604005202043e+03 3.958595292875021640e-39
2.298169571603741133e+03 3.787767306868611501e-39
2.406361976284469620e+03 3.623798673168303057e-39
2.519647824275570656e+03 3.466437109867317283e-39
2.638266902878501242e+03 3.315439625445375696e-39
2.762470288015488222e+03 3.170573220936733019e-39
2.892520875671158592e+03 3.031609999383527523e-39
3.028693938353242629e+03 2.898329539255547030e-39
3.171277707750083209e+03 2.770521543655274040e-39
3.320573984818281588e+03 2.648776688948879275e-39
3.476898778591892551e+03 2.533006452866745331e-39
3.640582975065191931e+03 2.422733802347545033e-39
3.811973037564862352e+03 2.317680089414981353e-39
3.991431740094119050e+03 2.217581813258113048e-39
4.179338935200872584e+03 2.122190044628658290e-39
4.376092357995360544e+03 2.031270008990633624e-39
4.582108468018982421e+03 1.944598458260844505e-39
4.797823330746422471e+03 1.861963975759742595e-39
5.023693540586734343e+03 1.783166078114513051e-39
5.260197187337138530e+03 1.708262948278720045e-39
5.507834868135269062e+03 1.636860524050014664e-39
5.767130747051668550e+03 1.568609051464974508e-39
6.038633664565382787e+03 1.503364245173478384e-39
6.322918299271158503e+03 1.440988829083397742e-39
6.620586384276977697e+03 1.381351620935807762e-39
6.932267980866705329e+03 1.324326386723901681e-39
7.258622812123898257e+03 1.269794884768308694e-39
7.600341659339357648e+03 1.217644697782071700e-39
7.958147824158247204e+03 1.167768459076742763e-39
8.332798659561793102e+03 1.120316808905222430e-39
8.725087172923847902e+03 1.074960438436107934e-39
9.135843704535578581e+03 1.031403375911595513e-39
9.565937685151287951e+03 9.895757658336070067e-40
1.001627947627517642e+04 9.494135466824259978e-40
1.048782229708463456e+04 9.108106105226413842e-40
1.098156424206820702e+04 8.733592161061178262e-40
1.149855039364974436e+04 8.371744367264238386e-40
1.203987503426941112e+04 8.036392726134023253e-40
1.260668396260449663e+04 7.734060759356852979e-40
1.320017691883238876e+04 7.441578405565129847e-40
1.382161012406927330e+04 7.166376053225852175e-40
1.447229893935932887e+04 6.897172623395513322e-40
1.515362064984342760e+04 6.637621874888607129e-40
1.586701737999938814e+04 6.395952491524245969e-40
1.661399914612511566e+04 6.162286905677033439e-40
1.739614705252542626e+04 5.945294671512871473e-40
1.821511663816786677e+04 5.728950407145143745e-40
1.907264138089082917e+04 5.516928022701901138e-40
1.997053636658227333e+04 5.320687154177925878e-40
2.091070213109398537e+04 5.129845571087764063e-40
2.189512868302444986e+04 4.961397677823040209e-40
2.292589971588483968e+04 4.801732981870693020e-40
2.400519701856386382e+04 4.644323280087798635e-40
2.513530509342648656e+04 4.493627253033612077e-40
2.631861599182278223e+04 4.355208839564714616e-40
2.755763437724017786e+04 4.210144280654237973e-40
2.885498282681745332e+04 4.077091984594319913e-40
3.021340738244143358e+04 3.957553170167350897e-40
3.163578336317620051e+04 3.834494663889282048e-40
3.312512145132791920e+04 3.709335808825371819e-40
3.468457406502658705e+04 3.601371236449807806e-40
3.631744203081519663e+04 3.499400865186615179e-40
3.802718157036740740e+04 3.402918231647982736e-40
3.981741161612398719e+04 3.311748366401966568e-40
4.169192147133210528e+04 3.221923226448495537e-40
4.365467883070136304e+04 3.130516073968345618e-40
4.570983817865248420e+04 3.038333466655879079e-40
4.786174958293761301e+04 2.946135923178705860e-40
5.011496790224164579e+04 2.857704305006603433e-40
5.247426242725666089e+04 2.773831241965856183e-40
5.494462697563545225e+04 2.696210142628382741e-40
5.753129046219053998e+04 2.624372606995014892e-40
6.023972796671547985e+04 2.557940972911080160e-40
6.307567232285081263e+04 2.496566775820395304e-40
6.604512625252771250e+04 2.401407117409920950e-40
6.915437507167230069e+04 2.233010640452716483e-40
7.240999999406495772e+04 2.007174211011503720e-40
7.581889206151239341e+04 1.744240201988872080e-40
7.938826672982239688e+04 1.462828765519696305e-40
8.312567914144889801e+04 1.171698049694113849e-40
8.703904011713861837e+04 8.607282746153959497e-41
9.113663290042645531e+04 5.098639579837994860e-41
9.542713069042227289e+04 2.500768998124045592e-41
9.991961500000007800e+04 1.598893113529930384e-41
