5.109905999999998913e-04 1.691853926251918525e-32
5.350509647548461287e-04 2.009854581949601780e-32
5.602442293167270637e-04 2.345832573236094128e-32
5.866237370985887467e-04 2.683344628819694324e-32
6.142453432268483353e-04 3.002818025360584083e-32
6.431675328072510543e-04 3.283292940426128024e-32
6.734515447593639615e-04 3.504622795369119172e-32
7.051615014819043355e-04 3.649821463092128597e-32
7.383645446234605135e-04 3.716438799303208687e-32
7.731309772460691343e-04 3.753478468701972601e-32
8.095344126826731820e-04 3.768703586629082500e-32
8.476519304036359091e-04 3.761752645724582156e-32
8.875642392223519715e-04 3.732692416868645893e-32
9.293558481855068373e-04 3.683864403082261425e-32
9.731152455098270775e-04 3.626462877494883334e-32
1.018935085944207156e-03 3.562525410727280044e-32
1.066912386953910259e-03 3.492442488454151892e-32
1.117148734142243624e-03 3.416638429129898794e-32
1.169750496344673695e-03 3.335777082832902245e-32
1.224829050850794257e-03 3.251515496617995258e-32
1.282501019231040281e-03 3.164399549586644599e-32
1.342888514267467351e-03 3.074779817130059900e-32
1.406119398511460755e-03 2.983017479120009231e-32
1.472327555015808974e-03 2.889625021898017790e-32
1.541653170814401069e-03 2.795758209460517662e-32
1.614243033749765801e-03 2.701783026970110819e-32
1.690250843276964446e-03 2.607933833258939199e-32
1.769837535901899479e-03 2.514436870677272530e-32
1.853171625943121148e-03 2.421607707262948309e-32
1.940429562338669362e-03 2.330182545411619129e-32
2.031796102253407774e-03 2.240348967728461866e-32
2.127464702277932340e-03 2.152195257096255930e-32
2.227637928047383493e-03 2.065808228896840865e-32
2.332527883147438030e-03 1.981518890555211617e-32
2.442356658215661790e-03 1.900641459288708409e-32
2.557356801189128708e-03 1.823214600783533551e-32
2.677771809693976161e-03 1.749087956728892867e-32
2.803856646619512245e-03 1.678118734846369531e-32
2.935878279968475758e-03 1.610051602049753179e-32
3.074116248126544052e-03 1.544207942648556805e-32
3.218863251747988534e-03 1.480468239204749614e-32
3.370425773510675894e-03 1.418794951183695055e-32
3.529124727052681751e-03 1.359155288205854503e-32
3.695296136464585983e-03 1.301396261550909080e-32
3.869291847776132678e-03 1.244936415319300328e-32
4.051480273943750161e-03 1.189754538437683153e-32
4.242247174916392340e-03 1.135909684206123247e-32
4.441996474431304277e-03 1.083454279523113676e-32
4.651151115269233464e-03 1.032528569884062800e-32
4.870153954779961152e-03 9.836102086662785665e-33
5.099468702574269825e-03 9.367035374083582131e-33
5.339580902367885296e-03 8.917428747230201566e-33
5.590998960056197536e-03 8.486686044779218281e-33
5.854255220196635280e-03 8.073968373015893039e-33
6.129907093178043817e-03 7.677662508709888685e-33
6.418538235463608355e-03 7.297236557825746129e-33
6.720759785406369910e-03 6.932316462261168342e-33
7.037211657254069559e-03 6.582525592836818062e-33
7.368563896083106003e-03 6.248210247245038834e-33
7.715518096530524228e-03 5.932149815267768540e-33
8.078808888328153914e-03 5.633686039203567344e-33
8.459205491784008504e-03 5.351734896096149433e-33
8.857513346504860413e-03 5.085326489282261149e-33
9.274575816808287854e-03 4.833220442878958781e-33
9.711275977435282133e-03 4.593214869151160448e-33
1.016853848334453234e-02 4.364582036455040979e-33
1.064733152754722412e-02 4.146816246310513303e-33
1.114866889112800866e-02 3.939437355939068088e-33
1.167361208979261593e-02 3.741853310241454639e-33
1.222327262148732198e-02 3.553077712897269383e-33
1.279881431984911111e-02 3.372734917537344622e-33
1.340145581846987309e-02 3.200513461887068523e-33
1.403247313119214586e-02 3.036143176486230212e-33
1.469320235390009048e-02 2.879729844662117194e-33
1.538504249352615379e-02 2.732557562595987177e-33
1.610945843026363386e-02 2.594196539189016519e-33
1.686798401925720947e-02 2.464047575407485135e-33
1.766222533833870789e-02 2.341557259850699620e-33
1.849386408868503723e-02 2.226140575599981752e-33
1.936466115559842827e-02 2.117035994588078324e-33
2.027646033694874284e-02 2.013829679551688646e-33
2.123119224717207043e-02 1.916155855885965686e-33
2.223087840509204577e-02 1.823701368847852269e-33
2.327763551421921026e-02 1.736059358114803050e-33
2.437367994459127205e-02 1.652547803003851243e-33
2.552133242564425669e-02 1.572933036137313521e-33
2.672302296005072894e-02 1.497042336668882617e-33
2.798129596892987361e-02 1.424710443289572009e-33
2.929881567932331177e-02 1.355864060441300844e-33
3.067837176534431859e-02 1.290680336836116975e-33
3.212288525494465252e-02 1.228980800346394115e-33
3.363541471480564066e-02 1.170547108715948223e-33
3.521916272644960016e-02 1.115196926620239963e-33
3.687748266728346769e-02 1.062849939616993637e-33
3.861388581093301575e-02 1.013711070675475951e-33
4.043204876190125557e-02 9.675895019386408735e-34
4.233582124029339200e-02 9.242686799626747846e-34
4.432923423309097916e-02 8.835508511307938035e-34
4.641650852923494969e-02 8.450970629463338163e-34
4.860206365658922834e-02 8.081554414685662484e-34
5.089052723970757114e-02 7.726131524043532790e-34
5.328674479821804422e-02 7.384204026760287227e-34
5.579579000657131083e-02 7.055450678038100981e-34
5.842297543687650224e-02 6.739367950770179998e-34
6.117386380757191405e-02 6.435141828335629356e-34
6.405427976174700444e-02 6.142434676108312967e-34
6.707032220005525180e-02 5.860966928114152492e-34
7.022837719433185077e-02 5.590460740866305117e-34
7.353513150925769515e-02 5.331800761611399973e-34
7.699758676070139751e-02 5.088846081905276190e-34
8.062307424071647743e-02 4.860879889962255074e-34
8.441927044058529506e-02 4.646745297912917029e-34
8.839421330477602312e-02 4.445503493738665358e-34
9.255631925022901607e-02 4.255581216306009007e-34
9.691440098700949968e-02 4.073792192471028875e-34
1.014776861780577882e-01 3.899554102353183795e-34
1.062558369775479239e-01 3.732566575124163086e-34
1.112589704892236464e-01 3.572543503206457530e-34
1.164976801880309998e-01 3.419227538043939686e-34
1.219830583504031701e-01 3.272435409253926445e-34
1.277267195406921185e-01 3.131897967413976679e-34
1.337408252034753275e-01 2.997303205822489782e-34
1.400381094138106186e-01 2.868438688126699661e-34
1.466319058399589981e-01 2.745141269991724353e-34
1.535361759756673494e-01 2.627430711660959132e-34
1.607655387017895288e-01 2.515060171809692865e-34
1.683353012398370041e-01 2.407774481038185042e-34
1.762614915630004719e-01 2.305333649159409216e-34
1.845608923332671680e-01 2.207428146129468694e-34
1.932510764364939460e-01 2.113584462111341863e-34
2.023504441906734119e-01 2.023615067121176867e-34
2.118782623061783998e-01 1.937332039447222956e-34
2.218547046804796863e-01 1.854616624165736658e-34
2.323008951137107980e-01 1.775387954814787915e-34
2.432389520355275336e-01 1.699696814041081400e-34
2.546920353379627522e-01 1.627392906230766337e-34
2.666843954134427430e-01 1.558318055467936380e-34
2.792414245017923458e-01 1.492323258906178019e-34
2.923897104549507686e-01 1.429228551822915510e-34
3.061570930332407903e-01 1.368784873892002201e-34
3.205727228523865269e-01 1.310871533717420861e-34
3.356671231060953664e-01 1.255359820016763534e-34
3.514722541948913648e-01 1.202170765269816628e-34
3.680215813980475814e-01 1.151163581075024387e-34
3.853501457318971313e-01 1.102095810773650432e-34
4.034946381445614905e-01 1.054892572267619299e-34
4.224934772041896713e-01 1.009497115355638939e-34
4.423868904452084028e-01 9.658553622717247542e-35
4.632169995448164324e-01 9.239422129506452320e-35
4.850279095100755167e-01 8.837958869230867046e-35
5.078658020644453153e-01 8.453508018944023489e-35
5.317790334314863587e-01 8.085194924061645376e-35
5.568182367227825225e-01 7.732503612066812332e-35
5.830364291468710380e-01 7.394936346431191969e-35
6.104891242661879547e-01 7.072214713053687218e-35
6.392344495397085380e-01 6.763698788279968983e-35
6.693332694001692396e-01 6.468761633147950135e-35
7.008493141264749982e-01 6.186812665893845367e-35
7.338493147841520514e-01 5.917325075860833300e-35
7.684031445195739218e-01 5.659904582960756286e-35
8.045839665071247149e-01 5.414005302007880061e-35
8.424683888625700279e-01 5.178974258661283956e-35
8.821366268506299901e-01 4.954413146263605319e-35
9.236726727302133622e-01 4.739861339103270955e-35
9.671644735969467943e-01 4.534863188036942462e-35
1.012704117599539710e+00 4.338979568330657726e-35
1.060388028924288628e+00 4.151799160278523869e-35
1.110317171960561344e+00 3.972934664056449420e-35
1.162597265079574615e+00 3.802024387066232831e-35
1.217339004479089715e+00 3.638754953597043866e-35
1.274658298567999060e+00 3.482774706863982330e-35
1.334676513387093033e+00 3.333660918454115905e-35
1.397520729585629562e+00 3.191167154003772364e-35
1.463324011497840527e+00 3.054774434470067545e-35
1.532225688889093718e+00 2.923553976618780736e-35
1.604371651968291346e+00 2.797297575653795034e-35
1.679914660291131678e+00 2.675855805231824044e-35
1.759014666208301714e+00 2.559085376261432341e-35
1.841839153543481267e+00 2.446919792433051881e-35
1.928563492218230868e+00 2.339436965100388547e-35
2.019371309574659268e+00 2.236467908290867887e-35
2.114454879182080305e+00 2.137774986261604853e-35
2.214015527950932594e+00 2.043237033074435572e-35
2.318264062415936078e+00 1.952783627363570904e-35
2.427421215091113194e+00 1.866480556268963860e-35
2.541718111841746452e+00 1.784144969555296227e-35
2.661396761262913024e+00 1.705589390004628481e-35
2.786710567100737723e+00 1.630637339514449505e-35
2.917924864801376916e+00 1.559019095436974109e-35
3.055317483323824135e+00 1.490314130218180438e-35
3.199179333406056536e+00 1.424399645371477258e-35
3.349815023530136049e+00 1.361135793373164678e-35
3.507543504890456187e+00 1.300458943575592630e-35
3.672698746730826969e+00 1.242451826513102549e-35
3.845630443480263061e+00 1.187457491352617302e-35
4.026704755184775664e+00 1.135328615211352653e-35
4.216305082802973558e+00 1.085900727165716059e-35
4.414832880006977156e+00 1.039021624173665222e-35
4.622708503207596742e+00 9.944181807980230389e-36
4.840372101603543697e+00 9.516276636985584362e-36
5.068284549139296047e+00 9.105612826967170314e-36
5.306928420344844355e+00 8.711291564564604682e-36
5.556809012123546054e+00 8.332919548336364785e-36
5.818455413651700603e+00 7.969654293278381988e-36
6.092421626654978439e+00 7.620160680168865165e-36
6.379287738433998989e+00 7.283982209866672614e-36
6.679661150122675473e+00 6.960731061688806992e-36
6.994177862779876520e+00 6.650034963025861393e-36
7.323503824037776333e+00 6.352120292176346596e-36
7.668336338158122878e+00 6.068087626250982585e-36
8.029405542481901747e+00 5.797339757607726702e-36
8.407475953398842350e+00 5.539060873695505176e-36
8.803348085110030752e+00 5.292777724617380252e-36
9.217860144610968476e+00 5.057796119971067157e-36
9.651889806484405199e+00 4.833195605133674659e-36
1.010635607126031843e+01 4.618498706852180842e-36
1.058222121127829851e+01 4.413272712386485500e-36
1.108049280817231796e+01 4.217105731494731379e-36
1.160222588629172336e+01 4.029599937813741708e-36
1.214852514657614257e+01 3.850374975699474675e-36
1.272054730561400149e+01 3.679065286152616535e-36
1.331950354483710264e+01 3.515170910351864782e-36
1.394666207503754229e+01 3.358431653882330323e-36
1.460335082163677889e+01 3.208564529268346970e-36
1.529096023639229962e+01 3.065273725859881631e-36
1.601094624149579815e+01 2.928275919964559251e-36
1.676483331229638196e+01 2.797303353711181531e-36
1.755421770517569868e+01 2.672102754839097873e-36
1.838077083741045570e+01 2.552424066860984158e-36
1.924624282617765658e+01 2.438027665689861962e-36
2.015246619419688656e+01 2.328687029578810607e-36
2.110135974985543683e+01 2.224198714385939813e-36
2.209493265003161255e+01 2.124426870372770089e-36
2.313528865421938008e+01 2.029171474157517998e-36
2.422463057896160876e+01 1.938226107268047645e-36
2.536526496202311876e+01 1.851393995229720835e-36
2.655960694618013207e+01 1.768488733973950048e-36
2.781018539296654524e+01 1.689333720727143066e-36
2.911964823720410322e+01 1.613757991499107819e-36
3.049076809365540086e+01 1.541598441555059224e-36
3.192644812766931750e+01 1.472699986753013669e-36
3.342972820225070052e+01 1.406890517108924718e-36
3.500379131456928405e+01 1.344061997930303392e-36
3.665197033553576489e+01 1.284086235525641532e-36
3.837775506671628278e+01 1.226831298004701555e-36
4.018479962952695672e+01 1.172171586561345369e-36
4.207693020235324610e+01 1.119988158758431516e-36
4.405815312197799472e+01 1.070168395664622177e-36
4.613266336647110677e+01 1.022603607743345734e-36
4.830485343750148530e+01 9.771902171963236946e-37
5.057932266087985340e+01 9.338286480832390925e-37
5.296088692502454620e+01 8.923747498812081154e-37
5.545458887796894487e+01 8.527462826524332089e-37
5.806570860450403160e+01 8.148689189282438408e-37
6.079977480606040530e+01 7.786655505153741272e-37
6.366257650700420356e+01 7.440624961410050633e-37
6.666017531213263680e+01 7.109896573702544030e-37
6.979891824132143086e+01 6.793803760000847179e-37
7.308545116850218903e+01 6.491702332542626257e-37
7.652673289342375540e+01 6.202976361123856452e-37
8.013004987599154560e+01 5.927018198055566190e-37
8.390303166438516769e+01 5.662490575101423721e-37
8.785366704962036977e+01 5.408727211466779636e-37
9.199032098075851138e+01 5.165374492618726563e-37
9.632175227658368044e+01 4.932053090542343464e-37
1.008571321712443591e+02 4.708395739262047072e-37
1.056060637331318475e+02 4.494048077077876834e-37
1.105786021981109428e+02 4.288668404360154087e-37
1.157852762601536654e+02 4.091923114606947832e-37
1.212371103644598378e+02 3.903489221925552367e-37
1.269456480502656461e+02 3.723082539654079143e-37
1.329229763927631325e+02 3.551396182569243167e-37
1.391817515958874480e+02 3.388557345197954774e-37
1.457352257901593759e+02 3.234088744174836417e-37
1.525972750923210981e+02 3.087522209578206458e-37
1.597824289861828788e+02 2.948418295059542952e-37
1.673059010868887810e+02 2.816364947163833763e-37
1.751836213537364983e+02 2.690975808772699899e-37
1.834322698197667307e+02 2.571886364189419261e-37
1.920693119095293468e+02 2.458753857118861768e-37
2.011130354198160433e+02 2.351240265598464509e-37
2.105825892416577574e+02 2.248361931981930579e-37
2.204980239055720403e+02 2.149613935876325933e-37
2.308803340359164054e+02 2.054857839136073422e-37
2.417515028042362530e+02 1.963948148972333048e-37
2.531345484757266604e+02 1.876744166868288449e-37
2.650535731473725605e+02 1.793110103811496808e-37
2.775338137809600312e+02 1.712914990645697118e-37
2.906016956390085397e+02 1.636031496463860296e-37
3.042848882367813985e+02 1.562336468839736381e-37
3.186123639288288700e+02 1.491715250305812848e-37
3.336144592541269844e+02 1.424234955618266569e-37
3.493229391696973494e+02 1.359874143180140472e-37
3.657710643087078779e+02 1.298491050756579080e-37
3.829936614054756774e+02 1.239944748047103601e-37
4.010271970364834146e+02 1.184101134983599274e-37
4.199098548335380201e+02 1.130832743286655207e-37
4.396816163325738671e+02 1.080018456309681066e-37
4.603843456292817109e+02 1.031542647671952686e-37
4.820618780208011458e+02 9.852952503591395643e-38
5.047601128211799164e+02 9.411696494254325117e-38
5.285271105471168767e+02 8.989652615951661666e-38
5.534131946797571118e+02 8.585555679125398691e-38
5.794710582180296115e+02 8.198715705861664705e-38
6.067558752491116820e+02 7.828439156536944281e-38
6.353254177722799341e+02 7.474058757264399605e-38
6.652401780234987427e+02 7.134933427161806840e-38
6.965634965597391783e+02 6.810447682973679669e-38
7.293616963742524604e+02 6.500007101065580049e-38
7.637042233267605980e+02 6.203039786286743883e-38
7.996637931858907677e+02 5.919022722487647678e-38
8.373165455952228058e+02 5.648895683421503834e-38
8.767422052889419319e+02 5.392804314848664962e-38
9.180242508984320011e+02 5.149964620862869339e-38
9.612500917072653692e+02 4.919627582367508416e-38
1.006511252728831550e+03 4.701090958747773267e-38
1.053903568498460800e+03 4.493696740515833188e-38
1.103527385990421863e+03 4.296828475172732246e-38
1.155487777089381552e+03 4.109905666199107943e-38
1.209894761066261708e+03 3.932383019607132401e-38
1.266863537529532096e+03 3.763720266972478990e-38
1.326514730345165390e+03 3.601665777527276413e-38
1.388974643041759919e+03 3.444980472841381967e-38
1.454375526241603211e+03 3.293572670592407023e-38
1.522855857683894328e+03 3.147344865113323036e-38
1.594560635433089374e+03 3.006199202426687131e-38
1.669641684893178081e+03 2.870037871099270530e-38
1.748257980277917113e+03 2.738763261982946982e-38
1.830575981217774597e+03 2.612275312280832029e-38
1.916769985216206805e+03 2.490473019061595677e-38
2.007022496701627688e+03 2.373271894416795176e-38
2.101524613456464976e+03 2.261790375924383906e-38
2.200476431241470891e+03 2.156466652404113328e-38
2.304087467472100343e+03 2.056922710843073607e-38
2.412577104844000587e+03 1.962805499567702355e-38
2.526175055846893883e+03 1.873786606996463725e-38
2.645121849150466915e+03 1.789560857113348592e-38
2.769669338892108044e+03 1.709844868555622406e-38
2.900081237944770692e+03 1.634373017085551723e-38
3.036633676294195539e+03 1.562897452139291779e-38
3.179615785707734176e+03 1.495179591924831736e-38
3.329330311932665154e+03 1.430414986499794447e-38
3.486094255720413457e+03 1.368111777365913675e-38
3.650239544033758648e+03 1.308191208177823348e-38
3.822113732858394542e+03 1.250577036785839962e-38
4.002080743106884256e+03 1.195195224389179346e-38
4.190521631173121932e+03 1.141974348889769777e-38
4.387835395768980561e+03 1.090845870509996730e-38
4.594439822751451175e+03 1.041741609571832586e-38
4.810772369729015736e+03 9.945951459430233282e-39
5.037291092320416283e+03 9.493441231467285712e-39
5.274475614027018310e+03 9.061393599955143909e-39
5.522828141772214622e+03 8.650212500638402754e-39
5.782874529258337134e+03 8.258827884670867591e-39
6.055165390392511654e+03 7.886237672770329018e-39
6.340277265138859548e+03 7.531493162045214164e-39
6.638813840265884210e+03 7.193701004605699831e-39
6.951407227573444288e+03 6.872024298140493594e-39
7.278719302306106329e+03 6.565655588293414530e-39
7.621443104586674053e+03 6.273828961669288384e-39
7.980304306837100739e+03 5.995814412346387059e-39
8.356062750294116995e+03 5.730479396123692300e-39
8.749514053872822842e+03 5.476900389091137567e-39
9.161491298784643732e+03 5.234539475009351473e-39
9.592866792476901537e+03 5.002899040623907761e-39
1.004455391562876866e+04 4.781504673790280901e-39
1.051750905611423332e+04 4.569908840354446220e-39
1.101273363402723771e+04 4.367694035720550546e-39
1.153127622205657644e+04 4.174446896482225288e-39
1.207423476570013372e+04 3.989771869948531785e-39
1.264275890801977221e+04 3.813290874645397609e-39
1.323805242385850579e+04 3.644606171998325765e-39
1.386137576867506323e+04 3.483306228554379314e-39
1.451404874739192564e+04 3.329052437141820710e-39
1.519745330890807963e+04 3.181538921364568471e-39
1.591303647219336926e+04 3.040473633592119137e-39
1.666231339016045604e+04 2.905582502915327560e-39
1.744687055780077935e+04 2.776613495388752199e-39
1.826836917137857017e+04 2.653310530234630552e-39
1.912854864579466812e+04 2.535427765957309961e-39
2.002923029756792675e+04 2.422731650135165586e-39
2.097232120123290952e+04 2.315244578421305236e-39
2.195981822731806824e+04 2.212846061579233536e-39
2.299381227045585911e+04 2.115264619946185248e-39
2.407649267657612654e+04 2.022261659924880865e-39
2.521015187855717886e+04 1.933610995292261524e-39
2.639719025014976069e+04 1.849103019513616854e-39
2.764012118845212535e+04 1.768549273326588532e-39
2.894157643569606080e+04 1.691755469739300049e-39
3.030431165161417084e+04 1.618536123913693154e-39
3.173121224818559494e+04 1.548714784797241317e-39
3.322529949911494623e+04 1.482050383163581074e-39
3.478973693698118586e+04 1.418295973822088786e-39
3.642783705159959936e+04 1.357303930160169438e-39
3.814306830378234008e+04 1.298953495023112199e-39
3.993906246934631781e+04 1.243129319080334598e-39
4.181962232891924214e+04 1.189726106864228407e-39
4.378872971982553281e+04 1.138654153108766343e-39
4.585055396710210334e+04 1.089811510608886408e-39
4.800946071149282943e+04 1.043099455051353724e-39
5.027002115311739908e+04 9.984242267840413004e-40
5.263702173038412002e+04 9.558498704795455698e-40
5.511547425464158732e+04 9.153383654617704191e-40
5.771062652202780737e+04 8.767607691616907535e-40
6.042797342498569924e+04 8.400169747139708875e-40
6.327326858697369607e+04 8.050124551779305238e-40
6.625253654500262928e+04 7.716630637654898498e-40
6.937208550579873554e+04 7.399013511851386293e-40
7.263852070259870379e+04 7.096463315350938301e-40
7.605875838085934811e+04 6.808199635951394540e-40
7.964004044249428262e+04 6.533483084146314084e-40
8.338994977964679128e+04 6.271210462776483827e-40
8.731642633046134142e+04 6.019955289272013338e-40
9.142778389085600793e+04 5.779007880392771136e-40
9.573272771788785758e+04 5.547933136792671521e-40
1.002403729619855003e+05 5.326316752192282346e-40
1.049602639670788485e+05 5.113816617308205620e-40
1.099023944794853742e+05 4.910236036891338244e-40
1.150772288083506719e+05 4.715204875483885019e-40
1.204957239824417047e+05 4.528353397841036618e-40
1.261693529502091842e+05 4.349333427190489993e-40
1.321101288722413301e+05 4.179848161398197966e-40
1.383306305575481383e+05 4.020394310188203132e-40
1.448440290975263051e+05 3.870056214281211835e-40
1.516641157540090790e+05 3.728260957957612800e-40
1.588053311604426999e+05 3.594484355047954035e-40
1.662827958980213152e+05 3.467345059786447352e-40
1.741123425115248247e+05 3.339030036100674292e-40
1.823105490326391300e+05 3.217596116791557675e-40
1.908947740817528975e+05 3.105295783638188584e-40
1.998831936225449317e+05 2.998770322676026394e-40
2.092948394471884531e+05 2.898620393495861754e-40
2.191496394736586080e+05 2.802013384349577588e-40
2.294684599404722685e+05 2.706794017634181642e-40
2.402731495881892915e+05 2.615490048615311995e-40
2.515865859212405921e+05 2.530522901534429369e-40
2.634327236480239080e+05 2.447406331893083764e-40
2.758366454018363147e+05 2.372617594602349126e-40
2.888246148500443669e+05 2.300942689151228696e-40
3.024241323039275012e+05 2.230563419754252996e-40
3.166639929469618946e+05 2.164237971659200035e-40
3.315743478048205725e+05 2.104394009442744805e-40
3.471867675861911266e+05 2.054225596401280681e-40
3.635343095295834937e+05 2.005285196275421716e-40
3.806515873976756702e+05 1.956543386574342171e-40
3.985748447673797491e+05 1.912455784784405617e-40
4.173420317708384828e+05 1.870688752554410094e-40
4.369928854498205474e+05 1.831162769501525554e-40
4.575690138936620788e+05 1.795068904982220510e-40
4.791139843389032758e+05 1.765274156026579302e-40
5.016734154171695700e+05 1.739319645050301825e-40
5.252950737465926213e+05 1.703789376050487731e-40
5.500289750713276444e+05 1.682210053329928611e-40
5.759274901632895926e+05 1.663733416735966012e-40
6.030454557103484403e+05 1.647835200981308637e-40
6.314402904257889604e+05 1.634478018335216457e-40
6.611721166248440277e+05 1.624564931084643737e-40
6.923038875257722102e+05 1.618589662663482365e-40
7.249015205449872883e+05 1.616505808267875738e-40
7.590340368684879504e+05 1.618300760785079203e-40
7.947737075951079605e+05 1.624212150203781128e-40
8.321962067610422382e+05 1.637181813925130376e-40
8.713807715696131345e+05 1.656921351133280223e-40
9.124103701656043995e+05 1.684337519913362787e-40
9.553718773093546042e+05 1.719584417455035921e-40
1.000356258322593872e+06 1.763496451616704996e-40
1.047458761695523513e+06 1.818489504982483227e-40
1.096779120762900449e+06 1.886685036504381000e-40
1.148421764876227593e+06 1.970195749684298479e-40
1.202496040519119939e+06 2.070925923739124840e-40
1.259116442834052956e+06 2.190913816140606198e-40
1.318402858050712151e+06 2.331266336987627923e-40
1.380480817329283338e+06 2.488702254160293802e-40
1.445481762556086993e+06 2.637466544470542704e-40
1.513543324654446915e+06 2.644854741744769040e-40
1.584809614999999059e+06 1.878800238673371804e-40
