5.109905999999998913e-04 6.595411085216675146e-33
5.350499145499080329e-04 8.028513519782038703e-33
5.602420300096785195e-04 9.512957371805103661e-33
5.866202828074440663e-04 1.095782226911819780e-32
6.142405206463006501e-04 1.247015679907955979e-32
6.431612207443625174e-04 1.392566468866506574e-32
6.734436136419836042e-04 1.502551115832830402e-32
7.051518128382883209e-04 1.587058124652608265e-32
7.383529505314550406e-04 1.653404752798159160e-32
7.731173197501629022e-04 1.706875297364690385e-32
8.095185231770968704e-04 1.748978651772946499e-32
8.476336289796192365e-04 1.781650852639794432e-32
8.875433339775208466e-04 1.803337156073866835e-32
9.293321344933010977e-04 1.815269193956479247e-32
9.730885052467196702e-04 1.827085681897885973e-32
1.018905086672347105e-03 1.837042969506446828e-32
1.066878881056727846e-03 1.840771567796352811e-32
1.117111457910386751e-03 1.835033515411123453e-32
1.169709169009519167e-03 1.820697008695079311e-32
1.224783373562618677e-03 1.806386229926463452e-32
1.282450673978791913e-03 1.787523342089006575e-32
1.342833162736897182e-03 1.757942525573980789e-32
1.406058680878197967e-03 1.727119422668094585e-32
1.472261088669804020e-03 1.697039084623794516e-32
1.541580549011924107e-03 1.662836637358567464e-32
1.614163824188997488e-03 1.625414229002962443e-32
1.690164586592935326e-03 1.586336641742743512e-32
1.769743744076368282e-03 1.548438043020832643e-32
1.853069780624720620e-03 1.511503556338568687e-32
1.940319113068368932e-03 1.472067709982060663e-32
2.031676464590120336e-03 1.432267064158561629e-32
2.127335255818799901e-03 1.394208291980558355e-32
2.227498014336967876e-03 1.356236730369313783e-32
2.332376803469737945e-03 1.317664341906946098e-32
2.442193671262585068e-03 1.277776484632281553e-32
2.557181120598642134e-03 1.236658440487941317e-32
2.677582601450868675e-03 1.194725843840969117e-32
2.803653026311259729e-03 1.155249213178102150e-32
2.935659309888343903e-03 1.117721315898359514e-32
3.073880934215620850e-03 1.078853881792306677e-32
3.218610540367392112e-03 1.039961574550453056e-32
3.370154548034751899e-03 1.001999289880036522e-32
3.528833804273457178e-03 9.636276729050791963e-33
3.694984262797281014e-03 9.255498683960979016e-33
3.868957695254942718e-03 8.899651963539766596e-33
4.051122435996600685e-03 8.552595539888874704e-33
4.241864161906685679e-03 8.206040409983106493e-33
4.441586708954116738e-03 7.881692680374182086e-33
4.650712927188696034e-03 7.573523606349674542e-33
4.869685575993887468e-03 7.260613847923708956e-33
5.098968261491403781e-03 6.956916954876075775e-33
5.339046418082184393e-03 6.669574313530659697e-33
5.590428336202007790e-03 6.389205135324924289e-33
5.853646238467536192e-03 6.114422028128752556e-33
6.129257406491318838e-03 5.845820338351885808e-33
6.417845360751388110e-03 5.589994689279149569e-33
6.720021096013418203e-03 5.347425097333592265e-33
7.036424374921102301e-03 5.101644432495021536e-33
7.367725082493538358e-03 4.858991666090016482e-33
7.714624644397330422e-03 4.633947829284057203e-33
8.077857511996123369e-03 4.421730625996348051e-33
8.458192717321726117e-03 4.218024781163204603e-33
8.856435501259014506e-03 4.014095199082887640e-33
9.273429018391734016e-03 3.816631310970375986e-33
9.710056122118745567e-03 3.637063785928316397e-33
1.016724123382004713e-02 3.465717406315729632e-33
1.064595230003001144e-02 3.298318068584384983e-33
1.114720284176157553e-02 3.135127533857159238e-33
1.167205410032008672e-02 2.977174785616709286e-33
1.222161728414997497e-02 2.825794173350465746e-33
1.279705592147119958e-02 2.680830633951853261e-33
1.339958832368649648e-02 2.542084655135907842e-33
1.403049016477485658e-02 2.409397095701906470e-33
1.469109718213233023e-02 2.282987160767840034e-33
1.538280800457835287e-02 2.163249392219526445e-33
1.610708711351497777e-02 2.049842368124639109e-33
1.686546794350837417e-02 1.942434415853295950e-33
1.765955612885709500e-02 1.840712244117751506e-33
1.849103290302071129e-02 1.744352497611914867e-33
1.936165865810597284e-02 1.653036081886881620e-33
2.027327667194677233e-02 1.566500305011651162e-33
2.122781701066861135e-02 1.484479172783094536e-33
2.222730061500019852e-02 1.406753830604217655e-33
2.327384357898358569e-02 1.333015989505317173e-33
2.436966163014170350e-02 1.262924779968552478e-33
2.551707482058864981e-02 1.196315037154918091e-33
2.671851243901465431e-02 1.133031921524808173e-33
2.797651815394538999e-02 1.072926712868186250e-33
2.929375539916473370e-02 1.015967339371072625e-33
3.067301301270315347e-02 9.621852428869281487e-34
3.211721114133025967e-02 9.113982622707456847e-34
3.362940742305259995e-02 8.634168968288899900e-34
3.521280346070618239e-02 8.180903219694305242e-34
3.687075160034948562e-02 7.753694231524300682e-34
3.860676202880809760e-02 7.352699609302352764e-34
4.042451020539790385e-02 6.976117524414157467e-34
4.232784464356101339e-02 6.622249981965432897e-34
4.432079505888974341e-02 6.289531643345585336e-34
4.640758090078943299e-02 5.976381343060168925e-34
4.859262028584345611e-02 5.681251201665239666e-34
5.088053935179367299e-02 5.402958002579413416e-34
5.327618205194073475e-02 5.140297542605104036e-34
5.578462041070077898e-02 4.892363856740929893e-34
5.841116526203120329e-02 4.657899038481297723e-34
6.116137749346143432e-02 4.435490794409705921e-34
6.404107981953323370e-02 4.224452117208120491e-34
6.705636910957873953e-02 4.024159077893546703e-34
7.021362929593452651e-02 3.834027795739684751e-34
7.351954488992301640e-02 3.653359440142131671e-34
7.698111513421460050e-02 3.481395968695549203e-34
8.060566882153635815e-02 3.317697527352354640e-34
8.440087981109872795e-02 3.161768271093434825e-34
8.837478327559331048e-02 3.013299482743984540e-34
9.253579271315920396e-02 2.871957810775831450e-34
9.689271776033411832e-02 2.737436593182904945e-34
1.014547828437061955e-01 2.609393835814042756e-34
1.062316467097524364e-01 2.487506648974706582e-34
1.112334228742154346e-01 2.371470072827088207e-34
1.164707010343100230e-01 2.261552827170333128e-34
1.219545694890972060e-01 2.158445169988375589e-34
1.276966386154897715e-01 2.061673359510014455e-34
1.337090654495957931e-01 1.970713172781598643e-34
1.400045794254420883e-01 1.885202166839409586e-34
1.465965093255698348e-01 1.804354332093040155e-34
1.534988115005656573e-01 1.727087305645226175e-34
1.607260994172691748e-01 1.653213411379645222e-34
1.682936745982213933e-01 1.582580333216018867e-34
1.762175590178533535e-01 1.515044345225460286e-34
1.845145290240091107e-01 1.450423282331902173e-34
1.932021508566157952e-01 1.388508424127534272e-34
2.022988178387050973e-01 1.329185651011801707e-34
2.118237893185248299e-01 1.272302674218527976e-34
2.217972314451857330e-01 1.217798781302054371e-34
2.322402598641791494e-01 1.165637464177819357e-34
2.431749844231525515e-01 1.115826827037820970e-34
2.546245559826012528e-01 1.068257979559210334e-34
2.666132154305753676e-01 1.022826965577142694e-34
2.791663450051832251e-01 9.794367218207691823e-35
2.923105220335431853e-01 9.379612379680462867e-35
3.060735752009648425e-01 8.982496385985736401e-35
3.204846434694906820e-01 8.602221553006829679e-35
3.355742377705354107e-01 8.237735729414966323e-35
3.513743056022469724e-01 7.888648330307331061e-35
3.679182986683420808e-01 7.553137626872242450e-35
3.852412437016336511e-01 7.228241974389572570e-35
4.033798166221828629e-01 6.913781256927252492e-35
4.223724201870964756e-01 6.609671517347652845e-35
4.422592652963554527e-01 6.315824118726235384e-35
4.630824561268248041e-01 6.033810480276180836e-35
4.848860792746856330e-01 5.766743635135520731e-35
5.077162970950155341e-01 5.513815629816210697e-35
5.316214454361466446e-01 5.273941156332418878e-35
5.566521359757079512e-01 5.046529481912555740e-35
5.828613633750334699e-01 4.830573870066206782e-35
6.103046174787839506e-01 4.624763544330182833e-35
6.390400007973486840e-01 4.428556013018038116e-35
6.691283515207414601e-01 4.241472992672552740e-35
7.006333723244483336e-01 4.063067895209567644e-35
7.336217652399281697e-01 3.892078763495020014e-35
7.681633728753051171e-01 3.726422338060946142e-35
8.043313262852608281e-01 3.565975942689205314e-35
8.422021998031717915e-01 3.410533406443574928e-35
8.818561731633256517e-01 3.260172018421178971e-35
9.233772012564338549e-01 3.115481849933179053e-35
9.668531918778705547e-01 2.977669880469483997e-35
1.012376191844939211e+00 2.846436683862265609e-35
1.060042581877231216e+00 2.721449965620551069e-35
1.109953280652670626e+00 2.602399701291531380e-35
1.162213958471253639e+00 2.488983365152715967e-35
1.216935260978880384e+00 2.380915188307544552e-35
1.274233043424907175e+00 2.277909584080663184e-35
1.334228615949424324e+00 2.179310493583260834e-35
1.397049000419539944e+00 2.084893972637421258e-35
1.462827199358480046e+00 1.994502899278997565e-35
1.531702477536839524e+00 1.907967982834703860e-35
1.603820656822195323e+00 1.825127100182157037e-35
1.679334424911325341e+00 1.745828608964634312e-35
1.758403658598656660e+00 1.669929632092305543e-35
1.841195762265405822e+00 1.597286586439781658e-35
1.927886022306001923e+00 1.527761832712872809e-35
2.018657978242238915e+00 1.461222783630235579e-35
2.113703811310812863e+00 1.397462047463455334e-35
2.213224751347021790e+00 1.336412226028180864e-35
2.317431502826011958e+00 1.277973606285760179e-35
2.426544690963633233e+00 1.222037415945839392e-35
2.540795328821362276e+00 1.168499317623781344e-35
2.660425306404215817e+00 1.117261156765082262e-35
2.785687902787230996e+00 1.068230142400180180e-35
2.916848322354695267e+00 1.021313584450881991e-35
3.054184256287537202e+00 9.764225206486684404e-36
3.197986470487558464e+00 9.334730584564282015e-36
3.348559421183345375e+00 8.923720592121693548e-36
3.506221899521119845e+00 8.530833233607012159e-36
3.671307706505348101e+00 8.155338361703106336e-36
3.844166359717978487e+00 7.796455156819835042e-36
4.025163833312654482e+00 7.453442084790813200e-36
4.214683332850578168e+00 7.125606220384416788e-36
4.413126106618441291e+00 6.812297679728262942e-36
4.620912295146262672e+00 6.512874975134372890e-36
4.838481820723560922e+00 6.226726873452653290e-36
5.066295318797302549e+00 5.953247857547197435e-36
5.304835113223401066e+00 5.691076971251890570e-36
5.554606237436721550e+00 5.439736646294738344e-36
5.816137503701446221e+00 5.198862427206634494e-36
6.089982622705730542e+00 4.968045123151822826e-36
6.376721375870944897e+00 4.746891072052244765e-36
6.676960842857620371e+00 4.535027880260719134e-36
6.991336686866749695e+00 4.332102409099341028e-36
7.320514500457917961e+00 4.137761825454714582e-36
7.665191214733430236e+00 3.951666302413221593e-36
8.026096574872077838e+00 3.773511786088113183e-36
8.403994685136312981e+00 3.603403827336548358e-36
8.799685626624180301e+00 3.441331593901607760e-36
9.214007151190887868e+00 3.286932278605523105e-36
9.647836455126407529e+00 3.139825347887732005e-36
1.010209203634445174e+01 2.999650447338264219e-36
1.057773563901450586e+01 2.866069236167989926e-36
1.107577428975450573e+01 2.738763811800314951e-36
1.159726242969480303e+01 2.617426658059870903e-36
1.214330414692768123e+01 2.501766100414857758e-36
1.271505551406855794e+01 2.391496067701118196e-36
1.331372703587838835e+01 2.286003268027899023e-36
1.394058621212901627e+01 2.185033829062440104e-36
1.459696022113761416e+01 2.088419931293398678e-36
1.528423872965194974e+01 1.995977386812814771e-36
1.600387683503507219e+01 1.907529869981541622e-36
1.675739814597914190e+01 1.822911099238365589e-36
1.754639800827042606e+01 1.741964248523487021e-36
1.837254688243534773e+01 1.664533663106881117e-36
1.923759388041817786e+01 1.590470127344393455e-36
2.014337046877884418e+01 1.519631013049104525e-36
2.109179434625071892e+01 1.451833933253633543e-36
2.208487350386809211e+01 1.386993397194757397e-36
2.312471047625954768e+01 1.324996750226377463e-36
2.421350679310741683e+01 1.265721681248712355e-36
2.535356764019875087e+01 1.209051076560015870e-36
2.654730673993539014e+01 1.154872524851016592e-36
2.779725146163672989e+01 1.103078113454822244e-36
2.910604817245373965e+01 1.053565114811195012e-36
3.047646784022422750e+01 1.006235178231567731e-36
3.191141190013083673e+01 9.609967800934826781e-37
3.341391839758283311e+01 9.178145691345404676e-37
3.498716842032768426e+01 8.766531380848229856e-37
3.663449283340940354e+01 8.374218902900228548e-37
3.835937933123412336e+01 8.000266249581267239e-37
4.016547982167242736e+01 7.643781118112101034e-37
4.205661815783282265e+01 7.303924420723666303e-37
4.403679823387468417e+01 6.979907756675157933e-37
4.611021246200261459e+01 6.670968879963693919e-37
4.828125064858846116e+01 6.376384253247803383e-37
5.055450928821371548e+01 6.095438645967456969e-37
5.293480129531009482e+01 5.826308985486121365e-37
5.542716619400049893e+01 5.568143543230511447e-37
5.803688078771610037e+01 5.320577458415437645e-37
6.076947033117759389e+01 5.083210100888483557e-37
6.363072022839509856e+01 4.855656840427336788e-37
6.662668828145156397e+01 4.637549277426362488e-37
6.976371751600524362e+01 4.428534515578458091e-37
7.304844961066315534e+01 4.228270318733691062e-37
7.648783895865894067e+01 4.036427116261576026e-37
8.008916739160680720e+01 3.852703212631387060e-37
8.386005959650238140e+01 3.677302782494536573e-37
8.780849925861414818e+01 3.510201570647601082e-37
9.194284596444057911e+01 3.351015071998113472e-37
9.627185290052165101e+01 3.199351932012297490e-37
1.008046853855734923e+02 3.054841514478140177e-37
1.055509402751860080e+02 2.917133347080663906e-37
1.105206662801639226e+02 2.785896107979317290e-37
1.157243852415298733e+02 2.660814170814137740e-37
1.211731144072341095e+02 2.541588205045531872e-37
1.268783897577310711e+02 2.427929670378606563e-37
1.328522904298120864e+02 2.319331880267418701e-37
1.391074642904006282e+02 2.215496670485321189e-37
1.456571547144570786e+02 2.116232054899289614e-37
1.525152286236831003e+02 2.021340172584616635e-37
1.596962058453939051e+02 1.930631670702044292e-37
1.672152898537126759e+02 1.843925636336799764e-37
1.750883999581731985e+02 1.761049317578386099e-37
1.833322050078821235e+02 1.681836622039526410e-37
1.919641586825933359e+02 1.606128552902517877e-37
2.010025364454190537e+02 1.533776610028475099e-37
2.104664742354087252e+02 1.464785266085033068e-37
2.203760089819184032e+02 1.399096317519642091e-37
2.307521210265418006e+02 1.336549673160379161e-37
2.416167785424257204e+02 1.276986902031755231e-37
2.529929840450077734e+02 1.220258088983704342e-37
2.649048230926506449e+02 1.166221422860237142e-37
2.773775152802835464e+02 1.114742760599969083e-37
2.904374676340064525e+02 1.065694866892345989e-37
3.041123305197137370e+02 1.018957218044699026e-37
3.184310561840979403e+02 9.744113836393517722e-38
3.334239600519825331e+02 9.317194861211867787e-38
3.491227849097522267e+02 8.906934316460013458e-38
3.655607681107810549e+02 8.512807145680955352e-38
3.827727119451358817e+02 8.134268497460249142e-38
4.007950573225439825e+02 7.770790008173579358e-38
4.196659609246289051e+02 7.421861462255778736e-38
4.394253759897496252e+02 7.086991115906487893e-38
4.601151369014944521e+02 6.765695484510457277e-38
4.817790477599066321e+02 6.457504931943994060e-38
5.044629751229751378e+02 6.161980728475895429e-38
5.282149451147247419e+02 5.879640749748900531e-38
5.530852451055222900e+02 5.610492614086840968e-38
5.791265301798597420e+02 5.353918732038222455e-38
6.063939346170323006e+02 5.109319077594140559e-38
6.349451886207411917e+02 4.876122986386861416e-38
6.648407405447435394e+02 4.653787814765273237e-38
6.961438848733473606e+02 4.441797604151292828e-38
7.289208962276894681e+02 4.239661142345851299e-38
7.632411696815316873e+02 4.046911082915165667e-38
7.991773676836236291e+02 3.863104873043628520e-38
8.368055738977259352e+02 3.687945286942696137e-38
8.762054542859791582e+02 3.521098570680952963e-38
9.174604257766691262e+02 3.362158106118218103e-38
9.606578328734992738e+02 3.210733627827353497e-38
1.005889132580258206e+03 3.066454951791884512e-38
1.053250088032438043e+03 2.928971899990593816e-38
1.102840971245729406e+03 2.797953855731710208e-38
1.154766775410673290e+03 2.673084308997522094e-38
1.209137437182902431e+03 2.554062727380635079e-38
1.266068069439646933e+03 2.440600580630354036e-38
1.325679204995258488e+03 2.332181135620604768e-38
1.388097051791758531e+03 2.228431810248510690e-38
1.453453760104705907e+03 2.129157924877148729e-38
1.521887702330073353e+03 2.034172756336465210e-38
1.593543765944543111e+03 1.943297121879474751e-38
1.668573660259434973e+03 1.856359813975349462e-38
1.747136237617752840e+03 1.773197797782703748e-38
1.829397829714336467e+03 1.693652539129769693e-38
1.915532599751234102e+03 1.617571815120329151e-38
2.005722911173828152e+03 1.544811567165449418e-38
2.100159713768408892e+03 1.475405733376666541e-38
2.199042947938663929e+03 1.409298224340434667e-38
2.302581968016946121e+03 1.346322601014487429e-38
2.410995985506634042e+03 1.286323405447478493e-38
2.524514533193943862e+03 1.229153295717527410e-38
2.643377951111861876e+03 1.174673326638664837e-38
2.767837895384989224e+03 1.122753075327221521e-38
2.898157871032727144e+03 1.073266727678114808e-38
3.034613789858764903e+03 1.026094822128505592e-38
3.177494554608053022e+03 9.811228044341238963e-39
3.327102670628064516e+03 9.381247458845737553e-39
3.483754886329253168e+03 8.969295403328254412e-39
3.647782863800804989e+03 8.574620767311927977e-39
3.819533881001403643e+03 8.196534008205525039e-39
3.999371567011760817e+03 7.834372027736370801e-39
4.187676671905461262e+03 7.487504237069036758e-39
4.384847872868230297e+03 7.155337572922252627e-39
4.591302618272220570e+03 6.837280143656739975e-39
4.807478011492414225e+03 6.532761389094897267e-39
5.033831736336399445e+03 6.241234384308201435e-39
5.270843026046674822e+03 5.962432465668439178e-39
5.519013677927249773e+03 5.695894738284228356e-39
5.778869115742526446e+03 5.441055767513286488e-39
6.050959502137890013e+03 5.197412444065472760e-39
6.335860903437035631e+03 4.964482957083225521e-39
6.634176509282341613e+03 4.741812879119291962e-39
6.946537909700343334e+03 4.528980905021641952e-39
7.273606432296129242e+03 4.325561731329442101e-39
7.616074542407836816e+03 4.131146547618550480e-39
7.974667309185420891e+03 3.945348193432743665e-39
8.350143940697940707e+03 3.768468110470028154e-39
8.743299391319245842e+03 3.600421383980381593e-39
9.154966044795395646e+03 3.440691694884410167e-39
9.586015476556882277e+03 3.288834098221973421e-39
1.003736029900718677e+04 3.144429729997904158e-39
1.050995609369413796e+04 3.007091089182362208e-39
1.100480343445519975e+04 2.876467776971578723e-39
1.152295000581968088e+04 2.752207490984153662e-39
1.206549282115301139e+04 2.633976387102192932e-39
1.263358054523989631e+04 2.521457082767796117e-39
1.322841592622246753e+04 2.413969397849096053e-39
1.385125834204378771e+04 2.310906864949048069e-39
1.450342646678675737e+04 2.212051166199528085e-39
1.518630106255401552e+04 2.117237846499387097e-39
1.590132790280040717e+04 2.026309201043158624e-39
1.665002083330575988e+04 1.939120892514846291e-39
1.743396497727045789e+04 1.855549687091760606e-39
1.825482009131805535e+04 1.775454197707505558e-39
1.911432407951075947e+04 1.698696797317735339e-39
2.001429667281837101e+04 1.625146728947297331e-39
2.095664328182945246e+04 1.555056289613042583e-39
2.194335903086227336e+04 1.488426735788364756e-39
2.297653298201735379e+04 1.425025590535238992e-39
2.405835255811262687e+04 1.364681754341955392e-39
2.519110817386796771e+04 1.307234224702868923e-39
2.637719808514202668e+04 1.252538572421293510e-39
2.761913346648883817e+04 1.200475417630804956e-39
2.891954372778558172e+04 1.150908425782131619e-39
3.028118208118500479e+04 1.103707024790048090e-39
3.170693137018217385e+04 1.058747881861685063e-39
3.319981017313392658e+04 1.015910978504757836e-39
3.476297919415433716e+04 9.749735757202215046e-40
3.639974795491829718e+04 9.357959439238454283e-40
3.811358180153855210e+04 8.982980498088221041e-40
3.990810924135217647e+04 8.624037140371656368e-40
4.178712962515146501e+04 8.280478285024859590e-40
4.375462119112010987e+04 7.951865341068660401e-40
4.581474948750987824e+04 7.637524258645157518e-40
4.797187619188622193e+04 7.336789958042709259e-40
5.023056834561622236e+04 7.049031118100328202e-40
5.259560802315215551e+04 6.774875453792906032e-40
5.507200245657740743e+04 6.513370679619194780e-40
5.766499463685659430e+04 6.263308507353287108e-40
6.038007441422790725e+04 6.024144820296215263e-40
6.322299012124619912e+04 5.795363934094081565e-40
6.619976074307928502e+04 5.577459579540109880e-40
6.931668866082637396e+04 5.377212437410172927e-40
7.258037299484141113e+04 5.184505096512399834e-40
7.599772357630507031e+04 4.993424150594325490e-40
7.957597557663384941e+04 4.809007443438762168e-40
8.332270482569269370e+04 4.645044936552382131e-40
8.724584385124500841e+04 4.478022928348466736e-40
9.135369867360254284e+04 4.325409704344458274e-40
9.565496639102361223e+04 4.187364944184255896e-40
1.001587535931021266e+05 4.049252336137099797e-40
1.048745956411227671e+05 3.914828206892955377e-40
1.098124768562059326e+05 3.790973507986377746e-40
1.149828516579886636e+05 3.674069086779773443e-40
1.203966666985884367e+05 3.563772849760453085e-40
1.260653840387149539e+05 3.459726253968613725e-40
1.320010054150035721e+05 3.354867740507141151e-40
1.382160976499361568e+05 3.269221734719509656e-40
1.447238192581623734e+05 3.183622053522358218e-40
1.515379483055388555e+05 3.098152293206381908e-40
1.586729115798740531e+05 3.026283684924948248e-40
1.661438151351451525e+05 2.955799905327572059e-40
1.739664762738394202e+05 2.885168873377608275e-40
1.821574570351513394e+05 2.823703204981851435e-40
1.907340992599207966e+05 2.769840116035007795e-40
1.997145613065565121e+05 2.712906211023941047e-40
2.091178564956882910e+05 2.654966306571813012e-40
2.189638933649224637e+05 2.612801793725975322e-40
2.292735178189514845e+05 2.574410330149322101e-40
2.400685572642374900e+05 2.539263620640100230e-40
2.513718668217179074e+05 2.507258370354470436e-40
2.632073777153841220e+05 2.479548703850983249e-40
2.756001479391635512e+05 2.456956536116880369e-40
2.885764153093837667e+05 2.439338144449951730e-40
3.021636530151531333e+05 2.426595354065968844e-40
3.163906277842398849e+05 2.419252327776953588e-40
3.312874607876328519e+05 2.421098459380302467e-40
3.468856914116998669e+05 2.431444526720015299e-40
3.632183440329732839e+05 2.450390513437194346e-40
3.803199979369519860e+05 2.478101443601227508e-40
3.982268605289157713e+05 2.514713367581343149e-40
4.169768439917957294e+05 2.554329976646545661e-40
4.366096455533646513e+05 2.587919307464479313e-40
4.571668315326992888e+05 2.613833014782046602e-40
4.786919253438781598e+05 2.628886286846604235e-40
5.012304996431880863e+05 2.627531367993915900e-40
5.248302728149890900e+05 2.599508567032046302e-40
5.495412100004686508e+05 2.525170900471558323e-40
5.754156288831990678e+05 2.368274249088404094e-40
6.025083104554892052e+05 2.082305282169267394e-40
6.308766149999999907e+05 1.496539862307466524e-40
