5.109905999999998913e-04 1.346200378383001871e-36
5.350979388109352447e-04 1.693465272774151656e-36
5.603426053624308879e-04 2.069535321360204483e-36
5.867782561115334958e-04 2.460973211720402049e-36
6.144610789011710353e-04 2.878847596354172775e-36
6.434499123850030916e-04 3.315837130859616965e-36
6.738063710864591882e-04 3.754667147001494641e-36
7.055949763577658296e-04 4.158288881060775704e-36
7.388832935173193566e-04 4.500624846506196763e-36
7.737420754568733947e-04 4.798189521390460635e-36
8.102454130237788255e-04 5.074872702891292166e-36
8.484708924979032047e-04 5.371461473474481016e-36
8.884997604979479871e-04 5.672508601719316760e-36
9.304170966676533804e-04 5.967510292809551749e-36
9.743119945089325114e-04 6.246002776331630221e-36
1.020277750746297800e-03 6.505647679662613088e-36
1.068412063625047643e-03 6.744796297174085966e-36
1.118817240564701004e-03 6.957894632204636336e-36
1.171600415609035757e-03 7.144708128593499329e-36
1.226873777134902940e-03 7.316154568316359212e-36
1.284754806303821384e-03 7.498583107976548328e-36
1.345366526763149776e-03 7.717609742923146542e-36
1.408837766127573731e-03 7.910874385736365349e-36
1.475303429796687897e-03 8.071775080263605023e-36
1.544904787690636831e-03 8.253900684043086731e-36
1.617789774513281320e-03 8.461084802108485267e-36
1.694113304181064797e-03 8.689187355836784465e-36
1.774037599085914567e-03 8.894372901890672383e-36
1.857732534891979193e-03 9.075853219448930578e-36
1.945376001599076737e-03 9.272893122090564399e-36
2.037154281640259079e-03 9.462358008213663940e-36
2.133262445817152644e-03 9.626779311926912296e-36
2.233904767914584449e-03 9.815013437677858254e-36
2.339295158875750579e-03 1.002531218866723715e-35
2.449657621460773517e-03 1.021908323753117307e-35
2.565226726354963467e-03 1.039758869481267058e-35
2.686248110738758028e-03 1.056603908054619384e-35
2.812979000379028580e-03 1.074669388115854208e-35
2.945688756351415652e-03 1.092246561118061308e-35
3.084659447555767198e-03 1.104398965076687196e-35
3.230186450241494169e-03 1.117715832022473573e-35
3.382579075817120084e-03 1.135385286121264632e-35
3.542161228278445026e-03 1.148877906322368731e-35
3.709272092652602607e-03 1.158661125471271258e-35
3.884266855921288206e-03 1.169016085843422131e-35
4.067517461955491749e-03 1.180819403259841855e-35
4.259413402066243234e-03 1.193716316985885727e-35
4.460362542851709598e-03 1.202961998465384286e-35
4.670791993100175538e-03 1.211608228996546076e-35
4.891149011591455244e-03 1.226121931065068288e-35
5.121901957726289652e-03 1.238488565671080974e-35
5.363541287004174214e-03 1.245641359253712973e-35
5.616580593465486312e-03 1.252701939149768107e-35
5.881557701313648578e-03 1.259564988722458869e-35
6.159035808037407154e-03 1.264962086751390084e-35
6.449604681462941039e-03 1.268195786288092897e-35
6.753881913280171748e-03 1.269702471543380336e-35
7.072514231707347117e-03 1.272688970800865405e-35
7.406178876084232310e-03 1.276421051411668639e-35
7.755585036315280380e-03 1.279385739131124106e-35
8.121475360222360149e-03 1.280776628216059867e-35
8.504627532010929081e-03 1.280366683155640412e-35
8.905855925204465839e-03 1.278437680457890151e-35
9.326013333560461555e-03 1.275709627433025484e-35
9.765992783647113595e-03 1.272861623915085567e-35
1.022672943293289997e-02 1.268411808055461414e-35
1.070920255742379736e-02 1.261891152549283356e-35
1.121443763307245628e-02 1.253332028580560225e-35
1.174350851538336765e-02 1.243272125705658860e-35
1.229753972184676435e-02 1.232261787819619572e-35
1.287770882205231844e-02 1.220327879776598026e-35
1.348524894056289322e-02 1.207500491614198348e-35
1.412145137786791765e-02 1.193808951060298002e-35
1.478766835498729337e-02 1.179217586288591838e-35
1.548531588755917669e-02 1.163694502238224753e-35
1.621587679552060138e-02 1.147281641139230726e-35
1.698090385477766043e-02 1.130022944973653497e-35
1.778202309756421809e-02 1.111964154382535162e-35
1.862093726850368169e-02 1.092727887737439187e-35
1.949942944371981651e-02 1.071967629566600119e-35
2.041936682068855660e-02 1.049783753041469620e-35
2.138270468688632103e-02 1.026283439635353067e-35
2.239149057566969941e-02 1.001575059263832086e-35
2.344786861821986437e-02 9.758577669994691541e-36
2.455408410080160350e-02 9.493229586323432776e-36
2.571248823702294503e-02 9.220748372650206352e-36
2.692554316523906172e-02 8.942179900233260544e-36
2.819582718172172070e-02 8.658567097707870709e-36
2.952604022071765241e-02 8.368637548961362993e-36
3.091900959304298355e-02 8.071508750161979846e-36
3.237769599541135551e-02 7.768668570857468910e-36
3.390519980326779648e-02 7.461600544123666374e-36
3.550476766050401217e-02 7.151722168171897589e-36
3.717979938006071156e-02 6.838680630991905866e-36
3.893385517008451924e-02 6.522481902736850337e-36
4.077066320099764080e-02 6.204875206208455802e-36
4.269412752956453644e-02 5.887537969388433993e-36
4.470833639679713811e-02 5.572062304266198943e-36
4.681757091733599468e-02 5.260067313787348162e-36
4.902631417877608561e-02 4.953030297402686743e-36
5.133926077027724244e-02 4.652188260357956833e-36
5.376132676071236627e-02 4.358666183333396650e-36
5.629766014756116405e-02 4.073445635301607057e-36
5.895365179875817346e-02 3.796575028940858322e-36
6.173494691075163271e-02 3.528273014748288384e-36
6.464745700712640208e-02 3.269461367516231637e-36
6.769737250329438405e-02 3.020914242598970356e-36
7.089117586395701776e-02 2.783260134711269706e-36
7.423565538130635910e-02 2.556916902605710108e-36
7.773791960324898109e-02 2.342195528374189051e-36
8.140541244232034346e-02 2.139346408708131619e-36
8.524592899740168761e-02 1.948489189732613048e-36
8.926763212186884788e-02 1.769649727748788527e-36
9.347906977338696355e-02 1.604232083787043807e-36
9.788919318222874533e-02 1.452793776169073421e-36
1.025073758767306581e-01 1.314350404640630435e-36
1.073434336063253808e-01 1.187967444382841400e-36
1.124076452044973085e-01 1.072762599409987170e-36
1.177107744360022246e-01 9.698745893075620169e-37
1.232640928747883030e-01 8.794462873771498808e-37
1.290794038612430861e-01 7.998064720327825078e-37
1.351690675896884686e-01 7.294913808573205329e-37
1.415460273794436064e-01 6.673298535525623748e-37
1.482238371852957204e-01 6.128861760011448730e-37
1.552166904058497610e-01 5.655746985399068828e-37
1.625394500509897977e-01 5.243898464934133580e-37
1.702076803325689724e-01 4.884912257151778427e-37
1.782376797454754136e-01 4.571736181362021176e-37
1.866465157093838978e-01 4.293243196526184676e-37
1.954520608448261088e-01 4.041347303974950555e-37
2.046730309606792642e-01 3.813118037103827275e-37
2.143290248338154125e-01 3.605301155602101692e-37
2.244405658654629043e-01 3.416665404335670467e-37
2.350291457028156339e-01 3.243337309578270303e-37
2.461172699186086332e-01 3.082439604721434145e-37
2.577285058457476907e-01 2.932972576085823652e-37
2.698875326686668852e-01 2.794025893974208753e-37
2.826201938778769018e-01 2.664769099878772036e-37
2.959535521991970564e-01 2.544191002086348282e-37
3.099159471144183331e-01 2.431447260057037339e-37
3.245370550956594990e-01 2.325744214637592222e-37
3.398479526814355833e-01 2.225439887979391572e-37
3.558811825285096431e-01 2.131404282878393851e-37
3.726708225799139629e-01 2.041733310998621630e-37
3.902525584961597516e-01 1.955138989907744157e-37
4.086637595035784720e-01 1.871583003269316405e-37
4.279435578210101232e-01 1.791023593348488718e-37
4.481329318336596534e-01 1.713420522302348821e-37
4.692747931908975989e-01 1.639765657101864001e-37
4.914140780131328046e-01 1.570604152757154467e-37
5.145978424016088848e-01 1.505352147018304450e-37
5.388753624541341436e-01 1.442503840681269974e-37
5.642982389993140835e-01 1.383317407167880795e-37
5.909205072719025953e-01 1.327373208353245275e-37
6.187987517623756428e-01 1.274343186343761440e-37
6.479922264848451130e-01 1.224054366678451072e-37
6.785629809189237527e-01 1.176345140595752004e-37
7.105759918932375019e-01 1.131061937145992236e-37
7.440993016908868940e-01 1.087638000040503748e-37
7.792041626704090396e-01 1.045700049817840499e-37
8.159651887096097678e-01 1.004951288582486913e-37
8.544605137941647666e-01 9.642864622325087720e-38
8.947719580880555412e-01 9.250712543570850899e-38
9.369852018388267201e-01 8.875947093896551180e-38
9.811899674872786026e-01 8.519981602223902888e-38
1.027480210368667102e+00 8.181730763784130615e-38
1.075954318410749844e+00 7.860179231030856755e-38
1.126715321253105362e+00 7.554376681456266163e-38
1.179871109232221160e+00 7.263433260405722072e-38
1.235534662697774566e+00 6.986515368538823274e-38
1.293824292147533583e+00 6.720187376282878725e-38
1.354863889691244161e+00 6.454559070186446099e-38
1.418783192378004765e+00 6.199741382415655586e-38
1.485718057946798121e+00 5.955290910876960302e-38
1.555810753586303719e+00 5.720782310620666169e-38
1.629210258317705273e+00 5.495807570173285240e-38
1.706072579643219678e+00 5.279975316301239873e-38
1.786561085133351101e+00 5.072910146106909274e-38
1.870846849657673339e+00 4.874251985405014042e-38
1.959109018997128082e+00 4.683655472364452369e-38
2.051535190610701775e+00 4.499702403771487271e-38
2.148321812365797001e+00 4.317566802186364739e-38
2.249674600079748732e+00 4.143811322870614517e-38
2.355808974759986185e+00 3.978004727593554516e-38
2.466950520472140695e+00 3.819740217172734026e-38
2.583335463809327770e+00 3.668633933659802202e-38
2.705211175981638849e+00 3.524323560234898103e-38
2.832836698593052205e+00 3.386467012104957607e-38
2.966483294223254408e+00 3.254741212183005927e-38
3.106435022984643801e+00 3.128825191164739525e-38
3.252989346279918870e+00 3.006626782142132021e-38
3.406457759043548972e+00 2.884699101791108631e-38
3.567166451810896088e+00 2.767020250417760821e-38
3.735457004022243233e+00 2.653483347708039094e-38
3.911687110035245940e+00 2.543982451025134820e-38
4.096231339388952897e+00 2.438412581775828537e-38
4.289481932935332864e+00 2.336669756397252348e-38
4.491849636530385936e+00 2.238651021249273080e-38
4.703764574056863879e+00 2.144254490733906297e-38
4.925677161634137491e+00 2.053431811973935188e-38
5.158059064958393058e+00 1.966071147338531046e-38
5.401404201807810779e+00 1.880688007026562967e-38
5.656229791843701449e+00 1.799239436751047914e-38
5.923077455938655866e+00 1.721531909299508630e-38
6.202514367368591408e+00 1.647382492006829498e-38
6.495134457315162813e+00 1.576618180186274659e-38
6.801559677241074908e+00 1.509075278045844708e-38
7.122441320821310207e+00 1.444598823439698346e-38
7.458461408239845269e+00 1.383042053095425841e-38
7.810334135794363419e+00 1.324266139879562132e-38
8.178807393889940158e+00 1.267861398765909192e-38
8.564664356647949006e+00 1.213017978184482578e-38
8.968725146509148871e+00 1.160674019839473137e-38
9.391848577368850925e+00 1.110709384325988394e-38
9.834933979948912608e+00 1.063010095718127442e-38
1.029892311328681487e+01 1.017467999794431895e-38
1.078480216640400435e+01 9.739804429619403566e-39
1.129360385440845072e+01 9.324499705050714598e-39
1.182640961348643849e+01 8.927840428845321431e-39
1.238435189944869919e+01 8.548384135750193061e-39
1.296861659471678152e+01 8.182949584172685505e-39
1.358044552886540046e+01 7.827818976070924659e-39
1.422113911807781150e+01 7.487402680723595085e-39
1.489205912912489538e+01 7.161125170364898747e-39
1.559463157374189102e+01 6.848431959641780797e-39
1.633034973955530589e+01 6.548788888794140742e-39
1.710077736400189963e+01 6.261681430011373355e-39
1.790755195798538679e+01 5.986614016201756531e-39
1.875238828633579402e+01 5.723109908471167162e-39
1.963708201246876683e+01 5.470979351837955062e-39
2.056351351499096580e+01 5.229279794604570848e-39
2.153365188436434607e+01 4.996129767850967383e-39
2.254955910812368813e+01 4.773368527280043748e-39
2.361339445354244759e+01 4.560533487787232232e-39
2.472741905706318022e+01 4.357182742620681303e-39
2.589400073024584970e+01 4.162894126333170508e-39
2.711561899244994933e+01 3.977264321345925181e-39
2.839487034094685214e+01 3.799908006013165294e-39
2.973447376966315403e+01 3.630456285497973033e-39
3.113727654828593927e+01 3.468543305220280770e-39
3.260626027401266924e+01 3.313483433725483868e-39
3.414454720880792138e+01 3.164310203793287418e-39
3.575540691563753626e+01 3.021829194025323407e-39
3.744226320778489736e+01 2.885741175725845746e-39
3.920870142601879849e+01 2.755760357046843876e-39
4.105847605908222420e+01 2.631613767535566178e-39
4.299551872369679728e+01 2.513040672109749880e-39
4.502394652104580786e+01 2.399792012953695013e-39
4.714807078749672087e+01 2.291604360225165364e-39
4.937240625816129125e+01 2.188103212887407690e-39
5.170168066277189212e+01 2.088874171495411418e-39
5.414084477426877129e+01 1.993399101103401533e-39
5.669508293145508304e+01 1.902098976764874754e-39
5.936982405808774388e+01 1.814800606013340094e-39
6.217075320182145504e+01 1.731337635410894593e-39
6.510382361753423197e+01 1.651550285289963721e-39
6.817526942071594931e+01 1.575285095317104928e-39
7.139161883781294193e+01 1.502394680389934567e-39
7.475970808169388704e+01 1.432812227515692546e-39
7.828669588172789418e+01 1.366585805558135312e-39
8.198007869935608483e+01 1.303424794540099440e-39
8.584770666149957208e+01 1.242960355264965063e-39
8.989780024566846350e+01 1.185424167137183917e-39
9.413896775223329882e+01 1.130668780698688526e-39
9.858022360100009962e+01 1.078554484183304337e-39
1.032310074909721038e+02 1.028948878526014262e-39
1.081012044640260541e+02 9.817264769207709940e-40
1.132011659151457650e+02 9.367683274301781932e-40
1.185417315938674250e+02 8.938689939919649275e-40
1.241342526437032916e+02 8.528232025120493276e-40
1.299906157285116421e+02 8.134462708367911056e-40
1.361232682970897656e+02 7.755099920575455889e-40
1.425452450396949473e+02 7.392463805912583899e-40
1.492701955927184372e+02 7.045864484237881172e-40
1.563124135504033347e+02 6.714638574308241883e-40
1.636868668452676729e+02 6.398148230367023439e-40
1.714092295618018227e+02 6.095780214190404319e-40
1.794959152510643321e+02 5.806939998234088077e-40
1.879641118169824949e+02 5.530838214598276294e-40
1.968318180485034645e+02 5.266847006032145359e-40
2.061178818752500774e+02 5.013439552867931870e-40
2.158420404279888487e+02 4.768794503773470343e-40
2.260249619890528265e+02 4.535212054379099799e-40
2.366882899218934995e+02 4.312239819134763737e-40
2.478546886731192842e+02 4.099441825951018100e-40
2.595478919448069632e+02 3.896397972887633923e-40
2.717927531394701646e+02 3.702703505011047399e-40
2.846152981848981085e+02 3.517976057535382764e-40
2.980427808511518606e+02 3.341908483888033405e-40
3.121037406772861118e+02 3.174143405194759712e-40
3.268280636309134479e+02 3.013211513928020125e-40
3.422470456295494614e+02 2.857467795953915858e-40
3.583934590587463731e+02 2.709334673235888613e-40
3.753016224283897486e+02 2.568465693411107202e-40
3.930074733152263207e+02 2.434529034823098691e-40
4.115486447466382174e+02 2.307206914139528419e-40
4.309645451880323321e+02 2.186195019623749176e-40
4.512964423038478117e+02 2.071174113984648798e-40
4.725875506702029725e+02 1.961766124929112237e-40
4.948831236256280022e+02 1.857714508530821372e-40
5.182305494550998901e+02 1.757534030317286594e-40
5.426794521118042667e+02 1.659687125781772526e-40
5.682817966907307436e+02 1.566925551250032348e-40
5.950919998782469520e+02 1.479007047856271347e-40
6.231670456124379598e+02 1.395699814479853042e-40
6.525666062000279908e+02 1.316782088457574074e-40
6.833531691473046976e+02 1.242041744237669946e-40
7.155921699746390914e+02 1.171059454444615490e-40
7.493521312968855455e+02 1.103310186970165099e-40
7.847048084652541320e+02 1.038703500024680390e-40
8.217253420802395567e+02 9.756502763139752244e-41
8.604924176997529912e+02 9.126812081230703031e-41
9.010884330818919352e+02 8.530537652595168395e-41
9.435996733178582190e+02 7.956096714384988193e-41
9.881164942272097278e+02 7.411587575388115907e-41
1.034733514405288133e+03 6.907318647301423218e-41
1.083549816330996237e+03 6.444622937466997654e-41
1.134669156962347870e+03 6.008061299203966059e-41
1.188200188267442627e+03 5.581031528189122279e-41
1.244256688159575788e+03 5.176088795033934818e-41
1.302957802327301351e+03 4.780901881738950087e-41
1.364428297473506973e+03 4.372750948586891514e-41
1.428798826501677695e+03 3.986039791645540486e-41
1.496206206213050109e+03 3.630296652325310467e-41
1.566793708104871712e+03 3.304949783193285953e-41
1.640711362887810537e+03 3.000734813784767178e-41
1.718116279369810400e+03 2.709523329584657409e-41
1.799172978384141970e+03 2.441417127100787345e-41
1.884053742471362284e+03 2.202937837494728053e-41
1.972938982058483816e+03 1.980527436943485278e-41
2.066017618913617298e+03 1.754146879299022409e-41
2.163487487691069418e+03 1.521423474666028813e-41
2.265555756420453235e+03 1.315086764464249430e-41
2.372439366833431905e+03 1.129067853571888361e-41
2.484365495464082414e+03 9.615075827696379870e-42
2.601572036502902392e+03 8.135455588336119873e-42
2.724308107430688324e+03 6.735706997295364956e-42
2.852834578507080550e+03 5.454724609066141720e-42
2.987424627239139227e+03 4.305661784635244790e-42
3.128364319008396251e+03 3.319201062750746193e-42
3.275953215090584308e+03 2.496898729032344621e-42
3.430505009360309487e+03 1.816791513743396365e-42
3.592348195033897809e+03 1.262497722304848133e-42
3.761826762867701746e+03 8.344935905990468037e-43
3.939300932295667735e+03 5.145024617831092545e-43
4.125147917060325199e+03 2.918339227947253329e-43
4.319762726964459944e+03 1.507467949989873175e-43
4.523559007447476688e+03 6.733325571566518314e-44
4.736969918771074845e+03 3.016482765976323787e-44
4.960449056682859919e+03 1.630533581405891003e-44
5.194471416514597877e+03 7.613347313088814444e-45
5.439534402764520564e+03 2.228483931847685058e-45
5.696158886309201080e+03 0.000000000000000000e+00
5.964890311492312321e+03 0.000000000000000000e+00
6.246299855443246088e+03 0.000000000000000000e+00
6.540985642089557587e+03 0.000000000000000000e+00
6.849574013443771946e+03 0.000000000000000000e+00
7.172720860866545081e+03 0.000000000000000000e+00
7.511113019135557806e+03 0.000000000000000000e+00
7.865469726283447926e+03 0.000000000000000000e+00
8.236544152307476907e+03 0.000000000000000000e+00
8.625124999999996362e+03 0.000000000000000000e+00
