5.109905999999998913e-04 6.614282909298334391e-34
5.350766163563562506e-04 8.023241359316319412e-34
5.602979494561489754e-04 9.533538812684923244e-34
5.867081135081563458e-04 1.106914136587337180e-33
6.143631451630721411e-04 1.264313940745693176e-33
6.433217224111472624e-04 1.418265528076144432e-33
6.736452890841823247e-04 1.557162821022224950e-33
7.053981852260368581e-04 1.686147332516570371e-33
7.386477836082740167e-04 1.805039833047221590e-33
7.734646326805958132e-04 1.897741456661896516e-33
8.099226062593817017e-04 1.977295676878544331e-33
8.480990602719333310e-04 2.071871077322497254e-33
8.880749968890065465e-04 2.161720374196190804e-33
9.299352363938812559e-04 2.238497474821095020e-33
9.737685971526409932e-04 2.311494241679535532e-33
1.019668084067516887e-03 2.384448141735858454e-33
1.067731085913156946e-03 2.460489666352508703e-33
1.118059581974521549e-03 2.524426840118600081e-33
1.170760358424849986e-03 2.573965499648311584e-33
1.225945234902801840e-03 2.626999273468081496e-33
1.283731301769522977e-03 2.674662607955631279e-33
1.344241168549043354e-03 2.704862613121572965e-33
1.407603224079144672e-03 2.735644016887679621e-33
1.473951908924678181e-03 2.769799784150269596e-33
1.543428000631340584e-03 2.794690422097489094e-33
1.616178912425149557e-03 2.813805396572895924e-33
1.692359005991391895e-03 2.832015571969972609e-33
1.772129918996710437e-03 2.849084631575850285e-33
1.855660908049235275e-03 2.863825530324817402e-33
1.943129207824465573e-03 2.872795823471843281e-33
2.034720407118882721e-03 2.882396431750571559e-33
2.130628842629198050e-03 2.897361289954850180e-33
2.231058011292752930e-03 2.903580001306954338e-33
2.336221002063966923e-03 2.900439640802494400e-33
2.446340948042964852e-03 2.896809416569586990e-33
2.561651499915713719e-03 2.890353709264092342e-33
2.682397321710193634e-03 2.878751925223413614e-33
2.808834609920501327e-03 2.861175306124250165e-33
2.941231637100345450e-03 2.839401783459438687e-33
3.079869321079329626e-03 2.818066189205801878e-33
3.225041821009771558e-03 2.790529037625500654e-33
3.377057161508744462e-03 2.753709873368957347e-33
3.536237886219629166e-03 2.719532718217404355e-33
3.702921742179900513e-03 2.685916558431567376e-33
3.877462396447224364e-03 2.643402863341447820e-33
4.060230186504388931e-03 2.598913843999779813e-33
4.251612906035268612e-03 2.555983067051653425e-33
4.452016627739074743e-03 2.509351051747294016e-33
4.661866564928709468e-03 2.459719174182158817e-33
4.881607973741363196e-03 2.410087064986125744e-33
5.111707097875650349e-03 2.363264336988687160e-33
5.352652157859797560e-03 2.318577179119279389e-33
5.604954386949915351e-03 2.264437892131261700e-33
5.869149115856291295e-03 2.205225224904650269e-33
6.145796908599267250e-03 2.150637934827635524e-33
6.435484751904732917e-03 2.095477721397203476e-33
6.738827300662887133e-03 2.037659942090929303e-33
7.056468182092851850e-03 1.978851361786555638e-33
7.389081361380291611e-03 1.919773542259472907e-33
7.737372571685633901e-03 1.860991414510588065e-33
8.102080811557057019e-03 1.800231289781086446e-33
8.483979912925425360e-03 1.737671149998477248e-33
8.883880183008124529e-03 1.677663436993331450e-33
9.302630123605550375e-03 1.619561869181907903e-33
9.741118231438250508e-03 1.561944649483519160e-33
1.020027488334460976e-02 1.504383617324838358e-33
1.068107431033909517e-02 1.446833195901492462e-33
1.118453666471955731e-02 1.389463190152601468e-33
1.171173018460955513e-02 1.333017204158940820e-33
1.226377346052840225e-02 1.278298603234160635e-33
1.284183780879808584e-02 1.225288280431080032e-33
1.344714975682293270e-02 1.173931624643847285e-33
1.408099364551522806e-02 1.124236129530599003e-33
1.474471435438859911e-02 1.076165192030158874e-33
1.543972015510118589e-02 1.029678739217273316e-33
1.616748569950323539e-02 9.847501040535921869e-34
1.692955514852909071e-02 9.413535555640235396e-34
1.772754544857239531e-02 8.994625508816123325e-34
1.856314976229629654e-02 8.588481518936327337e-34
1.943814106115807419e-02 8.192625863622962671e-34
2.035437588727075434e-02 7.807371825911945851e-34
2.131379829258355993e-02 7.432737307346841196e-34
2.231844396373924497e-02 7.069227823022142044e-34
2.337044454136052302e-02 6.718367834866537326e-34
2.447203214292996074e-02 6.381723220135972666e-34
2.562554409886004525e-02 6.058938217416885221e-34
2.683342791180234194e-02 5.749668629138102616e-34
2.809824644971826296e-02 5.453563416402904413e-34
2.942268338373004929e-02 5.169715901935979783e-34
3.080954888228993466e-02 4.897185267002212639e-34
3.226178557374921596e-02 4.635769632895674820e-34
3.378247478997860320e-02 4.385057117575921369e-34
3.537484310428735262e-02 4.145036944263254307e-34
3.704226917751336084e-02 3.915587472627879225e-34
3.878829092680999985e-02 3.696580045009292470e-34
4.061661303234041787e-02 3.487716806784039771e-34
4.253111479780683629e-02 3.288713122304377108e-34
4.453585838149319576e-02 3.099277791416742481e-34
4.663509741528562569e-02 2.919150805582583897e-34
4.883328602995844897e-02 2.748072100755719542e-34
5.113508830587550069e-02 2.585707501675407783e-34
5.354538816915877658e-02 2.431579506149115501e-34
5.606929975432258656e-02 2.285521900304769644e-34
5.871217825535970242e-02 2.147171618693317974e-34
6.147963128830374879e-02 2.016168630096219346e-34
6.437753078937644147e-02 1.892217804624675846e-34
6.741202547396506206e-02 1.775038183844881915e-34
7.058955388286540511e-02 1.664351754096352851e-34
7.391685804347146449e-02 1.560548089301386903e-34
7.740099777489807542e-02 1.464006692743616501e-34
8.104936566738864256e-02 1.374170728770344611e-34
8.486970276779132183e-02 1.290418858908615447e-34
8.887011500438454781e-02 1.212398268033782315e-34
9.305909038590208515e-02 1.139779434788441352e-34
9.744551701124992693e-02 1.072266658025300819e-34
1.020387019281281671e-01 1.009454946224761721e-34
1.068483908805712423e-01 9.509781342163359806e-35
1.118847889873070406e-01 8.965012596537394809e-35
1.171585823948095434e-01 8.454103991400526186e-35
1.226809609509882659e-01 7.971187793766101900e-35
1.284636419476230529e-01 7.514834550397703133e-35
1.345188949819206559e-01 7.082922936986734585e-35
1.408595679899437014e-01 6.675055676895361543e-35
1.474991145071498366e-01 6.292796549066585528e-35
1.544516222138811734e-01 5.937682301188559479e-35
1.617318428263724850e-01 5.607477784858508672e-35
1.693552233966993392e-01 5.300157363272966154e-35
1.773379390880785444e-01 5.013880261151786613e-35
1.856969274950628634e-01 4.748629743240432476e-35
1.944499245814499677e-01 4.504543798301669641e-35
2.036155023121578311e-01 4.279623848902358310e-35
2.132131080589139138e-01 4.071532580436022110e-35
2.232631058633677557e-01 3.879324626871971029e-35
2.337868196451789726e-01 3.699583486538910602e-35
2.448065784467582939e-01 3.528949634365142448e-35
2.563457638106617087e-01 3.366911252126790847e-35
2.684288593901620890e-01 3.212999736159247442e-35
2.810815028982608932e-01 3.066773927459569402e-35
2.943305405053650570e-01 2.927563889598479096e-35
3.082040838010488004e-01 2.794713918746373111e-35
3.227315694407608682e-01 2.667920659819929836e-35
3.379438216040349108e-01 2.546506722359177060e-35
3.538731173967252785e-01 2.430639191690497845e-35
3.705532553360382786e-01 2.320601351567799279e-35
3.880196270636686595e-01 2.216710434977666913e-35
4.063092924392015526e-01 2.118574008314529040e-35
4.254610581731116392e-01 2.025830322466628605e-35
4.455155601662015852e-01 1.938143568329881992e-35
4.665153497301864349e-01 1.854768903375219497e-35
4.885049838723654614e-01 1.774959797044593399e-35
5.115311198359455691e-01 1.698555625822282276e-35
5.356426140966106253e-01 1.625143975529045706e-35
5.608906260253866405e-01 1.554877575513221411e-35
5.873287264377511363e-01 1.487743466130852576e-35
6.150130112593067411e-01 1.423740503968047409e-35
6.440022205491910956e-01 1.362712271563742868e-35
6.743578631337662221e-01 1.304513659670480259e-35
7.061443471150319340e-01 1.249006989946169642e-35
7.394291165306752234e-01 1.195719897340713141e-35
7.742827944557170161e-01 1.144169600927904712e-35
8.107793328493894114e-01 1.094325549525369207e-35
8.489961694651831925e-01 1.045989294536059531e-35
8.890143921569944041e-01 9.993233776688682538e-36
9.309189109300002318e-01 9.546440092729227434e-36
9.747986381013050705e-01 9.122777634209775698e-36
1.020746676952630105e+00 8.720921431074971879e-36
1.068860519275321330e+00 8.339644332788976522e-36
1.119242252226825496e+00 7.977793891499989923e-36
1.171998774937537346e+00 7.634270362487825148e-36
1.227242025327613284e+00 7.308043988698799871e-36
1.285089217615003054e+00 6.997780448386262843e-36
1.345663091018646895e+00 6.698306511215879458e-36
1.409092170184526038e+00 6.409625223895032306e-36
1.475511037887137666e+00 6.131452342337231470e-36
1.545060620585006816e+00 5.863508397430409414e-36
1.617888487436123901e+00 5.605518415535086544e-36
1.694149163407750569e+00 5.357226480209197356e-36
1.774004457144947144e+00 5.118376729275923829e-36
1.857623804293490055e+00 4.888702902976843577e-36
1.945184627005629441e+00 4.667942776731146651e-36
2.036872710391488983e+00 4.455897348902756091e-36
2.132882596714848145e+00 4.253166269488087527e-36
2.233417998169711538e+00 4.060557017660132335e-36
2.338692229113482846e+00 3.877517027793795205e-36
2.448928658673851899e+00 3.703527875854504323e-36
2.564361184689727402e+00 3.538102875376016473e-36
2.685234729991817115e+00 3.380793495794426706e-36
2.811805762075849202e+00 3.231176288089047795e-36
2.944342837271079372e+00 3.088845106377555081e-36
3.083127170558681573e+00 2.953417825612837766e-36
3.228453232249058669e+00 2.824516609063184068e-36
3.380629372784094144e+00 2.701074140799611455e-36
3.539978476990034650e+00 2.583055583026257560e-36
3.706838649169192923e+00 2.470220494752954708e-36
3.881563930484079439e+00 2.362339339917937456e-36
4.064525050156109209e+00 2.259192973721006587e-36
4.256110212072746535e+00 2.160576517590347447e-36
4.456725918472119297e+00 2.066293287910491814e-36
4.666797832452760808e+00 1.976151425276538853e-36
4.886771681138559309e+00 1.889967727093483625e-36
5.117114201415223107e+00 1.807559510682518094e-36
5.358314130244892226e+00 1.728455720438942580e-36
5.610883241660197029e+00 1.652690377526945004e-36
5.875357432637942523e+00 1.580128362721197030e-36
6.152297860156486387e+00 1.510639776446828832e-36
6.442292131849360892e+00 1.444099748845673105e-36
6.745955552781466302e+00 1.380390347210925877e-36
7.063932430993211220e+00 1.319397697858846849e-36
7.396897444582694270e+00 1.261010434099846337e-36
7.745557073226565947e+00 1.205121557922652438e-36
8.110651097176958757e+00 1.151623743282552237e-36
8.492954166915039238e+00 1.100270687391264765e-36
8.893277446791616470e+00 1.051081348803802312e-36
9.312470336142295579e+00 1.003970408250773669e-36
9.751422271528985775e+00 9.588559921573030403e-37
1.021106461393173070e+01 9.156592410761724873e-37
1.069237262489508389e+01 8.743051171643604811e-37
1.119636753582197564e+01 8.347211123094243844e-37
1.172411871480566958e+01 7.968365537434908047e-37
1.227674593559734717e+01 7.605833910076094289e-37
1.285542175352360239e+01 7.258935358363790938e-37
1.346137399339499652e+01 6.927023069211243083e-37
1.409588835468450263e+01 6.611593418976961905e-37
1.476031113950344675e+01 6.311820654630825444e-37
1.545605210916313865e+01 6.026869665947658514e-37
1.618458747538317866e+01 5.755953864457282583e-37
1.694746303249315034e+01 5.498336146581713739e-37
1.774629743727353670e+01 5.253320734242484169e-37
1.858278564339500960e+01 5.020247910647260160e-37
1.945870249774316108e+01 4.798495421028567690e-37
2.037590650625939048e+01 4.587462320070752760e-37
2.133634377728815323e+01 4.385945472503743980e-37
2.234205215079757423e+01 4.192855663533447540e-37
2.339516552223469148e+01 4.007778593172937606e-37
2.449791837018963747e+01 3.830404048020245026e-37
2.565265049747547721e+01 3.660432980604011693e-37
2.686181199568324374e+01 3.497578818771646167e-37
2.812796844374587835e+01 3.341564891154006250e-37
2.945380635154131710e+01 3.192123013377874841e-37
3.084213886008486938e+01 3.048994756790127853e-37
3.229591171040543429e+01 2.911923878587276148e-37
3.381820949377026153e+01 2.780554169939422704e-37
3.541226219651985474e+01 2.655140653360851315e-37
3.708145205339971540e+01 2.535454120637207862e-37
3.882932072393030154e+01 2.421229595888827311e-37
4.065957680704178756e+01 2.312214595711323469e-37
4.257610370991815074e+01 2.208169276341896947e-37
4.458296788774649144e+01 2.108864871495520335e-37
4.668442747185462594e+01 2.014082682199204838e-37
4.888494130454395759e+01 1.923614271773704316e-37
5.118917839978751516e+01 1.837257576903804845e-37
5.360202784986687163e+01 1.754745932817895136e-37
5.612860919896753842e+01 1.675992703226285952e-37
5.877428330574340265e+01 1.600825655589268743e-37
6.154466371789824564e+01 1.529079307868622015e-37
6.444562858291874363e+01 1.460595925473278716e-37
6.748333312023086705e+01 1.395225485514733411e-37
7.066422268124298967e+01 1.332824886877584166e-37
7.399504642498625628e+01 1.273257414103857576e-37
7.748287163836897662e+01 1.216392733917760860e-37
8.113509873142942297e+01 1.162105127798435980e-37
8.495947693940387069e+01 1.110238014542585248e-37
8.896412076492620713e+01 1.060614641384383121e-37
9.315752719524580527e+01 1.013105196722445207e-37
9.754859373099498043e+01 9.676242118023402378e-38
1.021466372647592067e+02 9.240895928623978099e-38
1.069614138495061297e+02 8.824226481296939635e-38
1.120031393988179929e+02 8.425477293778184232e-38
1.172825113628486093e+02 8.043920028230326641e-38
1.228107314259967637e+02 7.678854857117366315e-38
1.285995292744555059e+02 7.329602703804426787e-38
1.346611874840668861e+02 6.995399071982606542e-38
1.410085675812890145e+02 6.676787581355516391e-38
1.476551373325707459e+02 6.373563527239532425e-38
1.546149993200365316e+02 6.084944336580684401e-38
1.619029208641127013e+02 5.810189495374148789e-38
1.695343653565845443e+02 5.548599157577320068e-38
1.775255250705659193e+02 5.299510552394766028e-38
1.858933555169975875e+02 5.062295275021093845e-38
1.946556114205706933e+02 4.836358237779543350e-38
2.038308843914088868e+02 4.621134135125751452e-38
2.134386423724403414e+02 4.416054871340513845e-38
2.234992709461578784e+02 4.220274268697236360e-38
2.340341165884121040e+02 4.033046499842270321e-38
2.450655319610116862e+02 3.854003640425881297e-38
2.566169233392328692e+02 3.682793444576525285e-38
2.687128002748684708e+02 3.519079432459489917e-38
2.813788276001906752e+02 3.362539238420378527e-38
2.946418798831691674e+02 3.212863560041892220e-38
3.085300984494863883e+02 3.069756275095176749e-38
3.230729510923383714e+02 2.932934272584910812e-38
3.383012945967127507e+02 2.802133792521676617e-38
3.542474402108060758e+02 2.677119698339559201e-38
3.709452222034979627e+02 2.557682487373187938e-38
3.884300696533447308e+02 2.443572969827177305e-38
4.067390816214143570e+02 2.334552977706667249e-38
4.259111058674625383e+02 2.230395762909748866e-38
4.459868212764690725e+02 2.130884674537951283e-38
4.670088241704252141e+02 2.035812330185141541e-38
4.890217186885075193e+02 1.944980717861881717e-38
5.120722114274049090e+02 1.858202118074909562e-38
5.362092105426058879e+02 1.775321487822452327e-38
5.614839295209160355e+02 1.696093733838034487e-38
5.879499958443905143e+02 1.620271653188167078e-38
6.156635647762409462e+02 1.547712045854206782e-38
6.446834385101474254e+02 1.478280431402198433e-38
6.750711909357838749e+02 1.411848218232153784e-38
7.068912982852815503e+02 1.348291718037896034e-38
7.402112759378356941e+02 1.287491626240133884e-38
7.751018216727239860e+02 1.229333372051372580e-38
8.116369656746895771e+02 1.173708766029719902e-38
8.498942276099658102e+02 1.120545258052697593e-38
8.899547811062266192e+02 1.069744161096406225e-38
9.319036259854515265e+02 1.021329391870253181e-38
9.758297686151463495e+02 9.751943961919694968e-39
1.021826410760586555e+03 9.312278874539051172e-39
1.069991147338786504e+03 8.893247623401106908e-39
1.120426173493784972e+03 8.493850696218143198e-39
1.173238501432618023e+03 8.113134306675610552e-39
1.228540187482054080e+03 7.750192719569545027e-39
1.286448569847862245e+03 7.404186612465151649e-39
1.347086517581084991e+03 7.074663829379242052e-39
1.410582691279554410e+03 6.760390149210674696e-39
1.477071816077843096e+03 6.460459260132536703e-39
1.546694967504823808e+03 6.174176548292843526e-39
1.619599870815403619e+03 5.900906170131252123e-39
1.695941214431533353e+03 5.640047954807339482e-39
1.775880978157552363e+03 5.391028889174553258e-39
1.859588776866266016e+03 5.153298889897325840e-39
1.947242220384987149e+03 4.926334144987723195e-39
2.039027290345139818e+03 4.709658533683202203e-39
2.135138734795017626e+03 4.503180833050879802e-39
2.235780481412984045e+03 4.306013985246523762e-39
2.341166070197856698e+03 4.117803242019409761e-39
2.451519106554556856e+03 3.938143659502765197e-39
2.567073735736371418e+03 3.766632827917572668e-39
2.688075139650492019e+03 3.602893171663291721e-39
2.814780057080942697e+03 3.446564540717441282e-39
2.947457328432699796e+03 3.297300705649317620e-39
3.086388466152830460e+03 3.154772571439440261e-39
3.231868252038962964e+03 3.018691699468165820e-39
3.384205362702444745e+03 2.889160454685050928e-39
3.543723024513287783e+03 2.765414749615110906e-39
3.710759699416551030e+03 2.646909429657041035e-39
3.885669803075316395e+03 2.533329296339792537e-39
4.068824456864000240e+03 2.424473421797826555e-39
4.260612275307566051e+03 2.320154030571443278e-39
4.461440190637418709e+03 2.220190696820159498e-39
4.671734316213501188e+03 2.124407808498794684e-39
4.891940850644603415e+03 2.032637525822870136e-39
5.122527024525205888e+03 1.944745842770951387e-39
5.363982091797658541e+03 1.860999696865832051e-39
5.616818367843129636e+03 1.780772820165560583e-39
5.881572316503930779e+03 1.704207072926477543e-39
6.158805688343659313e+03 1.631266112738122453e-39
6.449106712560279448e+03 1.561762025432013109e-39
6.753091345081140389e+03 1.495520454860373362e-39
7.071404575488103546e+03 1.432377345173141852e-39
7.404721795545809073e+03 1.372177230431934095e-39
7.753750232236785450e+03 1.314774023434955199e-39
8.119230448344002980e+03 1.260059648545092594e-39
8.501937913764775658e+03 1.208356471577176723e-39
8.902684650890005287e+03 1.159021756162672568e-39
9.322320957539910523e+03 1.111976294423481073e-39
9.761737211111911165e+03 1.067127362068213952e-39
1.022186575776873542e+04 1.024359554581669435e-39
1.070368289067506521e+04 9.835661325584520425e-40
1.120821092148044954e+04 9.446502752713192898e-40
1.173652034944303341e+04 9.074308009580320082e-40
1.228973213279757329e+04 8.708658776124705325e-40
1.286902006718577104e+04 8.363015862122231849e-40
1.347561327619691110e+04 8.047494766686790125e-40
1.411079881930160991e+04 7.747433032076306438e-40
1.477592442271381879e+04 7.456293983187913953e-40
1.547240133897363557e+04 7.187343627528107182e-40
1.620170734132014513e+04 6.928261192717452917e-40
1.696538985920583218e+04 6.670314571603865112e-40
1.776506926160738294e+04 6.421520485749075627e-40
1.860244229509734942e+04 6.202201437573693773e-40
1.947928568397360141e+04 5.980279966781082578e-40
2.039745990008306399e+04 5.766523370795541866e-40
2.135891311034083628e+04 5.570184845400903420e-40
2.236568531031797465e+04 5.374488199253156912e-40
2.341991265267116250e+04 5.188598942492702122e-40
2.452383197959546669e+04 5.013284599484266017e-40
2.567978556892000051e+04 4.848756855510600189e-40
2.689022610391360286e+04 4.690783878808467040e-40
2.815772187734859472e+04 4.534766195103138099e-40
2.948496224086118673e+04 4.386227970862160923e-40
3.087476331117434529e+04 4.245186193275091407e-40
3.233007394528687291e+04 4.111848168608990851e-40
3.385398199731057684e+04 3.995325010380756206e-40
3.544972087022717460e+04 3.883897731846919422e-40
3.712067637647052470e+04 3.757913259164652139e-40
3.887039392188650527e+04 3.657795745228833043e-40
4.070258602831784083e+04 3.559638139585943099e-40
4.262114021077054349e+04 3.460770799675154926e-40
4.463012722588045290e+04 3.360407612480722857e-40
4.673380970917617378e+04 3.260607640433140704e-40
4.893665121947031730e+04 3.163670768580437993e-40
5.124332570956370910e+04 3.070193560585884219e-40
5.365872744336191681e+04 2.984836641150697139e-40
5.618798138044439838e+04 2.902365511526414648e-40
5.883645405011770345e+04 2.824366497977864029e-40
6.160976493803071935e+04 2.753010504272606319e-40
6.451379840950476500e+04 2.687815521966057311e-40
6.755471619488490978e+04 2.628388549396106327e-40
7.073897046339578810e+04 2.574278759863912934e-40
7.407331751324998913e+04 2.493302845029917246e-40
7.756483210704805970e+04 2.340869102518253920e-40
8.122092248289543204e+04 2.129434322554075538e-40
8.504934607307748229e+04 1.877203355648638155e-40
8.905822596365402569e+04 1.602570861992506514e-40
9.325606812988672755e+04 1.316252480700682262e-40
9.765177948407999065e+04 1.009287709503989579e-40
1.022546867741176975e+05 6.464869507640170455e-41
1.070745563728061970e+05 3.183489381948110340e-41
1.121216149999999034e+05 2.125909411072774930e-41
