5.109905999999998913e-04 9.180044000212732332e-33
5.350544992299362300e-04 1.049548970703678509e-32
5.602516311380251971e-04 1.194208578799522957e-32
5.866353626491583803e-04 1.350421458525040844e-32
6.142615738779105307e-04 1.515862312563753042e-32
6.431887764812854605e-04 1.687444954616803580e-32
6.734782375850162546e-04 1.861378367150876661e-32
7.051941095458721812e-04 2.033279592529569127e-32
7.384035658248269858e-04 2.198341886297792669e-32
7.731769432588429802e-04 2.351551065564071270e-32
8.095878910326208006e-04 2.487937591947598065e-32
8.477135266658118121e-04 2.602844376727706669e-32
8.876345993460929302e-04 2.692204682699532285e-32
9.294356609540154173e-04 2.752779145559080443e-32
9.732052451418794423e-04 2.782360584538424272e-32
1.019036054845892875e-03 2.779914417186920610e-32
1.067025158628787281e-03 2.752436209937347081e-32
1.117274196268717339e-03 2.722974375900421816e-32
1.169889594029887691e-03 2.693340132629692765e-32
1.224982790070845012e-03 2.663537264343608359e-32
1.282670470467844447e-03 2.633570208249962523e-32
1.343074816353177639e-03 2.603441492931345661e-32
1.406323762691893053e-03 2.573159399342958140e-32
1.472551269245014416e-03 2.542730296850493315e-32
1.541897604293108797e-03 2.512161120764020981e-32
1.614509641721175847e-03 2.481459395770064023e-32
1.690541172094022025e-03 2.450759597201245487e-32
1.770153228381025901e-03 2.421130662703148514e-32
1.853514427020115348e-03 2.392754402209974799e-32
1.940801325043378742e-03 2.365578931785069925e-32
2.032198794020637252e-03 2.339556383761486245e-32
2.127900411613036467e-03 2.314640449228779838e-32
2.228108871565914837e-03 2.290793091383252882e-32
2.333036413009320024e-03 2.267977563843670197e-32
2.442905269975433492e-03 2.246160461338865643e-32
2.557948142084957941e-03 2.225311638621435964e-32
2.678408687399365905e-03 2.205322898054217518e-32
2.804542038482858105e-03 2.183831508328435612e-32
2.936615342767072163e-03 2.159802726414764443e-32
3.074908328362955211e-03 2.133326233694618656e-32
3.219713896518259719e-03 2.104500261982978211e-32
3.371338741975379340e-03 2.073429018336563031e-32
3.530104002543534014e-03 2.040227869359202534e-32
3.696345939260965632e-03 2.005016834042574855e-32
3.870416648587834269e-03 1.967921675775576141e-32
4.052684808138098949e-03 1.929073195672764922e-32
4.243536457529944496e-03 1.888616121767575833e-32
4.443375816008483283e-03 1.847908147322045183e-32
4.652626138572472925e-03 1.808258200110885599e-32
4.871730612418323850e-03 1.769631210304273828e-32
5.101153295600031196e-03 1.731993957067348906e-32
5.341380099893064046e-03 1.695313758987927381e-32
5.592919819943915731e-03 1.659562810815443666e-32
5.856305210885048157e-03 1.624713661076183597e-32
6.132094116697578944e-03 1.590740468516866763e-32
6.420870651711528890e-03 1.557618951878448114e-32
6.723246437746030826e-03 1.525342665380364853e-32
7.039861899509806606e-03 1.493286644898409985e-32
7.371387621005419041e-03 1.460024081528480266e-32
7.718525765810192556e-03 1.425605658449774646e-32
8.082011564241951829e-03 1.390148614527711656e-32
8.462614870559324529e-03 1.353770954081516120e-32
8.861141793494706903e-03 1.316593695429863760e-32
9.278436403573323346e-03 1.278737250094526793e-32
9.715382520834503835e-03 1.240321623603887592e-32
1.017290558674148644e-02 1.201465792698160394e-32
1.065197462424434180e-02 1.162301536101441965e-32
1.115360429014750597e-02 1.123112514902729453e-32
1.167885702412871374e-02 1.084768792210273960e-32
1.222884529896091192e-02 1.047383778954290594e-32
1.280473397670308343e-02 1.010948729006407343e-32
1.340774277585032523e-02 9.754537323700773340e-33
1.403914885466855077e-02 9.408894918428508893e-33
1.470028951618525953e-02 9.072456385241935728e-33
1.539256504056550276e-02 8.745112741283501329e-33
1.611744165087186306e-02 8.426750316600763225e-33
1.687645461848998052e-02 8.117341123764301425e-33
1.767121151479676341e-02 7.816914919089599379e-33
1.850339561595824162e-02 7.526082658010344251e-33
1.937476946806837574e-02 7.244845850976743973e-33
2.028717862017968485e-02 6.972935074083250880e-33
2.124255553313214931e-02 6.710084437700129294e-33
2.224292367245922150e-02 6.456040930504205255e-33
2.329040179403960020e-02 6.210554866898455120e-33
2.438720843157168514e-02 5.973382431642250923e-33
2.553566659537509151e-02 5.744285695537730075e-33
2.673820869247113194e-02 5.523077457381167854e-33
2.799738167836292660e-02 5.309578401436019064e-33
2.931585245142644125e-02 5.103011835096195306e-33
3.069641350133776175e-02 4.902827683505506749e-33
3.214198882349957043e-02 4.708906780679133105e-33
3.365564011199380368e-02 4.521128181502336895e-33
3.524057324417672471e-02 4.339374346730590330e-33
3.690014507065077221e-02 4.163525995687389092e-33
3.863787052499412233e-02 3.993463545525046346e-33
4.045743006830625904e-02 3.829067228138701346e-33
4.236267748433686364e-02 3.670236695894822981e-33
4.435764804170794912e-02 3.516874415224793206e-33
4.644656704051663976e-02 3.369047418951906639e-33
4.863385876142008873e-02 3.226911841043416125e-33
5.092415583615646224e-02 3.090274278093928145e-33
5.332230905934851051e-02 2.958941542060018992e-33
5.583339766237117169e-02 2.832729081992262716e-33
5.846274007104221987e-02 2.711457752872825018e-33
6.121590516992182762e-02 2.594954357237182849e-33
6.409872409707691177e-02 2.483051464300623308e-33
6.711730259429307677e-02 2.375595200738322619e-33
7.027803393888965022e-02 2.272438440530501088e-33
7.358761248452928838e-02 2.173570956565003168e-33
7.705304783969886551e-02 2.079328984335741781e-33
8.068167971389383908e-02 1.989526285210095147e-33
8.448119346294742649e-02 1.903937320168620574e-33
8.845963636643158767e-02 1.822350069726865139e-33
9.262543467160329336e-02 1.744563457532236661e-33
9.698741143999493886e-02 1.670387198342159983e-33
1.015548052344492080e-01 1.599641232450030809e-33
1.063372896861741329e-01 1.532158392892931509e-33
1.113449939832643343e-01 1.467781292989540549e-33
1.165885243240790958e-01 1.406305122044103657e-33
1.220789863809186443e-01 1.347147201735355504e-33
1.278280088215725252e-01 1.290130601692707354e-33
1.338477679385617625e-01 1.235194635662773972e-33
1.401510134382352446e-01 1.182280493364535270e-33
1.467510954443449755e-01 1.131329974206698141e-33
1.536619927732889579e-01 1.082285830602070315e-33
1.608983425409123147e-01 1.035091815904889642e-33
1.684754711635685631e-01 9.896939754102180150e-34
1.764094268191055415e-01 9.460396784826774092e-34
1.847170134365223593e-01 9.040825165772621074e-34
1.934158262862915312e-01 8.640445686685577970e-34
2.025242892467222777e-01 8.259722391345172169e-34
2.120616938252949668e-01 7.897602977894138088e-34
2.220482400176155557e-01 7.553102104451951067e-34
2.325050790905233977e-01 7.225288464001562875e-34
2.434543583799718691e-01 6.913283679687601339e-34
2.549192681985564812e-01 6.616259391209794423e-34
2.669240909520461114e-01 6.333439506247380881e-34
2.794942525689376733e-01 6.064093520439381320e-34
2.926563763519689498e-01 5.807524117429004852e-34
3.064383393656370802e-01 5.562189854451377632e-34
3.208693314791591367e-01 5.326569450219314995e-34
3.359799171899168213e-01 5.100304024742683723e-34
3.518021003583365336e-01 4.883053468040933920e-34
3.683693919912999770e-01 4.674486849765501604e-34
3.857168812176609562e-01 4.474283891638355827e-34
4.038813096061814045e-01 4.282134958127102355e-34
4.229011489833007786e-01 4.097742923167597286e-34
4.428166829155466555e-01 3.920821385345848239e-34
4.636700920291670913e-01 3.751090228437682155e-34
4.855055433476950788e-01 3.588129497520033382e-34
5.083692838366481448e-01 3.431321497954045794e-34
5.323097383535028149e-01 3.280461562760627322e-34
5.573776122103847319e-01 3.135373802636212021e-34
5.836259985667160421e-01 2.995883757391514692e-34
6.111104908792563961e-01 2.861819799529972132e-34
6.398893006477250900e-01 2.733013433292982863e-34
6.700233807053647128e-01 2.609300179940609660e-34
7.015765543155945139e-01 2.490519058537003011e-34
7.346156503481563460e-01 2.376510922928091271e-34
7.692106448210733749e-01 2.267270691604752039e-34
8.054348091081828809e-01 2.163478789891628551e-34
8.433648651261649309e-01 2.064976405272120066e-34
8.830811478297320161e-01 1.971470916724053263e-34
9.246677753591447946e-01 1.882686163795615221e-34
9.682128272004356662e-01 1.798362344033269608e-34
1.013808530735653468e+00 1.718255166735054417e-34
1.061551456578267771e+00 1.642135232659734379e-34
1.111542723107420416e+00 1.569786875205499345e-34
1.163888210634248743e+00 1.501006514982457475e-34
1.218698785653854699e+00 1.435595107172895406e-34
1.276090535657907088e+00 1.373243798278274650e-34
1.336185015005173726e+00 1.313752904109018596e-34
1.399109502370765368e+00 1.256985623528167772e-34
1.464997270319327249e+00 1.202811143616147020e-34
1.533987867573165076e+00 1.151105079832195927e-34
1.606227414573101031e+00 1.101749319390547104e-34
1.681868912958097262e+00 1.054631754673609091e-34
1.761072569619075212e+00 1.009645931104491787e-34
1.844006136013287556e+00 9.666906078240283092e-35
1.930845263457919403e+00 9.256691727450613185e-35
2.021773875155377542e+00 8.863189075649226972e-35
2.116984555738265161e+00 8.484390852125827320e-35
2.216678959159026796e+00 8.119857421151082918e-35
2.321068235788233292e+00 7.769150469524084811e-35
2.430373479626014355e+00 7.431839309016802779e-35
2.544826196573902077e+00 7.107502537956922791e-35
2.664668794758793258e+00 6.795729406474705292e-35
2.790155097947605078e+00 6.496119004362666009e-35
2.921550883139943711e+00 6.208277028067566032e-35
3.059134443477477650e+00 5.931818221582059099e-35
3.203197177662155948e+00 5.666686838254524934e-35
3.354044207131739785e+00 5.413037487405848719e-35
3.511995022299708946e+00 5.170406115339113817e-35
3.677384159228369143e+00 4.938328683576133331e-35
3.850561908168246728e+00 4.716360075874453716e-35
4.031895055464482347e+00 4.504074516825121254e-35
4.221767660401594568e+00 4.301064336725343147e-35
4.420581868631860090e+00 4.106939171504426080e-35
4.628758763910252760e+00 3.921325677095606644e-35
4.846739259939769617e+00 3.743866270909527110e-35
5.074985034216183521e+00 3.574412971661323226e-35
5.313979505849939500e+00 3.413365026300605733e-35
5.564228859436320285e+00 3.260355764196422527e-35
5.826263117142395309e+00 3.114949727190559684e-35
6.100637261281274704e+00 2.976736097902302992e-35
6.387932409751463148e+00 2.845328300157941253e-35
6.688757046830696495e+00 2.720362928988789233e-35
7.003748311931197179e+00 2.601498078606314991e-35
7.333573349045681589e+00 2.488410811032180831e-35
7.678930719742477429e+00 2.380796805567519909e-35
8.040551882702322573e+00 2.278309556525755890e-35
8.419202742930334438e+00 2.180080351140252629e-35
8.815685273924609433e+00 2.085790092475644390e-35
9.230839216236955025e+00 1.995295805509856892e-35
9.665543856023431246e+00 1.908458097128621188e-35
1.012071988735137218e+01 1.825142113340209909e-35
1.059733136220754623e+01 1.745217459518663487e-35
1.109638773233725040e+01 1.668558058558371955e-35
1.161894598723914385e+01 1.595041915423049654e-35
1.216611289284367281e+01 1.524551086903216510e-35
1.273904733561703395e+01 1.456973402802387457e-35
1.333896277705503763e+01 1.392230490425103636e-35
1.396712982376574175e+01 1.330228587311465555e-35
1.462487891858381595e+01 1.270859034515979571e-35
1.531360315841682507e+01 1.214016336322080505e-35
1.603476124479137965e+01 1.159598943711687223e-35
1.678988057334802164e+01 1.107509313117220105e-35
1.758056046882892076e+01 1.057653703768663525e-35
1.840847557240947907e+01 1.009941546053754718e-35
1.927537938854859334e+01 9.642856950785796236e-36
2.018310799886908669e+01 9.206074430162454237e-36
2.113358395093496966e+01 8.789297422834320346e-36
2.212882033016129313e+01 8.392045451207987767e-36
2.317092502348124938e+01 8.013379515681521109e-36
2.426210518380019465e+01 7.652400701169476775e-36
2.540467190469309955e+01 7.308255201141443311e-36
2.660104511524553317e+01 6.980133950614968820e-36
2.785375870540604026e+01 6.667269759802053891e-36
2.916546589270433287e+01 6.368929865626150621e-36
3.053894484170299961e+01 6.084417884898779939e-36
3.197710454808371949e+01 5.813085617214633462e-36
3.348299099983105265e+01 5.554577145028793264e-36
3.505979362856202641e+01 5.308395336341489776e-36
3.671085206466644735e+01 5.073921885179207715e-36
3.843966321056473134e+01 4.850566131551426316e-36
4.024988864706345026e+01 4.637769243114764628e-36
4.214536238849649408e+01 4.435002858278212390e-36
4.413009900307590527e+01 4.241767224036867947e-36
4.620830211565206014e+01 4.057588222202278648e-36
4.838437331089034643e+01 3.882016836220955199e-36
5.066292145572297301e+01 3.714587049895706991e-36
5.304877246081908737e+01 3.553918670854673576e-36
5.554697950174900001e+01 3.399377529970358580e-36
5.816283372148896547e+01 3.250773742548817140e-36
6.090187543693633643e+01 3.107917428161806136e-36
6.376990587316850423e+01 2.970623463462564878e-36
6.677299945029983519e+01 2.838712190639799525e-36
6.991751664895798513e+01 2.712009120353968356e-36
7.321011748163058996e+01 2.590342457324730500e-36
7.665777559841356492e+01 2.473544713872886797e-36
8.026779305703479395e+01 2.361470779463615908e-36
8.404781578843906686e+01 2.254395602364042491e-36
8.800584979068725033e+01 2.152300287556851618e-36
9.215027808547007737e+01 2.054949921371270851e-36
9.648987847314728583e+01 1.962117918947422213e-36
1.010338421239202660e+02 1.873589095363166646e-36
1.057917930445110812e+02 1.789159492066586897e-36
1.107738084615803018e+02 1.708635710299450539e-36
1.159904401650515382e+02 1.631833021575451324e-36
1.214527368565519794e+02 1.558575804828990842e-36
1.271722675502985282e+02 1.488696378370896521e-36
1.331611460759953900e+02 1.422005917588239360e-36
1.394320567356350296e+02 1.358354799286104108e-36
1.459982811685482886e+02 1.297603831369111850e-36
1.528737264816008974e+02 1.239618083671271041e-36
1.600729547041125613e+02 1.184269294086633965e-36
1.676112136298893063e+02 1.131435808653853384e-36
1.755044691116866034e+02 1.081002196959502403e-36
1.837694388765065128e+02 1.032857982484344711e-36
1.924236279333429707e+02 9.868980062344462471e-37
2.014853656483749660e+02 9.430197371580146644e-37
2.109738445661265871e+02 9.010517125764838084e-37
2.209091610588206436e+02 8.608866497283222956e-37
2.313123578900135158e+02 8.224512995051272927e-37
2.422054687826686461e+02 7.856736124701525335e-37
2.536115650860556059e+02 7.504846062773410206e-37
2.655548046403202420e+02 7.168183993235224936e-37
2.780604829422111948e+02 6.846120556102104472e-37
2.911550867203412167e+02 6.538048698209240698e-37
3.048663500334462242e+02 6.243386486528888641e-37
3.192233130104628458e+02 5.961599755005582120e-37
3.342563833568260634e+02 5.692812233461800087e-37
3.499974007572664050e+02 5.436766803338148886e-37
3.664797043115053157e+02 5.192841588247804288e-37
3.837382031456700133e+02 4.960434744613067665e-37
4.018094503489932094e+02 4.738976612563534528e-37
4.207317203923835223e+02 4.527928940988750087e-37
4.405450901928461462e+02 4.326783082933396763e-37
4.612915239954329536e+02 4.135054644307294294e-37
4.830149622525165114e+02 3.952284475393970874e-37
5.057614146886195954e+02 3.778018791268699485e-37
5.295790577479190233e+02 3.611215456928511447e-37
5.545183366308002633e+02 3.451304442809081674e-37
5.806320721355939440e+02 3.298029627634326747e-37
6.079755725317650104e+02 3.151135680502019447e-37
6.366067507015152387e+02 3.010377139588602454e-37
6.665862467978794257e+02 2.875518619028086010e-37
6.979775566791282699e+02 2.746334378084833722e-37
7.308471663914871215e+02 2.622605565513614389e-37
7.652646929849892103e+02 2.504121419438412540e-37
8.013030319607343017e+02 2.390684151844819248e-37
8.390385116618190295e+02 2.282254770431780247e-37
8.785510549349559142e+02 2.178714533976552153e-37
9.199243484051479527e+02 2.079846959457897235e-37
9.632460197219721749e+02 1.985440422995502968e-37
1.008607823152849846e+03 1.895293782880449016e-37
1.056105833916406255e+03 1.809216103682201759e-37
1.105840651667482007e+03 1.727026099528378179e-37
1.157917613564812427e+03 1.648550345203683492e-37
1.212447017372614937e+03 1.573623609515452195e-37
1.269544355068635468e+03 1.502092465816791969e-37
1.329330557453389247e+03 1.433943196959642912e-37
1.391932250278722449e+03 1.369091053283830810e-37
1.457482022438144668e+03 1.307370071228226727e-37
1.526118706786929351e+03 1.248619706644286004e-37
1.597987674186803588e+03 1.192688295630475879e-37
1.673241141397963020e+03 1.139432714254269574e-37
1.752038493470555068e+03 1.088717904494211381e-37
1.834546621318397683e+03 1.040415694314613328e-37
1.920940275189969952e+03 9.944048343222510998e-38
2.011402434785266905e+03 9.505675917932821345e-38
2.106124696802459312e+03 9.086670650670849929e-38
2.205307680735109898e+03 8.685609763241044654e-38
2.309161453779497606e+03 8.301770126088285610e-38
2.417905975751921233e+03 7.934433759423607726e-38
2.531771564958368799e+03 7.582911718922739331e-38
2.650999386003174095e+03 7.246543947860114708e-38
2.775841960569911862e+03 6.924698376203163651e-38
2.906563702256323722e+03 6.616766166430277179e-38
3.043441476595985478e+03 6.322163137405086986e-38
3.186765187452929240e+03 6.040323870038144229e-38
3.336838391031105857e+03 5.770449523639374278e-38
3.493978938799219577e+03 5.511974285447188759e-38
3.658519650692522646e+03 5.264461841097639440e-38
3.830809020017532930e+03 5.027477409329824559e-38
4.011211951552537357e+03 4.800602418586388481e-38
4.200110534407248451e+03 4.583434347937023598e-38
4.397904851278385649e+03 4.375586265317295869e-38
4.605013825815321070e+03 4.176684579810724772e-38
4.821876109890372391e+03 3.986369618920792005e-38
5.048951012653048565e+03 3.804301409483995624e-38
5.286719473335830116e+03 3.630413825326833067e-38
5.535685079872021561e+03 3.464513500045465164e-38
5.796375135483034683e+03 3.306236710020497984e-38
6.069341775493977366e+03 3.155229255761401917e-38
6.355163136743152791e+03 3.011154458326239112e-38
6.654444582062087648e+03 2.873692385576853412e-38
6.967819982419630833e+03 2.742538996429791136e-38
7.295953059445482722e+03 2.617404422156583290e-38
7.639538791176841187e+03 2.498012709391556877e-38
7.999304884005289750e+03 2.384107211561240125e-38
8.376013313941663000e+03 2.275737219001572362e-38
8.770461940462975690e+03 2.172797341802513429e-38
9.183486196359850510e+03 2.074997983763678924e-38
9.615960857163217952e+03 1.982061865285904006e-38
1.006880189389811494e+04 1.893728047180386824e-38
1.054296841308841249e+04 1.809750978065412178e-38
1.103946468812158673e+04 1.729899552071462245e-38
1.155934228627584707e+04 1.653955765940616395e-38
1.210370229591455609e+04 1.581714144725777241e-38
1.267369765856514823e+04 1.512972586298283057e-38
1.327053561082174565e+04 1.447067703022379953e-38
1.389548024124372023e+04 1.383627686349911989e-38
1.454985516766480941e+04 1.322582689143330222e-38
1.523504634058435295e+04 1.263861427447994577e-38
1.595250497857738083e+04 1.207393994086819589e-38
1.670375064194095830e+04 1.153111904510345165e-38
1.749037445108668544e+04 1.100948111612358165e-38
1.831404245649580844e+04 1.050836747408591459e-38
1.917649916737436433e+04 1.002713270835174209e-38
2.007957124648240642e+04 9.565194136483753140e-39
2.102517137896173153e+04 9.124960783217963639e-39
2.201530232335774781e+04 8.707172236872962496e-39
2.305206115341426266e+04 8.310605904965577218e-39
2.413764369962568526e+04 7.934097855381408200e-39
2.527434919995370001e+04 7.576552890430444755e-39
2.646458516955835512e+04 7.236940581121871182e-39
2.771087249985823655e+04 6.914291405370283889e-39
2.901585079771776145e+04 6.607691252095587675e-39
3.038228397607204533e+04 6.316278953934627717e-39
3.181306610782852658e+04 6.039221016993535791e-39
3.331122755544439860e+04 5.774216826456127882e-39
3.487994138916210795e+04 5.519858703347734277e-39
3.652253010749645182e+04 5.275771213312582617e-39
3.824247267420717253e+04 5.041583658366732918e-39
4.004341188666183734e+04 4.816936990012045927e-39
4.192916209119296400e+04 4.601483799417746068e-39
4.390371726179328107e+04 4.394888186327889924e-39
4.597125945925724955e+04 4.196824060499963220e-39
4.813616768868621875e+04 4.006975710525973457e-39
5.040302717411684716e+04 3.825045035583363669e-39
5.277663906991633121e+04 3.651300629682037095e-39
5.526203062951295578e+04 3.485727573815160552e-39
5.786446585299879371e+04 3.327932102200742243e-39
6.058945663615739613e+04 3.177537061014802080e-39
6.344277444452632335e+04 3.034184177139585494e-39
6.643046253722449183e+04 2.897533355853969827e-39
6.955884876643079042e+04 2.767261934649236384e-39
7.283455897962416930e+04 2.643062535865442126e-39
7.626453105297066213e+04 2.524643015785506457e-39
7.985602958557981765e+04 2.411723982262169307e-39
8.361666128575213952e+04 2.303887754541331169e-39
8.755439108180729090e+04 2.200811643523258292e-39
9.167755899161050911e+04 2.102289242541517392e-39
9.599489778653297981e+04 2.008121891114972268e-39
1.005155514872531348e+05 1.918119589619329410e-39
1.052490947305746231e+05 1.832100870154889175e-39
1.102055530482787581e+05 1.749892614012630655e-39
1.153954241009615216e+05 1.671328470714462763e-39
1.208296999118303793e+05 1.596249267045442132e-39
1.265198901475446910e+05 1.524503465631574324e-39
1.324780464954172203e+05 1.456014999317385507e-39
1.387167881886002433e+05 1.390679471553766734e-39
1.452493287333205808e+05 1.328348297229009886e-39
1.520895038947708963e+05 1.268879970526171300e-39
1.592518010009306890e+05 1.212140021703419418e-39
1.667513896263809584e+05 1.158000881567801293e-39
1.746041537211043760e+05 1.106341718951454685e-39
1.828267252523087664e+05 1.057046880886121785e-39
1.914365194305400655e+05 1.010006305798364048e-39
2.004517715946823300e+05 9.651144060536689645e-40
2.098915758339711756e+05 9.221738394266068774e-40
2.197759254288195807e+05 8.810369386874406049e-40
2.301257551961083373e+05 8.416319961155503472e-40
2.409629858286332164e+05 8.038904402041055692e-40
2.523105703226042097e+05 7.677465781617116758e-40
2.641925425915481756e+05 7.331376751879094411e-40
2.766340683695640764e+05 7.000040149378005352e-40
2.896614985117480392e+05 6.682875307074764948e-40
3.033024248046763241e+05 6.379324033364874031e-40
3.175857384051519912e+05 6.088858915788356001e-40
3.325416910309849773e+05 5.812111891823044600e-40
3.482019590334147797e+05 5.549174548719900572e-40
3.645997104868597235e+05 5.299296427446098483e-40
3.817696754381131032e+05 5.061775292827685111e-40
3.997482194637536304e+05 4.835951135546236266e-40
4.185734206915696268e+05 4.621205683135460046e-40
4.382851504491266096e+05 4.416962018855065836e-40
4.589251577102866722e+05 4.222669678717270442e-40
4.805371575185477850e+05 4.037809682868749545e-40
5.031669235744529869e+05 3.861888127854485696e-40
5.268623851832046639e+05 3.693709326785499648e-40
5.516737287677887361e+05 3.532412207303037976e-40
5.776535041626229649e+05 3.377730591446935036e-40
6.048567359128533863e+05 3.229411678944427570e-40
6.333410398150297115e+05 3.087211831177312625e-40
6.631667449459870113e+05 2.950898592691220678e-40
6.943970214384028222e+05 2.820252808194408034e-40
7.270980142736174166e+05 2.695055622237407206e-40
7.613389833751381375e+05 2.575095536427561375e-40
7.971924502995039802e+05 2.460170550477941835e-40
8.347343518352146493e+05 2.350410996322440149e-40
8.740442008350383257e+05 2.245805820644228767e-40
9.152052546223389218e+05 2.146098383999034229e-40
9.583046913280995796e+05 2.051049292264501807e-40
1.003433794532141183e+06 1.960431335729417505e-40
1.050688146599546308e+06 1.874031202740784003e-40
1.100167831121845869e+06 1.791651510501289644e-40
1.151977644891677191e+06 1.713097179251343932e-40
1.206227319859892363e+06 1.638182369028279448e-40
1.263031755545216613e+06 1.566729833687717759e-40
1.322511262388684088e+06 1.498404252816240669e-40
1.384791816568306880e+06 1.432935647942309297e-40
1.450005326813585125e+06 1.370205645074174130e-40
1.518289913785075070e+06 1.310105095660510801e-40
1.589790202610649401e+06 1.252529155901775224e-40
1.664657629198072944e+06 1.197379479460010133e-40
1.743050760972645832e+06 1.144566916045628474e-40
1.825135632719230838e+06 1.093997787022282789e-40
1.911086098239963641e+06 1.045581408669910318e-40
2.001084198572493624e+06 9.992315152519620067e-41
2.095320547548516653e+06 9.550956905172439983e-41
2.193994735509359278e+06 9.132246730144541884e-41
2.297315752033555880e+06 8.734856950588716313e-41
2.405502428571797442e+06 8.357590457503058159e-41
2.518783901926728431e+06 7.999324741577011225e-41
2.637400099559221882e+06 7.659031193454594148e-41
2.761602247749068309e+06 7.335802171129562681e-41
2.891653403686184436e+06 7.028703363692118400e-41
3.027829012619515881e+06 6.736849914930358561e-41
3.170417491243497003e+06 6.459406005869967814e-41
3.319720838557738345e+06 6.194074357578287202e-41
3.476055275493711233e+06 5.939018919485001405e-41
3.639751914663142059e+06 5.693817483080988285e-41
3.811157461646620184e+06 5.458115289423725074e-41
3.990634949307814240e+06 5.231570213105772777e-41
4.178564506688336376e+06 5.013878052772153040e-41
4.375344164112051949e+06 4.804808244962937673e-41
4.581390696203806438e+06 4.604047429337658588e-41
4.797140504608145915e+06 4.411285106449627314e-41
5.023050542277603410e+06 4.226224268096676622e-41
5.259599281288139522e+06 4.049549430300718415e-41
5.507287726231678389e+06 3.881515959970102292e-41
5.766640475331773981e+06 3.721604889177584722e-41
6.038206831530222669e+06 3.569383711379857695e-41
6.322561965897585265e+06 3.424444974037018344e-41
6.620308135831809603e+06 3.286432628342785673e-41
6.932075960625039414e+06 3.155082766313235639e-41
7.258525757100256160e+06 3.030048739619791177e-41
7.600348938146533445e+06 2.910994196064059832e-41
7.958269477115186863e+06 2.797604891019956044e-41
8.333045441177896224e+06 2.691262389285984546e-41
8.725470596895026043e+06 2.592746374179876766e-41
9.136376091394256800e+06 2.501428685749253361e-41
9.566632212720394135e+06 2.416804583435396202e-41
1.001715023308470473e+07 2.338419022321336958e-41
1.048888433891770244e+07 2.264577863071025740e-41
1.098283365181343630e+07 2.184244327950000500e-41
1.150004434464496188e+07 2.108133314811658537e-41
1.204161185733373091e+07 2.039351480928765608e-41
1.260868321696518362e+07 1.972542505276837696e-41
1.320245946716478840e+07 1.907268219966218800e-41
1.382419821187981777e+07 1.848570854258985753e-41
1.447521627895453200e+07 1.791841668530898790e-41
1.515689250914012082e+07 1.735657245700513269e-41
1.587067067644678429e+07 1.680735619535381111e-41
1.661806254602232948e+07 1.624068661212817366e-41
1.740065107603495568e+07 1.578628433289638558e-41
1.822009377034087107e+07 1.534448287846563118e-41
1.907812618903797120e+07 1.488727524612897182e-41
1.997656562434075400e+07 1.447500161558802891e-41
2.091731494956183061e+07 1.411038102423221520e-41
2.190236664935260266e+07 1.374499076516928947e-41
2.293380703973776847e+07 1.340320299499005001e-41
2.401382068688326702e+07 1.311106658742707709e-41
2.514469503395527229e+07 1.286744430340745064e-41
2.632882524587031081e+07 1.264048013401149973e-41
2.756871928219747916e+07 1.242513835336684439e-41
2.886700320895702392e+07 1.224966399350991602e-41
3.022642676056549326e+07 1.211544273953946221e-41
3.164986916370816529e+07 1.198070187803786823e-41
3.314034523547182977e+07 1.180447494797498110e-41
3.470101176865602285e+07 1.171442562640038284e-41
3.633517421778482199e+07 1.163798282598163560e-41
3.804629369998072088e+07 1.157201773551745746e-41
3.983799432552827150e+07 1.152189959416316630e-41
4.171407087365306914e+07 1.151486051374243546e-41
4.367849682977443933e+07 1.155699306915474186e-41
4.573543280125182122e+07 1.164882558569077568e-41
4.788923532945267111e+07 1.179156888604364593e-41
5.014446611680312455e+07 1.198577017843194240e-41
5.250590168836498260e+07 1.222393253681805691e-41
5.497854350840195268e+07 1.250383086192686682e-41
5.756762857336182892e+07 1.283112019200433951e-41
6.027864050370983034e+07 1.321328387239565638e-41
6.311732115810712427e+07 1.366719844630818131e-41
6.608968279452910274e+07 1.441692082646504216e-41
6.920202080408552289e+07 1.562492115326597420e-41
7.246092704450854659e+07 1.741900647575239678e-41
7.587330380155038834e+07 2.001037052675104471e-41
7.944637840785995126e+07 2.374429495049887604e-41
8.318771855030092597e+07 2.919644664462164109e-41
8.710524829813344777e+07 3.738285169449108289e-41
9.120726488600201905e+07 5.033012563439585237e-41
9.550245628728203475e+07 7.372547403102587844e-41
9.999991961499999464e+07 7.412798063106762246e-41
