5.109905999999998913e-04 5.194625606190178512e-33
5.350496206392559235e-04 6.234701415532046446e-33
5.602414145117570092e-04 7.362950591210901369e-33
5.866193160909725446e-04 8.530920003789908636e-33
6.142391710026257274e-04 9.695533415190686987e-33
6.431594542575264778e-04 1.077412462627245536e-32
6.734413940511627854e-04 1.165636668508740524e-32
7.051491013921711015e-04 1.238792226560942290e-32
7.383497058341053710e-04 1.299550767727427772e-32
7.731134975978898359e-04 1.348404435302213922e-32
8.095140763858256179e-04 1.387549758879438419e-32
8.476285072022336732e-04 1.421286408270824660e-32
8.875374835106037167e-04 1.444854272785209822e-32
9.293254980727011895e-04 1.458452067136344066e-32
9.730810218312938150e-04 1.474353235336017767e-32
1.018896691215246102e-03 1.488175719935909939e-32
1.066869504263502936e-03 1.491575873536639214e-32
1.117101025983214613e-03 1.491196221859061810e-32
1.169697603376739121e-03 1.489346755932876189e-32
1.224770590592803854e-03 1.484202418511267318e-32
1.282436584678458939e-03 1.474516362764764411e-32
1.342817672430985081e-03 1.459285183164147133e-32
1.406041688872332459e-03 1.442957274566783415e-32
1.472242487893359085e-03 1.426227317378186706e-32
1.541560225640814822e-03 1.405742818522573573e-32
1.614141657247088061e-03 1.381824412925985569e-32
1.690140447530881192e-03 1.355148086559869343e-32
1.769717496326664958e-03 1.325589197051801227e-32
1.853041279131621829e-03 1.293904576260020980e-32
1.940288203791333934e-03 1.262403150842021201e-32
2.031642983979304890e-03 1.230873818015232823e-32
2.127299030261091406e-03 1.199167353948614991e-32
2.227458859570905642e-03 1.170047271828837331e-32
2.332334523967687090e-03 1.142271445146335916e-32
2.442148059578296612e-03 1.110058220924885694e-32
2.557131956678386064e-03 1.077605608459098948e-32
2.677529651906096920e-03 1.048333936020664780e-32
2.803596043650736884e-03 1.018217628923647942e-32
2.935598031707518756e-03 9.863242714874929834e-33
3.073815082340956243e-03 9.527620305091891346e-33
3.218539819953146475e-03 9.209691216216916424e-33
3.370078646609683641e-03 8.927371920450474719e-33
3.528752390734715434e-03 8.617323514447554808e-33
3.694896986348627371e-03 8.288193473048667268e-33
3.868864184286288990e-03 7.991070303973580508e-33
4.051022296901711159e-03 7.706007356897576761e-33
4.241756977835650297e-03 7.419431242329700210e-33
4.441472038497149173e-03 7.140302315751803107e-33
4.650590302987496656e-03 6.870588691238501947e-33
4.869554503276694521e-03 6.610494667872337131e-33
5.098828216527609772e-03 6.347519075818668696e-33
5.338896846552229451e-03 6.078554833753784203e-33
5.590268651477914817e-03 5.830742745371390378e-33
5.853475819799386706e-03 5.599334682656678963e-33
6.129075597094577228e-03 5.366808895160288674e-33
6.417651465789733084e-03 5.138612908946940162e-33
6.719814380471502563e-03 4.917741783734633540e-33
7.036204061361384619e-03 4.702558303438762918e-33
7.367490348690949355e-03 4.495433385052991887e-33
7.714374620845221124e-03 4.300702630403257598e-33
8.077591279276643763e-03 4.112522778460414555e-33
8.457909303333420448e-03 3.927827516984564563e-33
8.856133878293995232e-03 3.745581319188453438e-33
9.273108100054413064e-03 3.568311156196153768e-33
9.709714760077632276e-03 3.399875529905137743e-33
1.016687821438382044e-02 3.238045541916467440e-33
1.064556634053850752e-02 3.081779878001418924e-33
1.114679258678174904e-02 2.931051312314139794e-33
1.167161811763668851e-02 2.786087114005182701e-33
1.222115406054000673e-02 2.647229288659670248e-33
1.279656385825068098e-02 2.514303213106450821e-33
1.339906573201745180e-02 2.387105857625540043e-33
1.402993526071984187e-02 2.265477677731004707e-33
1.469050808144311930e-02 2.149237189723850198e-33
1.538218271720470307e-02 2.038193744332200322e-33
1.610642353781868361e-02 1.932166087481211356e-33
1.686476386016702578e-02 1.830982235829818393e-33
1.765880919444114475e-02 1.734477177515261955e-33
1.849024064322657770e-02 1.642592378309060278e-33
1.936081846062711817e-02 1.555311794872985345e-33
2.027238577896352603e-02 1.472423717627405535e-33
2.122687251093674857e-02 1.393706212109539907e-33
2.222629943551711687e-02 1.318982958055393502e-33
2.327278247620980997e-02 1.248229116577053203e-33
2.436853718075435507e-02 1.181503256780089309e-33
2.551588341174224409e-02 1.118567270076763059e-33
2.671725025808334777e-02 1.059198593764740747e-33
2.797518117771941731e-02 1.003190412498614338e-33
2.929233938247243971e-02 9.503138466156279269e-34
3.067151347642834910e-02 9.003376662959520441e-34
3.211562335979332300e-02 8.530953699303278663e-34
3.362772641072191149e-02 8.084168258143136539e-34
3.521102395820478737e-02 7.661702634354000378e-34
3.686886805972010989e-02 7.261795605179299497e-34
3.860476859799772537e-02 6.882524158535573998e-34
4.042240071192099160e-02 6.522838646214928021e-34
4.232561257729852006e-02 6.181745210069825410e-34
4.431843355397865197e-02 5.858295308496405561e-34
4.640508271655553046e-02 5.551471297595652777e-34
4.858997778672703022e-02 5.260215953272069746e-34
5.087774448621591034e-02 4.983779263109796741e-34
5.327322633005537184e-02 4.721332850222671138e-34
5.578149488097305236e-02 4.472310211505939627e-34
5.840786048658273139e-02 4.237680368190487665e-34
6.115788352211699863e-02 4.019395990454024984e-34
6.403738616250176374e-02 3.816167504322563350e-34
6.705246470869738462e-02 3.626762025876580569e-34
7.020950249440127688e-02 3.450065048353578432e-34
7.351518340043886046e-02 3.284390363126762286e-34
7.697650600545313804e-02 3.127697654302870339e-34
8.060079840285341857e-02 2.979408385829807966e-34
8.439573371539089985e-02 2.838924921828087616e-34
8.836934634020972290e-02 2.705859219445421951e-34
9.253004895876398850e-02 2.579682607786421691e-34
9.688665034761589911e-02 2.459817217998139542e-34
1.014483740278198237e-01 2.345918389180060757e-34
1.062248777923788523e-01 2.237672380694981086e-34
1.112262741531127586e-01 2.134786509881604935e-34
1.164631517502295738e-01 2.037153988346054740e-34
1.219465977699244752e-01 1.944805898108663855e-34
1.276882214174703545e-01 1.857415580280811816e-34
1.337001784954924277e-01 1.774604742601775854e-34
1.399951971394660377e-01 1.696148106594167865e-34
1.465866047649194981e-01 1.621614837421328257e-34
1.534883562833968540e-01 1.550449144993570133e-34
1.607150636469132088e-01 1.482482572244962488e-34
1.682820267834570505e-01 1.417568125054389741e-34
1.762052659890293860e-01 1.355567502551225979e-34
1.845015558448029613e-01 1.296155911880139098e-34
1.931884607312039093e-01 1.238860715470700196e-34
2.022843720141081769e-01 1.183626822327225688e-34
2.118085469818793143e-01 1.130362103570337469e-34
2.217811496156806839e-01 1.079066726914091148e-34
2.322232932793832638e-01 1.030053208632634395e-34
2.431570854194432807e-01 9.839188162572660310e-35
2.546056743693920765e-01 9.404857615167053381e-35
2.665932983580227011e-01 8.995708198069888755e-35
2.791453368250375600e-01 8.610069507802732536e-35
2.922883641527916909e-01 8.245417962484159073e-35
3.060502059278975007e-01 7.898480910378242997e-35
3.204599978517952419e-01 7.568227713191590742e-35
3.355482474250208180e-01 7.253422881080146167e-35
3.513468985357546259e-01 6.953537994536913525e-35
3.678893990894053223e-01 6.666229270102838991e-35
3.852107718223974353e-01 6.387637651223481104e-35
4.033476884500982185e-01 6.117586636012294442e-35
4.223385473058519080e-01 5.856030429998109244e-35
4.422235546355069991e-01 5.602921550851600266e-35
4.630448097195350998e-01 5.358439437402498871e-35
4.848463940029694164e-01 5.122972769737890600e-35
5.076744644218499358e-01 4.896279862614578159e-35
5.315773511237745774e-01 4.677875842105737547e-35
5.566056597894283309e-01 4.467745157025472914e-35
5.828123787717355286e-01 4.266820173424459704e-35
6.102529912794465439e-01 4.077072751664576487e-35
6.389855928426845244e-01 3.897867699245009136e-35
6.690710143091244122e-01 3.728535397971928430e-35
7.005729506312233790e-01 3.568460568905780874e-35
7.335580957171421446e-01 3.416647539277179610e-35
7.680962836308768971e-01 3.271710714990785045e-35
8.042606364405189279e-01 3.133286051873059608e-35
8.421277190276811320e-01 3.000907154561911553e-35
8.817777011858188851e-01 2.874421104084032245e-35
9.232945273506549810e-01 2.753234743458710860e-35
9.667660943220258707e-01 2.636372008712517287e-35
1.012284437353436761e+00 2.523690927472817121e-35
1.059945925003275002e+00 2.415090687868637613e-35
1.109851463160237417e+00 2.310475697097461190e-35
1.162106708674890632e+00 2.209737443282473794e-35
1.216822293049685477e+00 2.112768429243119984e-35
1.274114056660970107e+00 2.019470528993640172e-35
1.334103294008922136e+00 1.930052015840445651e-35
1.396917010514586499e+00 1.844669467301002643e-35
1.462688191407734317e+00 1.763154223103416329e-35
1.531556083274774327e+00 1.685326222471429393e-35
1.603666488862833805e+00 1.611014096020033465e-35
1.679172075764105987e+00 1.540057216009628536e-35
1.758232699634038054e+00 1.472304343155875586e-35
1.841015742627606144e+00 1.407606875247372090e-35
1.927696467770246169e+00 1.345823250565538156e-35
2.018458390013638137e+00 1.286818691612177881e-35
2.113493664761974866e+00 1.230377633900531628e-35
2.213003494691221817e+00 1.176412507006747030e-35
2.317198555722719711e+00 1.124826646379876312e-35
2.426299443052909233e+00 1.075514500259984605e-35
2.540537138183553978e+00 1.028375354132387897e-35
2.660153497941156076e+00 9.833148557605541913e-36
2.785401766520960276e+00 9.402442215810007833e-36
2.916547111639532730e+00 8.990753113998455144e-36
3.053867185931110395e+00 8.597239133511590063e-36
3.197652714776184180e+00 8.221096319555703611e-36
3.348208111806918019e+00 7.860959409890097903e-36
3.505852123392428688e+00 7.515962099723848769e-36
3.670918503468453498e+00 7.185542896754467773e-36
3.843756720140099059e+00 6.869107463619460779e-36
4.024732695553594475e+00 6.566086013317196184e-36
4.214229580603558567e+00 6.275944712232742152e-36
4.412648566115820792e+00 5.998181281892596214e-36
4.620409732223306420e+00 5.732288972116150742e-36
4.837952937733108527e+00 5.477781116993086533e-36
5.065738751367781845e+00 5.234190863209189540e-36
5.304249426852289062e+00 5.000915607467223850e-36
5.553989923911134774e+00 4.778361663679224125e-36
5.815488977337167853e+00 4.566187251540557680e-36
6.089300216395415966e+00 4.363886589000952269e-36
6.376003336932035914e+00 4.170979793772787032e-36
6.676205328669671424e+00 3.987016478155703358e-36
6.990541760287744211e+00 3.811573400752834590e-36
7.319678125008230118e+00 3.644238652298730883e-36
7.664311249535920467e+00 3.484620940817352016e-36
8.025170769335819188e+00 3.332348771634374029e-36
8.403020673371253579e+00 3.186901901919773651e-36
8.798660921572940552e+00 3.047720287994303231e-36
9.212929138463689327e+00 2.914430410019762362e-36
9.646702386524015793e+00 2.786791264571931566e-36
1.010089902305342946e+01 2.664571354936523098e-36
1.057648064445835878e+01 2.547550835921398607e-36
1.107445412208340407e+01 2.435520806296712034e-36
1.159587373389562259e+01 2.328275350717029001e-36
1.214184339653522393e+01 2.225616609910480699e-36
1.271351900245801048e+01 2.127354632961362081e-36
1.331211086711795311e+01 2.033217073998739027e-36
1.393888629137046919e+01 1.943018947905962275e-36
1.459517224452172357e+01 1.856552171985309180e-36
1.528235817370405414e+01 1.773675551434050042e-36
1.600189894552576675e+01 1.694252696346488778e-36
1.675531792622264149e+01 1.618154292984923716e-36
1.754421020683268395e+01 1.545257768416095250e-36
1.837024598022190958e+01 1.475439477051818758e-36
1.923517407711128158e+01 1.408579916707581439e-36
2.014082566859044121e+01 1.344563775285936761e-36
2.108911814295745302e+01 1.283231428172574401e-36
2.208205916509193045e+01 1.224616659691964712e-36
2.312175092695644807e+01 1.168821334049289883e-36
2.421039459822431184e+01 1.115709684162506125e-36
2.535029498645694090e+01 1.065146163368720724e-36
2.654386541669651933e+01 1.017001925290830743e-36
2.779363284080553242e+01 9.711544162618962919e-37
2.910224318736930371e+01 9.274888042432698043e-37
3.047246696348882367e+01 8.858963645412935507e-37
3.190720512032303446e+01 8.462740917280124292e-37
3.340949519479956820e+01 8.084956824883647782e-37
3.498251774049568752e+01 7.724785450916043896e-37
3.662960306130539578e+01 7.380860716071286903e-37
3.835423826214799448e+01 7.052366992370755948e-37
4.016007463164664415e+01 6.738604909222061976e-37
4.205093537240552592e+01 6.438914345223956246e-37
4.403082369525284889e+01 6.152673260255749374e-37
4.610393129458540784e+01 5.879272452644727363e-37
4.827464722275951914e+01 5.618130261007206117e-37
5.054756718231483603e+01 5.368691868478866416e-37
5.292750325570546011e+01 5.130276185718438705e-37
5.541949409313627939e+01 4.902475059290634534e-37
5.802881558007528895e+01 4.684574262331733442e-37
6.076099200702439873e+01 4.476070924942754468e-37
6.362180776519822700e+01 4.276572892400581903e-37
6.661731959287106974e+01 4.085704386557623165e-37
6.975386939832104360e+01 3.903105456506156796e-37
7.303809768651696288e+01 3.728429398454229788e-37
7.647695761797533009e+01 3.561343508205281652e-37
8.007772972955298485e+01 3.401528586804609725e-37
8.384803734833899114e+01 3.248601150421705592e-37
8.779586273128113305e+01 3.102328855498934404e-37
9.192956396471504377e+01 2.962593788920466291e-37
9.625789265957719465e+01 2.829193773739501306e-37
1.007900124797617565e+02 2.701840087220994778e-37
1.055355185428508094e+02 2.580257902682395533e-37
1.105044577342898862e+02 2.464185772286202644e-37
1.157073499780200336e+02 2.353372889089102025e-37
1.211552105085948341e+02 2.247579924038895034e-37
1.268595731919392051e+02 2.146578548268956575e-37
1.328325149441201631e+02 2.050113880644435280e-37
1.390866812998315822e+02 1.958006245098081034e-37
1.456353131847198483e+02 1.870071162474174102e-37
1.524922749482352060e+02 1.786118752800742867e-37
1.596720837163546207e+02 1.705965767987273496e-37
1.671899401263251832e+02 1.629438139031123882e-37
1.750617605084909769e+02 1.556370570568356332e-37
1.833042105833424102e+02 1.486605154982660321e-37
1.919347407451243441e+02 1.419991538607004695e-37
2.009716230067101606e+02 1.356386545461097944e-37
2.104339896839506139e+02 1.295635759406212478e-37
2.203418739014044263e+02 1.237622679706932387e-37
2.307162520052014543e+02 1.182222338912093127e-37
2.415790879728392042e+02 1.129291842764409465e-37
2.529533799139258861e+02 1.078719256590914695e-37
2.648632087603251080e+02 1.030399926668093392e-37
2.773337892487804197e+02 9.842341219659486903e-38
2.903915233039652435e+02 9.401261304553821137e-38
3.040640559349665182e+02 8.979844965112144532e-38
3.183803337635516755e+02 8.577218499350232149e-38
3.333706663081235320e+02 8.192479423459830066e-38
3.490667901531208486e+02 7.824879652287820616e-38
3.655019361397057196e+02 7.473742272836751118e-38
3.827108997200012936e+02 7.138785299619064305e-38
4.007301146238204979e+02 6.819339230589405134e-38
4.195977299938600140e+02 6.514665001937788451e-38
4.393536911526504127e+02 6.224061232270648125e-38
4.600398241722698458e+02 5.946858795871652603e-38
4.816999244258558974e+02 5.682421305187468737e-38
5.043798493084064489e+02 5.430143567028476955e-38
5.281276153231540320e+02 5.189421844955205444e-38
5.529934997390730587e+02 4.959728699059432812e-38
5.790301470347307031e+02 4.740530756634122169e-38
6.062926803538556442e+02 4.530595806525709804e-38
6.348388182085694780e+02 4.329211778388037433e-38
6.647289966773734022e+02 4.136066737870060160e-38
6.960264973565883793e+02 3.950860451768222930e-38
7.287975813361583732e+02 3.773299790381565582e-38
7.631116294834355358e+02 3.603101083477003604e-38
7.990412893319702334e+02 3.439989986898265947e-38
8.366626288862695446e+02 3.283695706370880840e-38
8.760552976681775590e+02 3.133965504671160209e-38
9.173026953458016806e+02 2.990553655201033022e-38
9.604921483020210644e+02 2.853679002437837011e-38
1.005715094516376212e+03 2.723525757779594315e-38
1.053067277151791131e+03 2.599744145992233367e-38
1.102648947255936719e+03 2.482005124463875318e-38
1.154565076006416803e+03 2.369995808269836684e-38
1.208925576949099423e+03 2.263420595951745820e-38
1.265845538700141788e+03 2.162000264660280094e-38
1.325445468604326834e+03 2.065474724764145446e-38
1.387851547865587463e+03 1.973592090438962190e-38
1.453195898689889646e+03 1.886114955762094338e-38
1.521616864006005926e+03 1.802694743878977361e-38
1.593259300356422727e+03 1.722841139579321877e-38
1.668274884578443334e+03 1.646394423512037766e-38
1.746822434924818026e+03 1.573216864441120556e-38
1.829068247303696580e+03 1.503174005528934575e-38
1.915186447349819673e+03 1.436136670444433958e-38
2.005359359072288953e+03 1.371980896647095644e-38
2.099777890859457329e+03 1.310594897012448911e-38
2.198641939658084539e+03 1.251859780284307362e-38
2.302160814182525883e+03 1.195662631017276468e-38
2.410553678049889641e+03 1.141922734711296730e-38
2.524050013779421988e+03 1.090664058662845533e-38
2.642890108638372567e+03 1.041788567969497964e-38
2.767325563363014680e+03 9.951840390156775455e-39
2.897619824831796905e+03 9.507416257181140110e-39
3.034048743818455023e+03 9.083577188735798682e-39
3.176901159005809404e+03 8.679338334320287574e-39
3.326479508496775907e+03 8.293860218757040457e-39
3.483100470117174154e+03 7.926191097365573697e-39
3.647095631866038730e+03 7.575437722947144680e-39
3.818812193932744776e+03 7.240767723952852680e-39
3.998613703767313837e+03 6.920977449367768299e-39
4.186880825760061271e+03 6.615259778415728546e-39
4.384012147160228778e+03 6.323020039963605634e-39
4.590425021939675389e+03 6.043666369013208761e-39
4.806556454388347447e+03 5.776631255561036319e-39
5.032864024312090805e+03 5.521372223271108058e-39
5.269826855791751768e+03 5.277467587609374456e-39
5.517946631554351370e+03 5.044361910959911977e-39
5.777748655104064710e+03 4.821532238359090399e-39
6.049782962861543638e+03 4.608527038164605545e-39
6.334625488666327328e+03 4.405062801621827363e-39
6.632879283107509764e+03 4.210823339991318334e-39
6.945175790264354873e+03 4.025402660231204775e-39
7.272176184559724788e+03 3.848391372668852784e-39
7.614572770556852447e+03 3.679397887326104299e-39
7.973090448662750532e+03 3.518049352422555346e-39
8.348488249841551806e+03 3.364092656840356384e-39
8.741560942586818783e+03 3.217129049767674887e-39
9.153140715555255156e+03 3.076782612075296621e-39
9.584098939423860429e+03 2.942747493860997946e-39
1.003534801170088576e+04 2.814712469092566386e-39
1.050784328839601767e+04 2.692375111414560716e-39
1.100258510664001915e+04 2.575498585612773444e-39
1.152062090253490351e+04 2.463834474630737379e-39
1.206304742871980307e+04 2.357144177471767467e-39
1.263101307634600198e+04 2.255200397549516589e-39
1.322572030637821808e+04 2.157892111959693052e-39
1.384842819536910611e+04 2.064952629425956127e-39
1.450045510109623137e+04 1.976127094212414847e-39
1.518318145370595630e+04 1.891228941476595704e-39
1.589805267827307944e+04 1.810100099609751876e-39
1.664658225496299201e+04 1.732649477735396947e-39
1.743035492327672546e+04 1.658733895181700040e-39
1.825103003716078092e+04 1.588185139796283637e-39
1.911034507808658600e+04 1.520841335818210559e-39
2.001011933353668792e+04 1.456548786272597657e-39
2.095225774868472581e+04 1.395271685475551885e-39
2.193875495942516136e+04 1.336811206547864942e-39
2.297169951529057653e+04 1.280972363039868979e-39
2.405327830119617647e+04 1.227630906188832253e-39
2.518578116737455275e+04 1.176674753015700092e-39
2.637160577730213845e+04 1.128054769413289088e-39
2.761326268388004974e+04 1.081695633347033299e-39
2.891338064461882095e+04 1.037485639417799215e-39
3.027471218707687149e+04 9.953167238262356302e-40
3.170013943633814415e+04 9.550866656302897609e-40
3.319268021686555585e+04 9.168172112367758941e-40
3.475549444164739543e+04 8.803554232836146117e-40
3.639189080216574075e+04 8.455437732059274492e-40
3.810533377334930992e+04 8.123010522753748564e-40
3.989945094833978510e+04 7.805480776570107448e-40
4.177804071860387194e+04 7.501111972013566655e-40
4.374508031564654084e+04 7.209008934677020811e-40
4.580473423135453777e+04 6.928685890989840554e-40
4.796136303479596972e+04 6.659664171312292853e-40
5.021953260414036049e+04 6.401495865478818818e-40
5.258402379324779031e+04 6.156694478230614849e-40
5.505984255339113588e+04 5.936526498782329472e-40
5.765223053153838555e+04 5.724488777827636580e-40
6.036667616763684055e+04 5.520362041981999839e-40
6.320892631439196703e+04 5.329860776546035943e-40
6.618499840413921629e+04 5.137120314253098744e-40
6.930119318857204053e+04 4.957268818235984825e-40
7.256410807829596160e+04 4.784985315409959221e-40
7.598065111044724472e+04 4.623219877956653249e-40
7.955805557395479991e+04 4.477381968577827697e-40
8.330389532340008009e+04 4.335498630354901418e-40
8.722610081390413688e+04 4.194539085560740255e-40
9.133297589098695607e+04 4.058838631538425620e-40
9.563321537094211089e+04 3.930488457409622436e-40
1.001359234489532246e+05 3.809440953045829107e-40
1.048506329739217472e+05 3.698633060974237707e-40
1.097873256308091077e+05 3.592992019348126940e-40
1.149564530732325366e+05 3.495560075090425534e-40
1.203689590510423441e+05 3.404845236394512571e-40
1.260363025797385490e+05 3.316995128992016267e-40
1.319704822007756156e+05 3.238182420273325181e-40
1.381840613841130398e+05 3.164623706161970766e-40
1.446901951268010016e+05 3.095851480828128019e-40
1.515026578039104352e+05 3.033416396824149837e-40
1.586358723307650944e+05 2.973024116329481482e-40
1.661049406982308137e+05 2.902550639891466660e-40
1.739256759456917644e+05 2.849312324736493004e-40
1.821146356394193135e+05 2.801466961025716735e-40
1.906891569272071356e+05 2.758309962421104834e-40
1.996673932434800954e+05 2.719642046625775011e-40
2.090683527426000219e+05 2.687853010368336390e-40
2.189119385417313315e+05 2.662149465141823554e-40
2.292189908584563236e+05 2.640735296626592371e-40
2.400113311323735979e+05 2.623170859227783188e-40
2.513118082240641234e+05 2.609739035105958479e-40
2.631443467892570770e+05 2.604541225975936949e-40
2.755339979306017631e+05 2.609549953628740508e-40
2.885069922342723585e+05 2.623130046063961739e-40
3.020907953037095722e+05 2.646197392814292651e-40
3.163141659080638783e+05 2.679153751018699942e-40
3.312072168684350327e+05 2.709551075568841403e-40
3.468014788108433131e+05 2.725115406357563401e-40
3.631299669208687264e+05 2.722447217219124525e-40
3.802272508413183969e+05 2.697706912235074525e-40
3.981295278608938097e+05 2.645020951411941925e-40
4.168746995487931417e+05 2.554690751115260908e-40
4.365024519975219155e+05 2.410705712014264187e-40
4.570543398437845754e+05 2.192095380725325983e-40
4.785738742453241721e+05 1.873970902746946640e-40
5.011066149999998161e+05 1.307962727452649281e-40
