5.109905999999998913e-04 3.713237786699170136e-32
5.350530950765560725e-04 4.133637459283219744e-32
5.602486905845277749e-04 4.562441326629334765e-32
5.866307441073073323e-04 4.990392659640629404e-32
6.142551258314300940e-04 5.407200440898326818e-32
6.431803368647997588e-04 5.801923542995211143e-32
6.734676331265058340e-04 6.163432326560506656e-32
7.051811550706012536e-04 6.480921932245621166e-32
7.383880635185580132e-04 6.744445006874775239e-32
7.731586818880605829e-04 6.945427583998858391e-32
8.095666451193374606e-04 7.077130945810963548e-32
8.476890556144192060e-04 7.135013895352313916e-32
8.876066465195600955e-04 7.117021265160698068e-32
9.294039526966118995e-04 7.023669337242286318e-32
9.731694897454226754e-04 6.858027786427055635e-32
1.018995941456381574e-03 6.625546261875603912e-32
1.066980356090084861e-03 6.349232493144550367e-32
1.117224351899792287e-03 6.084469568972076125e-32
1.169834332331912445e-03 5.834463520060249782e-32
1.224921711360260537e-03 5.598237616625910106e-32
1.282603149431279848e-03 5.374888230939674411e-32
1.343000800519901679e-03 5.163571340526703478e-32
1.406242570819240005e-03 4.963520543917138676e-32
1.472462389611956966e-03 4.774019029703678376e-32
1.541800492896932759e-03 4.594402667075395380e-32
1.614403720371888808e-03 4.424056053090713399e-32
1.690425826400889300e-03 4.262069752286680936e-32
1.770027805625271761e-03 4.104988833120281490e-32
1.853378233907564034e-03 3.952076094803942862e-32
1.940653625330414269e-03 3.803294666946067537e-32
2.032038806006563475e-03 3.658605228044025005e-32
2.127727305491493477e-03 3.517961023783131644e-32
2.227921766627653614e-03 3.381322937839852979e-32
2.332834374688212958e-03 3.248644607625119491e-32
2.442687306729147100e-03 3.119877261146980918e-32
2.557713202101265931e-03 2.994969911821451156e-32
2.678155655118610173e-03 2.873912619370642229e-32
2.804269730926545710e-03 2.756873716528304677e-32
2.936322505662040776e-03 2.643847161029885907e-32
3.074593632050028665e-03 2.534730855507846799e-32
3.219375931633650448e-03 2.429423744540612508e-32
3.370976014892556293e-03 2.327822783294960516e-32
3.529714930562513533e-03 2.229832266812205559e-32
3.695928845531413782e-03 2.135354705343169244e-32
3.869969756751505657e-03 2.044293761944875350e-32
4.052206236675508222e-03 1.956554402508174295e-32
4.243024213795233875e-03 1.872061392965306287e-32
4.442827789935687929e-03 1.791028053956637471e-32
4.652040096035480431e-03 1.713614184438756989e-32
4.871104188225817110e-03 1.639650212983684916e-32
5.100483986105809261e-03 1.568974879599380999e-32
5.340665255201022289e-03 1.501432995804408148e-32
5.592156635685925810e-03 1.436880740199210854e-32
5.855490719548766577e-03 1.375179640742664898e-32
6.131225178480031665e-03 1.316197943273056122e-32
6.419943944873058271e-03 1.259810341351913711e-32
6.722258448437849407e-03 1.205905455268921991e-32
7.038808911046894740e-03 1.154306504270939526e-32
7.370265702555164194e-03 1.104749701678989977e-32
7.717330760465513154e-03 1.057155198510397193e-32
8.080739076445997079e-03 1.011453218206300222e-32
8.461260252847121674e-03 9.675749408367854113e-33
8.859700132515345786e-03 9.254560490046707301e-33
9.276902505354326159e-03 8.850331372877023689e-33
9.713750895247957526e-03 8.462447293437941935e-33
1.017117043112942751e-02 8.090312865768312419e-33
1.065012980615876251e-02 7.733384907982363325e-33
1.115164332915777497e-02 7.391561393674239699e-33
1.167677307264692980e-02 7.066373889786292630e-33
1.222663112203302427e-02 6.757234106737108988e-33
1.280238193071089013e-02 6.463263147732376685e-33
1.340524478606659048e-02 6.183628493491942142e-33
1.403649639160445620e-02 5.917563735521538722e-33
1.469747357066622344e-02 5.664342221151507769e-33
1.538957609746802874e-02 5.423280663803401270e-33
1.611426966145063436e-02 5.193736664936601355e-33
1.687308897122062612e-02 4.975120364046539999e-33
1.766764100465586032e-02 4.766795630184010814e-33
1.849960841205805853e-02 4.566994590477345570e-33
1.937075307955950232e-02 4.374967678365651689e-33
2.028291986033019592e-02 4.190436690392164967e-33
2.123804048148717621e-02 4.013128173322788537e-33
2.223813763497979601e-02 3.842788620567875581e-33
2.328532926111436321e-02 3.679168828645293059e-33
2.438183303378954267e-02 3.522027905402547755e-33
2.552997105694099558e-02 3.371133254098416838e-33
2.673217478214115483e-02 3.226266891781025676e-33
2.799099015776823976e-02 3.087221440081413618e-33
2.930908302064914178e-02 2.954162265232429627e-33
3.068924474159419324e-02 2.827099445096622593e-33
3.213439813677961693e-02 2.705748345451563785e-33
3.364760365749634718e-02 2.589835078503039347e-33
3.523206587137350798e-02 2.479106468607154174e-33
3.689114024880203041e-02 2.373318967168426667e-33
3.862834026893027101e-02 2.272240908256300060e-33
4.044734486028022519e-02 2.175652148573953568e-33
4.235200619174165487e-02 2.083346561874811327e-33
4.434635783044314772e-02 1.995128906571517253e-33
4.643462328377680193e-02 1.910651609799403055e-33
4.862122494366568487e-02 1.829493677813913528e-33
5.091079345201610096e-02 1.751532797383468607e-33
5.330817750718797043e-02 1.676652859892484798e-33
5.581845413225091507e-02 1.604746267203293784e-33
5.844693942677152421e-02 1.535706641339786738e-33
6.119919982490109461e-02 1.469430723563012564e-33
6.408106388360561290e-02 1.405818508818981434e-33
6.709863462600232364e-02 1.344774726155072462e-33
7.025830246594266804e-02 1.286207514541102550e-33
7.356675874121257341e-02 1.230071472196220681e-33
7.703100988400976568e-02 1.176436163421754580e-33
8.065839225870732876e-02 1.125201947316827837e-33
8.445658769832614654e-02 1.076255714497611331e-33
8.843363977261813058e-02 1.029493350200074149e-33
9.259797082221192521e-02 9.848143365324758183e-34
9.695839979489472016e-02 9.421228620682272254e-34
1.015241609218027613e-01 9.013277472518446917e-34
1.063049232730717830e-01 8.623429818075781538e-34
1.113108112343610262e-01 8.250869124753394531e-34
1.165524259476146268e-01 7.894772913850307308e-34
1.220408677614662901e-01 7.554093302702313177e-34
1.277877597388312747e-01 7.228088776463520192e-34
1.338052722714684062e-01 6.916114222364015984e-34
1.401061488536393396e-01 6.617577723928129592e-34
1.467037330694467012e-01 6.331902456637120071e-34
1.536119968510034905e-01 6.058535202904399327e-34
1.608455700672763999e-01 5.796946687310325896e-34
1.684197715062651091e-01 5.546634281057455997e-34
1.763506413161289588e-01 5.307118297395175321e-34
1.846549749739631319e-01 5.077938751965514561e-34
1.933503588541608809e-01 4.858840866484611319e-34
2.024552074716865491e-01 4.649466172575099090e-34
2.119888024791301562e-01 4.449356631088202918e-34
2.219713335001295695e-01 4.258095647895208258e-34
2.324239408856342559e-01 4.075279327887159375e-34
2.433687604835571006e-01 3.900522353208525363e-34
2.548289705166245644e-01 3.733458110862312494e-34
2.668288406677000735e-01 3.573739683900190517e-34
2.793937834765300443e-01 3.421037561527327552e-34
2.925504081567578130e-01 3.275034948379123080e-34
3.063265769471748556e-01 3.135082734242638826e-34
3.207514641165468139e-01 3.000529139740183046e-34
3.358556177469709247e-01 2.871187154247804422e-34
3.516710244266049723e-01 2.746889950568650030e-34
3.682311769887707253e-01 2.627469123888865545e-34
3.855711454408846661e-01 2.512759687343031855e-34
4.037276512334245226e-01 2.402600987777912901e-34
4.227391450262141803e-01 2.296837667986067632e-34
4.426458881167149029e-01 2.195318951948679499e-34
4.634900377027665330e-01 2.097896541299116870e-34
4.853157361603421815e-01 2.004592404106334418e-34
5.081692045253833889e-01 1.915672682819156034e-34
5.320988403776857334e-01 1.830936478094182568e-34
5.571553203341258476e-01 1.750179360155765159e-34
5.833917073682846066e-01 1.673203665100762747e-34
6.108635631837399105e-01 1.599821546516528342e-34
6.396290658790072525e-01 1.529855169034225155e-34
6.697491331533090841e-01 1.463136705703110243e-34
7.012875513140917061e-01 1.399507452520259194e-34
7.343111103594938127e-01 1.338816124052154603e-34
7.688897454218331928e-01 1.280906761509337153e-34
8.050966848716535340e-01 1.225570805162200517e-34
8.430086053959758852e-01 1.172673862410343675e-34
8.827057943791688510e-01 1.122109468681115829e-34
9.242723199303166659e-01 1.073772893052790234e-34
9.677962089171597837e-01 1.027563639723297659e-34
1.013369633383635060e+00 9.833858883813319942e-35
1.061089105745798289e+00 9.411486272541504329e-35
1.111055683179503761e+00 9.007652374684984046e-35
1.163375181632677835e+00 8.621525083256823657e-35
1.218158399915409307e+00 8.252243618891188209e-35
1.275521354342418423e+00 7.897805490433189763e-35
1.335585524424816706e+00 7.557162162338236693e-35
1.398478110131465391e+00 7.229874634530358858e-35
1.464332301264746228e+00 6.915491082558862544e-35
1.533287559521209431e+00 6.613566879427578334e-35
1.605489913834427629e+00 6.323669978013654733e-35
1.681092269625515501e+00 6.045383332597021161e-35
1.760254732616225226e+00 5.778303246786073455e-35
1.843144947890366314e+00 5.522033029335599604e-35
1.929938454921594104e+00 5.276188965829227497e-35
2.020819059319419075e+00 5.041307309220179358e-35
2.115979222080699440e+00 4.817612020036781824e-35
2.215620467170945851e+00 4.604556133964587419e-35
2.319953808298586662e+00 4.401604595783136605e-35
2.429200195785992999e+00 4.208247311134527271e-35
2.543590984483612427e+00 4.024002069716754535e-35
2.663368423718129652e+00 3.848414263642983236e-35
2.788786170312240298e+00 3.681054669262438739e-35
2.920109825762470024e+00 3.521514715806446359e-35
3.057617498712643211e+00 3.369407654877249048e-35
3.201600393914169285e+00 3.224035820909163550e-35
3.352363428920409838e+00 3.084450066474144285e-35
3.510225879821123218e+00 2.950442061504533201e-35
3.675522057384459362e+00 2.821813845562740615e-35
3.848602015038449675e+00 2.698370298577772706e-35
4.029832290191234456e+00 2.579922739863949028e-35
4.219596680460005800e+00 2.466290046583548953e-35
4.418297056452483496e+00 2.357297872435084877e-35
4.626354212822190171e+00 2.252775173287798845e-35
4.844208759399835529e+00 2.152556515757738189e-35
5.072322054287977444e+00 2.056533123024443231e-35
5.311177180895025884e+00 1.964737058014266683e-35
5.561279970977668796e+00 1.877019480259091675e-35
5.823160075858268669e+00 1.793202748531764255e-35
6.097372088085768915e+00 1.713114100159394130e-35
6.384496715915507714e+00 1.636588400736505586e-35
6.685142013095154212e+00 1.563468586083667720e-35
6.999944666561148665e+00 1.493605043178016082e-35
7.329571344772632280e+00 1.426853321159042010e-35
7.674720109538283097e+00 1.363075329323739295e-35
8.036121894325932047e+00 1.302149917868366741e-35
8.414542052185630894e+00 1.244053068937421506e-35
8.810781976564262763e+00 1.188687348320487288e-35
9.225680798444130915e+00 1.135919785141633524e-35
9.660117163399652540e+00 1.085622172354899016e-35
1.011501109233544682e+01 1.037673090842472809e-35
1.059132592984641619e+01 9.919579930032579881e-36
1.109007038432587500e+01 9.483686749670801774e-36
1.161230066414218065e+01 9.068016706907443407e-36
1.215912271440770631e+01 8.671588661158101877e-36
1.273169455907701675e+01 8.293407442555535237e-36
1.333122875333422463e+01 7.931093960843561769e-36
1.395899495146301206e+01 7.583506029023083120e-36
1.461632259563738856e+01 7.250112126560475602e-36
1.530460373132732244e+01 6.930381143633373351e-36
1.602529595528155326e+01 6.623800528013566658e-36
1.677992550233059532e+01 6.329879179494610804e-36
1.757009047754698372e+01 6.048145771411107534e-36
1.839746424060763630e+01 5.778138295801578748e-36
1.926379894952545158e+01 5.519410677935770763e-36
2.017092927125489865e+01 5.271573848150158069e-36
2.112077626702964039e+01 5.035107868296908821e-36
2.211535146066029611e+01 4.809914605940203841e-36
2.315676109840793373e+01 4.595438082533700381e-36
2.424721060945456941e+01 4.391139348531940191e-36
2.538900927641678251e+01 4.196508724244362053e-36
2.658457512579330029e+01 4.011065968870997648e-36
2.783644004870330591e+01 3.834358193888745616e-36
2.914725516275975536e+01 3.665952869041525970e-36
3.051979642643277302e+01 3.505440354554620314e-36
3.195697051779283626e+01 3.352407079571154691e-36
3.346182099008340316e+01 3.205811932552699750e-36
3.503753471715878476e+01 3.065156270529535401e-36
3.668744864243705450e+01 2.930229252560637655e-36
3.841505684566045886e+01 2.800817569134274367e-36
4.022401794242883000e+01 2.676715385964331628e-36
4.211816283217630996e+01 2.557725898040236344e-36
4.410150281099947023e+01 2.443660717914987797e-36
4.617823806651767882e+01 2.334334177379696030e-36
4.835276657275559842e+01 2.229566968898758658e-36
5.062969340388477946e+01 2.129194660372091405e-36
5.301384048654838210e+01 2.033248934161021729e-36
5.551025681142188262e+01 1.941656268711932047e-36
5.812422912563511090e+01 1.854223711972000844e-36
6.086129312869938701e+01 1.770760476383490354e-36
6.372724519564967949e+01 1.691084681616894718e-36
6.672815465222834064e+01 1.615022954209274268e-36
6.987037662810602967e+01 1.542410016371846261e-36
7.316056551535938013e+01 1.473088211005184823e-36
7.660568906070717787e+01 1.406907196388799293e-36
8.021304312134833481e+01 1.343721760920542447e-36
8.399026711565082337e+01 1.283325682356237914e-36
8.794536020141205768e+01 1.225587299841966060e-36
9.208669821595172778e+01 1.170396569453799433e-36
9.642305141391202028e+01 1.117643419595779318e-36
1.009636030403289908e+02 1.067222429158640875e-36
1.057179687783078919e+02 1.019033338188706863e-36
1.106962171124877159e+02 9.729808095529595118e-37
1.159088906514190143e+02 9.289720202019550347e-37
1.213670284540104092e+02 8.869180467855993010e-37
1.270821894073251457e+02 8.467383063784819045e-37
1.330664767052358002e+02 8.084771808327290955e-37
1.393325634797760699e+02 7.721090568073523544e-37
1.458937196394707314e+02 7.375362618314696722e-37
1.527638399714792286e+02 7.046636769115684795e-37
1.599574735670669554e+02 6.734016047116570436e-37
1.674898546327184761e+02 6.436661714216811683e-37
1.753769347521431712e+02 6.153790005832932315e-37
1.836354166674953206e+02 5.884645043920478973e-37
1.922827896513485371e+02 5.628512766474375088e-37
2.013373665443325820e+02 5.384673060649475659e-37
2.108183225368690046e+02 5.150926638333267850e-37
2.207457357771345698e+02 4.926217583299872547e-37
2.311406298912495174e+02 4.710266438973458083e-37
2.420250185057372789e+02 4.502781373586633744e-37
2.534219518665421731e+02 4.303478609492955562e-37
2.653555656533318370e+02 4.112075331052537919e-37
2.778511320924602046e+02 3.928289219752555738e-37
2.909351134768347720e+02 3.751861684532225163e-37
3.046352182060286964e+02 3.582541748071116302e-37
3.189804594653163576e+02 3.420106381881547890e-37
3.340012166678985750e+02 3.265015500011704841e-37
3.497292997904355616e+02 3.117321299684709959e-37
3.661980167381344131e+02 2.976665948410824374e-37
3.834422438820504908e+02 2.842698265243837802e-37
4.014984999179844181e+02 2.715085548493905199e-37
4.204050232033856673e+02 2.593518219675024248e-37
4.402018527360443159e+02 2.477709398461227964e-37
4.609309129460598342e+02 2.367373948228559539e-37
4.826361024806561204e+02 2.262241079234566186e-37
5.053633871698638131e+02 2.162043872255191751e-37
5.291608973699469516e+02 2.066127153710260375e-37
5.540790298907220404e+02 1.974137827050692631e-37
5.801705547226240469e+02 1.885937567940154809e-37
6.074907267895387122e+02 1.801385012768961343e-37
6.360974029640648268e+02 1.720343495314817435e-37
6.660511645930124587e+02 1.642679836446144040e-37
6.974154457926155146e+02 1.568264037738758080e-37
7.302566677851511940e+02 1.496973049852402203e-37
7.646443795614587771e+02 1.428688054237961209e-37
8.006514051672409096e+02 1.363299947198406388e-37
8.383539979250616625e+02 1.300919360020482527e-37
8.778320019186438685e+02 1.241535577635400842e-37
9.191690210814440434e+02 1.185002150425422942e-37
9.624525962475922825e+02 1.131175971247891873e-37
1.007774390540141667e+03 1.079921520947480152e-37
1.055230383489232054e+03 1.031110718922993327e-37
1.104921074291258947e+03 9.846225815880185315e-38
1.156951694639493326e+03 9.403417836050456933e-38
1.211432431576877434e+03 8.981589969269979941e-38
1.268478660842932641e+03 8.579688113665065579e-38
1.328211191208950368e+03 8.195855056521203071e-38
1.390756520318902858e+03 7.828899820570513159e-38
1.456247102577875921e+03 7.478115049868150805e-38
1.524821629655339393e+03 7.142798405929766062e-38
1.596625324197289729e+03 6.822277961433199554e-38
1.671810247369266108e+03 6.515911288699626371e-38
1.750535620881536261e+03 6.223084302407151565e-38
1.832968164178415236e+03 5.943208351880311838e-38
1.919282447505793925e+03 5.675720148704092124e-38
2.009661261604583160e+03 5.420085711562982409e-38
2.104296004812982574e+03 5.175996284250075982e-38
2.203387088397355910e+03 4.943085501911034689e-38
2.307144360970097750e+03 4.720845860577278396e-38
2.415787552893290012e+03 4.508780005647596748e-38
2.529546741609286983e+03 4.306414243008591260e-38
2.648662838883663426e+03 4.113297758159430663e-38
2.773388100992389809e+03 3.929001651179100231e-38
2.903986662933663865e+03 3.753116379198977338e-38
3.040735097795725778e+03 3.585251737892013223e-38
3.183923002465246554e+03 3.425033357499218416e-38
3.333853610916662092e+03 3.271945095632141022e-38
3.490844436381242303e+03 3.125603355591216976e-38
3.655227943755834076e+03 2.985721413238198066e-38
3.827352253675263455e+03 2.852017788656826742e-38
4.007581879739435863e+03 2.724223361655767131e-38
4.196298500456384318e+03 2.602080990635167957e-38
4.393901767536036459e+03 2.485345050884465877e-38
4.600810152246453981e+03 2.373780129440550955e-38
4.817461831624899787e+03 2.267161037507502382e-38
5.044315616420493825e+03 2.165270852740315638e-38
5.281851922733590982e+03 2.067802365882783953e-38
5.530573789409564597e+03 1.974524124430393031e-38
5.791007943341551254e+03 1.885268298436395570e-38
6.063705914938197566e+03 1.799869951310680788e-38
6.349245206118671376e+03 1.718170596505272716e-38
6.648230513308428272e+03 1.640018103683611762e-38
6.961295008025736934e+03 1.565266537444727275e-38
7.289101677770883725e+03 1.493775274983845390e-38
7.632344730057714514e+03 1.425409198402301162e-38
7.991751062560881110e+03 1.360043021668056992e-38
8.368081802492170027e+03 1.297849594465331818e-38
8.762133918465902752e+03 1.238845910981268062e-38
9.174741908266911196e+03 1.182855791931894529e-38
9.606779566095345217e+03 1.129712160249939799e-38
1.005916183303085199e+04 1.079258060948523654e-38
1.053284673463486433e+04 1.031346117226315378e-38
1.102883740979461072e+04 9.858379802405187272e-39
1.154818423510472167e+04 9.426031906705158824e-39
1.209198704928639745e+04 9.015189906305802041e-39
1.266139748235350635e+04 8.624658991123411604e-39
1.325762139445964931e+04 8.250357023798373844e-39
1.388192142958948534e+04 7.889847962477574685e-39
1.453561968950395567e+04 7.542746243287190295e-39
1.522010053360043457e+04 7.208667277177914215e-39
1.593681351061892929e+04 6.887234140726798260e-39
1.668727642840106273e+04 6.578078513061373807e-39
1.747307856820471352e+04 6.280841216275359320e-39
1.829588405037930715e+04 5.995166509344311772e-39
1.915743535853158028e+04 5.720705292815443381e-39
2.005955702964272496e+04 5.457134861151122649e-39
2.100415951795405272e+04 5.205783478343405872e-39
2.199324324080129372e+04 4.967115499917362912e-39
2.302890281496823081e+04 4.740444465948187982e-39
2.411333149252842122e+04 4.525122294079002033e-39
2.524882580557117399e+04 4.320538682365177189e-39
2.643779042964724795e+04 4.126119810927641478e-39
2.768274327623264981e+04 3.941326901128608798e-39
2.898632082499763055e+04 3.765648987502259548e-39
3.035128370716992504e+04 3.598604110873155164e-39
3.178052255181984219e+04 3.439730389222224281e-39
3.327706410744437017e+04 3.287884615143415259e-39
3.484407765181810100e+04 3.142299000418468628e-39
3.648488170368123974e+04 3.002736043877085159e-39
3.820295105048253754e+04 2.868966793719140036e-39
4.000192410705560906e+04 2.740770227133852277e-39
4.188561062081700220e+04 2.617934086177919019e-39
4.385799973979866627e+04 2.500255502567277369e-39
4.592326846060596290e+04 2.387535381437872709e-39
4.808579047418634582e+04 2.279581386640998561e-39
5.035014542814728338e+04 2.176210664933592193e-39
5.272112862523276272e+04 2.077549987792274497e-39
5.520376117850322044e+04 1.983579599736044925e-39
5.780330064471855439e+04 1.894064584495629318e-39
6.052525215844952618e+04 1.808784047308386977e-39
6.337538009048965614e+04 1.727528814764994061e-39
6.635972025526441575e+04 1.650101812237115695e-39
6.948459269308199873e+04 1.576318359929876856e-39
7.275661505430325633e+04 1.506000197489474396e-39
7.618271661376635893e+04 1.438978106589802956e-39
7.977015294515388086e+04 1.375091606119572621e-39
8.352652128636956331e+04 1.314187799372021126e-39
8.745977662847413740e+04 1.256116566352169064e-39
9.157824856224212272e+04 1.200738819552178360e-39
9.589065891802692204e+04 1.147924384467592196e-39
1.004061402362794324e+05 1.097549625393801641e-39
1.051342551078476972e+05 1.049498141003390459e-39
1.100850164250027883e+05 1.003661444861434629e-39
1.152689085860901978e+05 9.599332253116779155e-40
1.206969096986990626e+05 9.182122345270024450e-40
1.263805148283836752e+05 8.784011267381138683e-40
1.323317603421572712e+05 8.402329398479911132e-40
1.385632493983264139e+05 8.035159984986792845e-40
1.450881786366307933e+05 7.682028220908150150e-40
1.519203661252276215e+05 7.342494092741644242e-40
1.590742806236875476e+05 7.016128806104173711e-40
1.665650722239916795e+05 6.702524918829475582e-40
1.744086044343999238e+05 6.401307111993804395e-40
1.826214877741560049e+05 6.112074797648770829e-40
1.912211149501525797e+05 5.834434773130286197e-40
2.002256976900734880e+05 5.568015715221995673e-40
2.096543053099928948e+05 5.314710561611446901e-40
2.195269050981313339e+05 5.075398689496860671e-40
2.298644046002653195e+05 4.849194501788524950e-40
2.406886958963667566e+05 4.635297182316380715e-40
2.520227019622098014e+05 4.432961102092776480e-40
2.638904252141567413e+05 4.241502284664581588e-40
2.763169983398966142e+05 4.060306830744604029e-40
2.893287375228147139e+05 3.888767770854168727e-40
3.029531981726752128e+05 3.726315840711554130e-40
3.172192332806737977e+05 3.572413349799015293e-40
3.321570545224046800e+05 3.425140333000654539e-40
3.477982962381800753e+05 3.283091734028108866e-40
3.641760824261558591e+05 3.146095064771774612e-40
3.813250968901778106e+05 3.014008018615608606e-40
3.992816566908606328e+05 2.886691543687443426e-40
4.180837890554940677e+05 2.764020223256798636e-40
4.377713119096038863e+05 2.645895297395305546e-40
4.583859182007624186e+05 2.532183835824625127e-40
4.799712641931701219e+05 2.422752824488893177e-40
5.025730619200502406e+05 2.317474196318696490e-40
5.262391759895858122e+05 2.216792414224257561e-40
5.510197249494706048e+05 2.120883013051660597e-40
5.769671874246734660e+05 2.029478807377903552e-40
6.041365132532528369e+05 1.942354085295102059e-40
6.325852398555102991e+05 1.859295084090753848e-40
6.623736140829931246e+05 1.780110603762214619e-40
6.935647198053137399e+05 1.704646657779702952e-40
7.262246115050615044e+05 1.632718785073998768e-40
7.604224541636420181e+05 1.564148748400964817e-40
7.962306697343711276e+05 1.498768398727527874e-40
8.337250905129244784e+05 1.436682025679163586e-40
8.729851197300362401e+05 1.377850587404087463e-40
9.140938997064386494e+05 1.322054930611292058e-40
9.571384879262555623e+05 1.269120152459126937e-40
1.002210041401616647e+06 1.218883017639051922e-40
1.049404009719043039e+06 1.171203302505683587e-40
1.098820337176302681e+06 1.125980939605816503e-40
1.150563674437938724e+06 1.083080318529922937e-40
1.204743600157562410e+06 1.042370565406834604e-40
1.261474853036392713e+06 1.003729253624681934e-40
1.320877574809329817e+06 9.670329804353855846e-41
1.383077564673300600e+06 9.320922174244395657e-41
1.448206545696523041e+06 8.987781282892555360e-41
1.516402443773044506e+06 8.670087207836212910e-41
1.587809679713128135e+06 8.367110738911482311e-41
1.662579475088242907e+06 8.076860897727382342e-41
1.740870172478160355e+06 7.787253568156450286e-41
1.822847570798562141e+06 7.513505310303518544e-41
1.908685276419077767e+06 7.254970297926427115e-41
1.998565070815552725e+06 7.005463907154105392e-41
2.092677295534900157e+06 6.783274353089508544e-41
2.191221255288037937e+06 6.557456834709755868e-41
2.294405640024295542e+06 6.347668001302968923e-41
2.402448966881403700e+06 6.154484400739850948e-41
2.515580042946713977e+06 5.964929952559776814e-41
2.634038449809953570e+06 5.793641192910728441e-41
2.758075050933357328e+06 5.617464166241825403e-41
2.887952522913975175e+06 5.453982999536884468e-41
3.023945911762894131e+06 5.307051319286812952e-41
3.166343215379770845e+06 5.164462408794953477e-41
3.315445993455843534e+06 5.025696067650891308e-41
3.471570006097412203e+06 4.893070319108779178e-41
3.635045882521822117e+06 4.768623007025862392e-41
3.806219821242497303e+06 4.656174138696221183e-41
3.985454323225378990e+06 4.556301916048054635e-41
4.173128959569871891e+06 4.459557059487631941e-41
4.369641175339554437e+06 4.376342729845856617e-41
4.575407131245454773e+06 4.306034213408605365e-41
4.790862584963837638e+06 4.245055203953775717e-41
5.016463813955437392e+06 4.189713285367894657e-41
5.252688581739853136e+06 4.140172000997656720e-41
5.500037149672029540e+06 4.107509844442674236e-41
5.759033336362847127e+06 4.077239444239673700e-41
6.030225626988075674e+06 4.048849617636788507e-41
6.314188334834202193e+06 4.024846275762794176e-41
6.611522817541717552e+06 4.015443827074076809e-41
6.922858750620778650e+06 4.022618025090392675e-41
7.248855460937002674e+06 4.046444997509617192e-41
7.590203322990543209e+06 4.087217586813222421e-41
7.947625220946256071e+06 4.145062258620571514e-41
8.321878079510237090e+06 4.219249098847605269e-41
8.713754466895690188e+06 4.308918218634137369e-41
9.124084273271787912e+06 4.416135172391440088e-41
9.553736468250865117e+06 4.543565884395089874e-41
1.000362094113551639e+07 4.696594353224739460e-41
1.047469042782234959e+07 4.926064532012983856e-41
1.096794252844403684e+07 5.266925280381371628e-41
1.148442182002126612e+07 5.746307244127938469e-41
1.202522206859994493e+07 6.407046364191213609e-41
1.259148854555699043e+07 7.316077992570871049e-41
1.318442045298149623e+07 8.581237275249546201e-41
1.380527346326602623e+07 1.038890305129104501e-40
1.445536237828787789e+07 1.310739978590132744e-40
1.513606391381000169e+07 1.771566301065786162e-40
1.584881961499998905e+07 1.399773675636324369e-40
