5.109905999999998913e-04 1.088520517050245379e-35
5.351037390649829219e-04 1.391717077880519769e-35
5.603547532211456067e-04 1.732316232832673460e-35
5.867973376642757850e-04 2.098913900325103861e-35
6.144877214131363010e-04 2.491100693300321962e-35
6.434847868780571188e-04 2.892283461922476895e-35
6.738501950718508516e-04 3.272656322110472731e-35
7.056485167293010752e-04 3.578107238474836398e-35
7.389473696140551806e-04 3.793143097586964124e-35
7.738175623048936143e-04 4.042545046769807166e-35
8.103332447671230147e-04 4.310827259764622910e-35
8.485720660292913210e-04 4.538923115456114159e-35
8.886153393005105823e-04 4.762336996690932617e-35
9.305482148794944151e-04 4.994942827941476737e-35
9.744598612230092509e-04 5.224658926593639518e-35
1.020443654558766348e-03 5.433607348529978098e-35
1.068597377445948751e-03 5.602908103604085149e-35
1.119023426705621381e-03 5.793131481813451614e-35
1.171829031163172186e-03 6.010209386353420905e-35
1.227126479665790202e-03 6.181234913403452335e-35
1.285033359859875284e-03 6.326875715828315080e-35
1.345672808236114551e-03 6.480859226052093849e-35
1.409173771973928251e-03 6.649062509736429310e-35
1.475671283142105045e-03 6.824934878681284369e-35
1.545306745838693737e-03 6.978890716594341691e-35
1.618228236880730293e-03 7.113812040450767101e-35
1.694590820683223795e-03 7.235996923438163117e-35
1.774556878996974216e-03 7.355134049700858711e-35
1.858296456206371674e-03 7.480185017263541824e-35
1.945987620921472809e-03 7.629642416965154798e-35
2.037816844633249646e-03 7.788642257005266562e-35
2.133979398237183939e-03 7.942097149341833282e-35
2.234679767268435684e-03 8.075683311274766349e-35
2.340132086731548568e-03 8.189423442623165411e-35
2.450560596449314048e-03 8.293952857931597622e-35
2.566200117899119105e-03 8.419140461270354646e-35
2.687296553550728734e-03 8.582254787467056158e-35
2.814107409767297504e-03 8.748767872651998990e-35
2.946902344381586991e-03 8.903136566239193471e-35
3.085963740111758499e-03 9.027442766760116470e-35
3.231587305036064291e-03 9.128116198828365364e-35
3.384082701403368608e-03 9.214674218516190224e-35
3.543774204116614205e-03 9.320857998900904764e-35
3.711001390289439018e-03 9.440586209108562719e-35
3.886119861342316861e-03 9.549419262705011119e-35
4.069501999173697447e-03 9.630916100402447245e-35
4.261537758014078726e-03 9.680798453554416830e-35
4.462635493646920602e-03 9.724581131572294110e-35
4.673222831759671868e-03 9.764270994662384346e-35
4.893747577271379511e-03 9.797350270436273435e-35
5.124678666570607437e-03 9.844195062233645399e-35
5.366507164688515824e-03 9.909846401980193117e-35
5.619747309527504779e-03 9.971738102989968384e-35
5.884937605366014936e-03 1.001891088422576680e-34
6.162641967964738697e-03 1.004046460609526525e-34
6.453450923709197137e-03 1.004781979807807700e-34
6.757982865338729543e-03 1.004696958303389439e-34
7.076885366932076510e-03 1.004315059368222609e-34
7.410836560945775579e-03 1.003289510859052931e-34
7.760546580233688464e-03 1.001129905230677954e-34
8.126759068114001311e-03 9.979699608954507556e-35
8.510252759694716257e-03 9.935257528729687657e-35
8.911843137820400079e-03 9.866107532693755273e-35
9.332384167161405369e-03 9.784589764099491524e-35
9.772770110132977459e-03 9.704551266250748590e-35
1.023393742850584043e-02 9.623405926901152623e-35
1.071686677475192952e-02 9.540371329400011886e-35
1.122258507735962238e-02 9.455498029305317148e-35
1.175216772455307812e-02 9.364554401345619265e-35
1.230674085105903405e-02 9.263559939362358619e-35
1.288748373278384568e-02 9.152854111922551846e-35
1.349563129449304379e-02 9.032756183440078569e-35
1.413247673582571778e-02 8.903738077152297153e-35
1.479937428122792172e-02 8.765672947637162904e-35
1.549774205965276548e-02 8.618518604973996588e-35
1.622906512015063682e-02 8.462814032587107241e-35
1.699489858976212242e-02 8.299122518295532802e-35
1.779687098042882429e-02 8.128027732027371630e-35
1.863668765195397939e-02 7.948448562069739997e-35
1.951613443837669007e-02 7.759576726724063818e-35
2.043708144547129804e-02 7.562262118625056463e-35
2.140148702744684370e-02 7.357309269408464503e-35
2.241140195130307544e-02 7.145708744878990126e-35
2.346897375769833524e-02 6.928853240362852134e-35
2.457645132760239576e-02 6.708035315342330661e-35
2.573618966444510270e-02 6.484074112797534762e-35
2.695065490192997265e-02 6.257777424217221644e-35
2.822242954816144012e-02 6.029936657787824198e-35
2.955421797723722932e-02 5.801069715954547783e-35
3.094885217998369006e-02 5.571735542668142090e-35
3.240929778606244788e-02 5.342692036646249700e-35
3.393866037025433657e-02 5.114578232207417688e-35
3.554019205633068140e-02 4.888214152725680917e-35
3.721729843255464076e-02 4.664311519388261118e-35
3.897354579351813841e-02 4.443516116158442798e-35
4.081266872371407117e-02 4.226383114400804825e-35
4.273857803896957686e-02 4.013425832086937088e-35
4.475536910262768037e-02 3.805112134411433016e-35
4.686733053416144296e-02 3.600760305152247967e-35
4.907895332873877386e-02 3.400048710573941948e-35
5.139494040713057932e-02 3.203620636650910287e-35
5.382021661626956721e-02 3.011955463466434881e-35
5.635993920172538418e-02 2.825725523257271711e-35
5.901950877436559079e-02 2.645981902526506325e-35
6.180458079452263997e-02 2.473456185324051684e-35
6.472107759808674865e-02 2.308273159015541979e-35
6.777520099009863574e-02 2.150510543535258843e-35
7.097344543262150418e-02 2.000202775186349977e-35
7.432261185493492517e-02 1.857727906770460015e-35
7.782982211541869533e-02 1.723241195387446086e-35
8.150253414587871337e-02 1.596491918750929491e-35
8.534855781051775558e-02 1.477112800448424593e-35
8.937607151327611743e-02 1.365003226031775924e-35
9.359363958885616452e-02 1.259543581049742401e-35
9.801023051441133671e-02 1.160289154374689485e-35
1.026352359806273346e-01 1.067101944889152229e-35
1.074784908627488822e-01 9.798221893156222405e-36
1.125502941340183888e-01 8.982749370464379538e-36
1.178614307660000166e-01 8.231245029156803084e-36
1.234231946623582515e-01 7.545368167240858134e-36
1.292474126748577312e-01 6.919076518651823274e-36
1.353464697526552962e-01 6.345891296467814199e-36
1.417333352783622102e-01 5.822565822377203577e-36
1.484215906468778212e-01 5.349247500832685248e-36
1.554254581456421258e-01 4.923886903357410592e-36
1.627598311977189738e-01 4.541077499609236550e-36
1.704403060320187901e-01 4.196071852432023760e-36
1.784832148480092195e-01 3.884707607346382774e-36
1.869056605454355313e-01 3.605207714016164474e-36
1.957255530929004061e-01 3.355192815242068693e-36
2.049616476126424891e-01 3.130910208821402251e-36
2.146335842624980950e-01 2.928287973878315108e-36
2.247619299998509235e-01 2.746059385433133065e-36
2.353682223163832965e-01 2.582375775134687844e-36
2.464750150366266657e-01 2.435434825199448826e-36
2.581059262776983498e-01 2.303350934509310716e-36
2.702856886722125873e-01 2.184490149687624481e-36
2.830402019611610864e-01 2.077419373626037175e-36
2.963965880685970333e-01 1.978927123039029110e-36
3.103832487752409830e-01 1.886914371177099489e-36
3.250299261136472273e-01 1.800657893807704268e-36
3.403677656133553553e-01 1.718886294486904687e-36
3.564293825305201446e-01 1.642288313842906713e-36
3.732489312028528516e-01 1.569596487153473975e-36
3.908621776773489875e-01 1.500007548000522150e-36
4.093065757652508130e-01 1.433400295533332065e-36
4.286213466859674082e-01 1.369658022853321000e-36
4.488475624693086807e-01 1.308673299353559063e-36
4.700282332933920504e-01 1.250849408150356552e-36
4.922083989439379748e-01 1.196332450732618524e-36
5.154352245894349149e-01 1.144717752051270490e-36
5.397581010758428777e-01 1.095217102485889504e-36
5.652287499541059912e-01 1.048461225649763404e-36
5.919013334638023593e-01 1.004147563828770511e-36
6.198325697068198803e-01 9.620506037118356932e-37
6.490818532559621268e-01 9.220454454309228266e-37
6.797113814549503585e-01 8.840153418389369100e-37
7.117862866784018250e-01 8.478462503125662462e-37
7.453747748330258327e-01 8.130305501203491823e-37
7.805482703945472167e-01 7.792753809230301486e-37
8.173815682887849432e-01 7.464321914511141754e-37
8.559529929398478343e-01 7.140957793055779888e-37
8.963445648236495478e-01 6.828384339804789043e-37
9.386421748809263832e-01 6.529638785672116870e-37
9.829357671606314684e-01 6.246015297448431011e-37
1.029319530082082768e+00 5.976654879402727195e-37
1.077892096722587789e+00 5.720752562509405603e-37
1.128756754556446085e+00 5.477553703374917644e-37
1.182021665091314011e+00 5.246350556213883446e-37
1.237800093869003915e+00 5.026479096368313081e-37
1.296210651319791296e+00 4.816129264835800233e-37
1.357377544982387940e+00 4.611559333452526716e-37
1.421430843625933971e+00 4.415963850013551324e-37
1.488506753835648899e+00 4.228936326005464651e-37
1.558747909650267438e+00 4.050090822562901163e-37
1.632303675867195381e+00 3.879060679785218048e-37
1.709330465660331866e+00 3.715497339044812366e-37
1.789992073185949328e+00 3.559069251172686342e-37
1.874460021883927574e+00 3.409460863934993080e-37
1.962913929214978870e+00 3.266371682706668336e-37
2.055541888609443202e+00 3.128825444890919883e-37
2.152540869439885984e+00 2.994918976389342201e-37
2.254117135868002997e+00 2.866535409186592926e-37
2.360486685456481659e+00 2.743451999263458685e-37
2.471875708478532552e+00 2.625456463488986454e-37
2.588521068901789679e+00 2.512346264360124977e-37
2.710670808069334914e+00 2.403927958677636585e-37
2.838584672148956489e+00 2.300016604221714843e-37
2.972534664472214594e+00 2.200435219026233969e-37
3.112805623937811905e+00 2.105014288340823688e-37
3.259695830709271380e+00 2.013336646967035003e-37
3.413517640494887928e+00 1.924833253132306807e-37
3.574598148758691529e+00 1.840535326519782503e-37
3.743279886274895052e+00 1.760227830069136576e-37
3.919921547504867654e+00 1.683707615520735920e-37
4.104898753345457507e+00 1.610782711706107645e-37
4.298604849870705458e+00 1.541271658803455469e-37
4.501451744765333274e+00 1.475002885381966251e-37
4.713870783228730765e+00 1.411814125289755479e-37
4.936313665211990553e+00 1.351551871656328013e-37
5.169253405938395218e+00 1.293820498003981066e-37
5.413185341749998436e+00 1.237973022622982741e-37
5.668628183418989330e+00 1.184466430533734039e-37
5.936125119163914832e+00 1.133205969222349878e-37
6.216244969716042235e+00 1.084100569650931236e-37
6.509583397892139800e+00 1.037062709436599753e-37
6.816764175245919155e+00 9.920082808677127779e-38
7.138440508491390446e+00 9.488564635945217041e-38
7.475296428518798386e+00 9.075296018367648816e-38
7.828048244956988810e+00 8.679530859558950059e-38
8.197446069374988653e+00 8.299628815534227969e-38
8.584275410361952297e+00 7.933507973998653619e-38
8.989358843877495175e+00 7.583438477874203741e-38
9.413557762424055397e+00 7.248721496885972548e-38
9.857774206760950619e+00 6.928688407930154175e-38
1.032295278405537609e+01 6.622699498061132819e-38
1.081008267654887156e+01 6.330142722875129506e-38
1.132019974501075943e+01 6.050432517929672470e-38
1.185438873145165140e+01 5.783008660941954345e-38
1.241378556578063552e+01 5.527335182601705744e-38
1.299957978131129543e+01 5.282550207222852363e-38
1.361301704425330250e+01 5.047795246119235255e-38
1.425540180256797917e+01 4.823904427787485830e-38
1.492810005982070365e+01 4.610355723134754928e-38
1.563254227992892176e+01 4.406653454046922102e-38
1.637022642898207536e+01 4.212326874386733348e-38
1.714272116060198670e+01 4.026928833394464554e-38
1.795166915161750509e+01 3.850034516331507502e-38
1.879879059514607320e+01 3.681240257551074293e-38
1.968588685851029396e+01 3.520162421500846508e-38
2.061484431376831594e+01 3.365911890876517915e-38
2.158763834900278411e+01 3.217211408215868665e-38
2.260633756889851753e+01 3.074433590931654266e-38
2.367310819354169027e+01 2.937373710422437922e-38
2.479021866479355296e+01 2.805833263149895914e-38
2.596004447003437576e+01 2.679619748171715211e-38
2.718507319353549079e+01 2.558546459013478060e-38
2.846790980620014722e+01 2.442432288788317318e-38
2.981128220492192682e+01 2.331101547534991940e-38
3.121804701334055920e+01 2.224383790804832005e-38
3.269119565632905022e+01 2.122232566808727199e-38
3.423386072112987932e+01 2.024819292276045080e-38
3.584932261866742209e+01 1.932161607100006302e-38
3.754101655920054981e+01 1.844014278328495091e-38
3.931253985714931076e+01 1.760145437829520911e-38
4.116765958062975983e+01 1.680335811521221877e-38
4.311032056196215478e+01 1.604377995648433253e-38
4.514465378618695723e+01 1.532075777071509294e-38
4.727498517542741752e+01 1.463243494740435043e-38
4.950584478777668096e+01 1.397705439717339753e-38
5.184197645027124679e+01 1.335218984166414969e-38
5.428834784643575517e+01 1.275523004449380415e-38
5.685016107984808542e+01 1.218583271797627236e-38
5.953286373618860239e+01 1.164268710772056599e-38
6.234216046729748939e+01 1.112454678404757960e-38
6.528402512187130924e+01 1.063022637179543467e-38
6.836471344859491239e+01 1.015859845311843503e-38
7.159077639872285204e+01 9.708590633724349723e-39
7.496907405639512945e+01 9.279182763542466838e-39
7.850679022631064186e+01 8.869404303335210772e-39
8.221144770977987548e+01 8.477554520506276967e-39
8.609092430163802590e+01 8.101555501638975964e-39
9.015346954203633345e+01 7.741183443065685859e-39
9.440772225873560330e+01 7.395838130210032562e-39
9.886272893720138200e+01 7.064940439667567834e-39
1.035279629575657623e+02 6.747931654506118278e-39
1.084133447393639784e+02 6.444272801726622957e-39
1.135292628368794539e+02 6.153444011030284232e-39
1.188865960299570190e+02 5.874943894074777887e-39
1.244967364572618465e+02 5.608288943448384254e-39
1.303716138411717793e+02 5.353240099147433109e-39
1.365237208558181692e+02 5.109792128916513471e-39
1.429661396922218159e+02 4.877581654729565731e-39
1.497125698770088036e+02 4.656082352629406130e-39
1.567773574038639310e+02 4.444792911621512021e-39
1.641755252396711739e+02 4.243235827179464009e-39
1.719228052702057994e+02 4.050956253841414190e-39
1.800356717533121014e+02 3.867520913958193138e-39
1.885313763507061822e+02 3.692517059799288302e-39
1.974279848128918502e+02 3.525551486369456089e-39
2.067444153952010311e+02 3.366203785044839770e-39
2.165004790866524615e+02 3.214080647327469793e-39
2.267169217371670129e+02 3.068920002961538382e-39
2.374154681727238767e+02 2.930399325767584859e-39
2.486188683922715938e+02 2.798211221024466460e-39
2.603509459446212873e+02 2.672062705304208699e-39
2.726366485881970902e+02 2.551674521161779343e-39
2.855021013413748392e+02 2.436780484958450794e-39
2.989746620362088265e+02 2.327126866186271756e-39
3.130829794936830694e+02 2.222471796742145451e-39
3.278570544442011965e+02 2.122391832102356108e-39
3.433283033228477734e+02 2.026414139295606416e-39
3.595296250750841409e+02 1.934425713392336090e-39
3.764954711149457580e+02 1.846278179783869580e-39
3.942619185844906156e+02 1.761827983068504577e-39
4.128667470702878290e+02 1.680936247222696669e-39
4.323495189400890126e+02 1.603468640369512181e-39
4.527516634704993521e+02 1.529295243897363830e-39
4.741165649445505892e+02 1.458290425698616107e-39
4.964896549065180693e+02 1.390332717312355370e-39
5.199185087701440580e+02 1.325421588875709690e-39
5.444529469857058075e+02 1.263615477278161891e-39
5.701451409810666746e+02 1.204801775483373391e-39
5.970497241019717194e+02 1.148830440518172745e-39
6.252239077875038902e+02 1.095559227937062689e-39
6.547276032277563900e+02 1.044853270801698186e-39
6.856235487623988547e+02 9.965846823226365978e-40
7.179774432910546693e+02 9.506321807765728873e-40
7.518580859791936746e+02 9.068807353970978443e-40
7.873375225565957862e+02 8.652212320162728338e-40
8.244911985194921726e+02 8.254903760307996268e-40
8.633981195621779534e+02 7.875490185481887793e-40
9.041410195792195736e+02 7.513747969542361180e-40
9.468065365955184234e+02 7.168843632607515237e-40
9.914853969983560091e+02 6.839984995673965845e-40
1.038272608463149709e+03 6.526418908117015846e-40
1.087267661983183189e+03 6.227429117038197717e-40
1.138574743432937566e+03 5.942334268827081848e-40
1.192302955114867700e+03 5.670486033979613945e-40
1.248566547760748790e+03 5.411267346839193016e-40
1.307485163480959727e+03 5.162389224014766750e-40
1.369184090178279121e+03 4.921966583537885190e-40
1.433794527967213753e+03 4.690901441325599686e-40
1.501453868165417589e+03 4.468927566318089684e-40
1.572305985450413118e+03 4.255785713561225971e-40
1.646501543802895867e+03 4.050643949879394125e-40
1.724198316887229794e+03 3.845399602790613229e-40
1.805561523550351239e+03 3.654456611698662259e-40
1.890764179152531142e+03 3.480742622656582899e-40
1.979987463477120400e+03 3.309695286610966158e-40
2.073421106001558201e+03 3.145511285216882637e-40
2.171263789348933187e+03 2.987706661143305817e-40
2.273723571778065434e+03 2.835020457851010204e-40
2.381018329610431920e+03 2.687599126381194712e-40
2.493376220534782988e+03 2.548936150720892693e-40
2.611036168774683574e+03 2.416179905206607805e-40
2.734248373150587668e+03 2.293813033554855632e-40
2.863274839116854764e+03 2.175205770543860642e-40
2.998389935905112907e+03 2.057477160532078743e-40
3.139880979958618354e+03 1.944895970672258040e-40
3.288048845898296349e+03 1.833770571535660305e-40
3.443208606319722549e+03 1.724809850428847410e-40
3.605690201781431369e+03 1.620006722598951970e-40
3.775839142409302895e+03 1.518412798132320030e-40
3.954017242609032110e+03 1.421764837609739662e-40
4.140603390448884056e+03 1.327977323470516336e-40
4.335994353348851291e+03 1.239858271220665697e-40
4.540605621789561155e+03 1.154500339932580909e-40
4.754872292834895234e+03 1.071844863809997352e-40
4.979249995347153344e+03 9.942391602730673859e-41
5.214215858862292407e+03 9.132010029866010987e-41
5.460269528185347554e+03 8.295233462553510771e-41
5.717934225863581560e+03 7.524979482409315067e-41
5.987757864796805734e+03 6.807849417682834033e-41
6.270314213350565296e+03 6.096818827235627310e-41
6.566204115449857454e+03 5.382633196816805915e-41
6.876056768247976834e+03 4.688007739120591963e-41
7.200531060087171682e+03 4.015132025191844956e-41
7.540316971596322219e+03 3.370679180436373029e-41
7.896137042905167618e+03 2.764426959691766294e-41
8.268747910094780309e+03 2.209302427009934012e-41
8.658941914151604578e+03 1.704226137018250085e-41
9.067548785846589453e+03 1.251747996850101128e-41
9.495437410121950961e+03 8.645084182485987420e-42
9.943517673737578662e+03 5.532644797055158241e-42
1.041274240010620451e+04 3.187457556740438504e-42
1.090410937543143336e+04 1.621033208560654249e-42
1.141866347045697330e+04 7.402229148145055575e-43
1.195749886233965117e+04 3.174822861500449231e-43
1.252176136136989953e+04 1.177191253631653389e-43
1.311265084748811023e+04 3.420390805258190553e-44
1.373142382177773834e+04 7.435811656530082805e-45
1.437939607836087271e+04 0.000000000000000000e+00
1.505794550237763542e+04 0.000000000000000000e+00
1.576851499999998487e+04 0.000000000000000000e+00
