5.109905999999998913e-04 7.840133899378401856e-36
5.350698950747767709e-04 1.010086340462450974e-35
5.602838733537029037e-04 1.255944672914962470e-35
5.866860042581129595e-04 1.507778901730369894e-35
6.143322768368510633e-04 1.768831209954504846e-35
6.432813184981145968e-04 2.037190821579188355e-35
6.735945193362662814e-04 2.313423781982762398e-35
7.053361623172729961e-04 2.552344251094501037e-35
7.385735595988447656e-04 2.727619908338377100e-35
7.733771952743520323e-04 2.885629996608374408e-35
8.098208748432413019e-04 3.043436006906554050e-35
8.479818817249028728e-04 3.217109074461861602e-35
8.879411411479116653e-04 3.373410810459384996e-35
9.297833917621786855e-04 3.505246275843796124e-35
9.735973653379516052e-04 3.664747963726919425e-35
1.019475974932722816e-03 3.833380437257167678e-35
1.067516511925087948e-03 3.973593956126912408e-35
1.117820852333387734e-03 4.122846242382664637e-35
1.170495672856650083e-03 4.286483396224243746e-35
1.225652677095993891e-03 4.416529635202400212e-35
1.283408832436198953e-03 4.531001745660283440e-35
1.343886618089803597e-03 4.659739850413050857e-35
1.407214284829716834e-03 4.783672876965035088e-35
1.473526126961168751e-03 4.897654495593337572e-35
1.542962767109717697e-03 5.010019229015629229e-35
1.615671454429267384e-03 5.124591352046072378e-35
1.691806376862472995e-03 5.243841714117967773e-35
1.771528988115714329e-03 5.353750061856909021e-35
1.855008350042057410e-03 5.458118037584036932e-35
1.942421491158229921e-03 5.585556882731393018e-35
2.033953782055925898e-03 5.711397276691001988e-35
2.129799328503518153e-03 5.810980077854200590e-35
2.230161383071836874e-03 5.909760321572612529e-35
2.335252776156874349e-03 6.012411010528516193e-35
2.445296367313489101e-03 6.110996765456629428e-35
2.560525517857202994e-03 6.200726909460254633e-35
2.681184585736298091e-03 6.279298729562296353e-35
2.807529443723681076e-03 6.361199031578415187e-35
2.939828022027365841e-03 6.446366177095996084e-35
3.078360876470277469e-03 6.524681013861002572e-35
3.223421783444254101e-03 6.599868432755763884e-35
3.375318362899957896e-03 6.675683278811092505e-35
3.534372730693770281e-03 6.756525411272912647e-35
3.700922181675100030e-03 6.833701023185725708e-35
3.875319904962654625e-03 6.884672798767086323e-35
4.057935732926523653e-03 6.927810794992347657e-35
4.249156925464348845e-03 6.976790296092844271e-35
4.449388991234810679e-03 7.037182472271638676e-35
4.659056547589877049e-03 7.100508724809606563e-35
4.878604221029442939e-03 7.146606751679120619e-35
5.108497590087934283e-03 7.185442524602971185e-35
5.349224172652298354e-03 7.221413756850108639e-35
5.601294459805180627e-03 7.242576786076323870e-35
5.865242998385659413e-03 7.262444904896607661e-35
6.141629524563245283e-03 7.309109836610749534e-35
6.431040150829012321e-03 7.345300782416375664e-35
6.734088608921097625e-03 7.354624469691525088e-35
7.051417551320249798e-03 7.358343923491055691e-35
7.383699914075457331e-03 7.360061707334441590e-35
7.731640343849757388e-03 7.360266091645016515e-35
8.095976692212344256e-03 7.356384044522706667e-35
8.477481580345898327e-03 7.346009757458381825e-35
8.876964037487250492e-03 7.323657723547027431e-35
9.295271216575952400e-03 7.288130059255221387e-35
9.733290190748887516e-03 7.239144524419841628e-35
1.019194983449081549e-02 7.185507902611512199e-35
1.067222279342984470e-02 7.130905564167258124e-35
1.117512754695516690e-02 7.075365928230318169e-35
1.170173056803110179e-02 7.014909725937744511e-35
1.225314858478748943e-02 6.944147257289200719e-35
1.283055094868261123e-02 6.863367377413430897e-35
1.343516211426038637e-02 6.772906158673882843e-35
1.406826423576074646e-02 6.673207503515620789e-35
1.473119988608937066e-02 6.565870777379986147e-35
1.542537490391291885e-02 6.452894601042074839e-35
1.615226137491724070e-02 6.334644278246026246e-35
1.691340075355072733e-02 6.211485883608466500e-35
1.771040713187296486e-02 6.083795270912738818e-35
1.854497066244045755e-02 5.951558000493665306e-35
1.941886114248840556e-02 5.814646711888323648e-35
2.033393176700888996e-02 5.673519357383605056e-35
2.129212305868467825e-02 5.528594972889895600e-35
2.229546698301231727e-02 5.380392462096065973e-35
2.334609125734123450e-02 5.228367119328443575e-35
2.444622386296684685e-02 5.071697319658385965e-35
2.559819776984581866e-02 4.911063022228920861e-35
2.680445588395324180e-02 4.747153993423639582e-35
2.806755622777277331e-02 4.580654901700002416e-35
2.939017736490608101e-02 4.412951795150965655e-35
3.077512408030478111e-02 4.245584420918031108e-35
3.222533332817065221e-02 4.079006147096211711e-35
3.374388046013759856e-02 3.913576182776286681e-35
3.533398574694258248e-02 3.749765757586517165e-35
3.699902120741602879e-02 3.586945617363663088e-35
3.874251775927294722e-02 3.424242763486398520e-35
4.056817270686948612e-02 3.262293615893829557e-35
4.247985758180303911e-02 3.101712494148683472e-35
4.448162635298343048e-02 2.943077474117799825e-35
4.657772402358534292e-02 2.786742720166071358e-35
4.877259563311286267e-02 2.632990333906873711e-35
5.107089568366665611e-02 2.482343367079367616e-35
5.347749801040252438e-02 2.335190019748068709e-35
5.599750611711383497e-02 2.192041261053999310e-35
5.863626399885497886e-02 2.053371404284886345e-35
6.139936747455677218e-02 1.919612647418889336e-35
6.429267605366666138e-02 1.790986579716919254e-35
6.732232536197738093e-02 1.667667392806250920e-35
7.049474015299543594e-02 1.549784721468208132e-35
7.381664793244134548e-02 1.437644539595249916e-35
7.729509322477387534e-02 1.331529704480570249e-35
8.093745251199307988e-02 1.231339559622844903e-35
8.475144987640061134e-02 1.136845184256054578e-35
8.874517338049053850e-02 1.048007894842898567e-35
9.292709221870618097e-02 9.647251866646622608e-36
9.730607467743482286e-02 8.868818353269251366e-36
1.018914069413281859e-01 8.142611865579697327e-36
1.066928127858278869e-01 7.466404278138771919e-36
1.117204741976580290e-01 6.837930421481910653e-36
1.169850529670119210e-01 6.258365230271884414e-36
1.224977132972236288e-01 5.728967715097237353e-36
1.282701454798690077e-01 5.245492588649096860e-36
1.343145906855035543e-01 4.802872794694401937e-36
1.406438669226088845e-01 4.398665808114796537e-36
1.472713962197958470e-01 4.032596100868027352e-36
1.542112330889101601e-01 3.704750252117557548e-36
1.614780943293968873e-01 3.410722793872203179e-36
1.690873902371304027e-01 3.146630266806656447e-36
1.770552572838897942e-01 2.909072258353927095e-36
1.853985923367837407e-01 2.696860119788967324e-36
1.941350884901879015e-01 2.509318303329363842e-36
2.032832725861833112e-01 2.343298778076057472e-36
2.128625445030622454e-01 2.194969093908915492e-36
2.228932182952162722e-01 2.063158192461318962e-36
2.333965652716521733e-01 1.945163157480660230e-36
2.443948591044849683e-01 1.838423352542161514e-36
2.559114230630696318e-01 1.741743637907320974e-36
2.679706794739345477e-01 1.654082586248957105e-36
2.805982015114070749e-01 1.574524968052541995e-36
2.938207674287544591e-01 1.501315453418893429e-36
3.076664173448475648e-01 1.432592582007286732e-36
3.221645127067704339e-01 1.368030593291833204e-36
3.373457985544710547e-01 1.306339908261575524e-36
3.532424687194982149e-01 1.248275859298489418e-36
3.698882340960813475e-01 1.193453829464627752e-36
3.873183941293341648e-01 1.141455809996078916e-36
4.055699116721793174e-01 1.092118108070743850e-36
4.246814913697424254e-01 1.045288897979810278e-36
4.446936617374328549e-01 1.000825718950735949e-36
4.656488611067728378e-01 9.584942957231352807e-37
4.875915276212332006e-01 9.180449510589198383e-37
5.105681934729199289e-01 8.793910264204331845e-37
5.346275835799594311e-01 8.416531638830130251e-37
5.598207189138321160e-01 8.055768471474456986e-37
5.862010246957777282e-01 7.711690763625848966e-37
6.138244436917171809e-01 7.384393840232991143e-37
6.427495548459412067e-01 7.072971149386362564e-37
6.730376975051542976e-01 6.776563939896975195e-37
7.047531014962943319e-01 6.494365621419368650e-37
7.379630233339833367e-01 6.224965491200903474e-37
7.727378888464476736e-01 5.966840647371257448e-37
8.091514425223739204e-01 5.719519756010622026e-37
8.472809038953963423e-01 5.476809686236168331e-37
8.872071312978592195e-01 5.244244622167134771e-37
9.290147933311098116e-01 5.021763631832721955e-37
9.727925484159443137e-01 4.809266428706825015e-37
1.018633232803977551e+00 4.606284719681898156e-37
1.066634057448620387e+00 4.412370352979916609e-37
1.116896814153170991e+00 4.227097241792386238e-37
1.169528091433168937e+00 4.050060234227587069e-37
1.224639500550792404e+00 3.880874043250036163e-37
1.282347912200614948e+00 3.719142678822195353e-37
1.342775704348655896e+00 3.560416173336924337e-37
1.406051021750293728e+00 3.408455590547672354e-37
1.472308047697379330e+00 3.263048112232168529e-37
1.541687288570839254e+00 3.123909610497958404e-37
1.614335871802174527e+00 2.990768295531939920e-37
1.690407857875737774e+00 2.863364180403136846e-37
1.770064567033425407e+00 2.741448569027545952e-37
1.853474921374591355e+00 2.624783566292841723e-37
1.940815803076676671e+00 2.513141609387679576e-37
2.032272429496171373e+00 2.406447306414524540e-37
2.128038745945383781e+00 2.302811670643257070e-37
2.228317836977933286e+00 2.204230982087116698e-37
2.333322357055171992e+00 2.110474476751290503e-37
2.443274981506786681e+00 2.021279526761129248e-37
2.558408878741925463e+00 1.936399286745261518e-37
2.678968204712221635e+00 1.855601660898417855e-37
2.805208620675276432e+00 1.778668342704405508e-37
2.937397835356618359e+00 1.705393921892292361e-37
3.075816172659814995e+00 1.635585053624315804e-37
3.220757166128673799e+00 1.568760567504059962e-37
3.372528181422134175e+00 1.502986821070461202e-37
3.531451068121937098e+00 1.439487146483377484e-37
3.697862842255245752e+00 1.378235789880583421e-37
3.872116400979647377e+00 1.319177503789382811e-37
4.054581270946089333e+00 1.262257252980219432e-37
4.245644391926738592e+00 1.207420261420857387e-37
4.445710937369601545e+00 1.154612058958204630e-37
4.655205173619907377e+00 1.103778527490299326e-37
4.874571359630420986e+00 1.054865946407868025e-37
5.104274689068569515e+00 1.008118795416220348e-37
5.344802276818318987e+00 9.630775646160138170e-38
5.596664191968709900e+00 9.203266491679703345e-38
5.860394539479705678e+00 8.797526275191469214e-38
6.136552592819127128e+00 8.412328674385695849e-38
6.425723979972587152e+00 8.046523883989637334e-38
6.728521925341516940e+00 7.699033377792672974e-38
7.045588550162803720e+00 7.368845059979842789e-38
7.377596234207949522e+00 7.055008774762981500e-38
7.725249041649134618e+00 6.756599701005280576e-38
8.089284214116117866e+00 6.470640075965604214e-38
8.470473734110099073e+00 6.192193698944511687e-38
8.869625962089994431e+00 5.924288246805957826e-38
9.287587350702754208e+00 5.666671220878942412e-38
9.725244239792957046e+00 5.419013802797917653e-38
1.018352473599828656e+01 5.180995876814479339e-38
1.066340068091663262e+01 4.952305707969519614e-38
1.116588971201890246e+01 4.732639648631186266e-38
1.169205742067757292e+01 4.521701870987126220e-38
1.224301961188760579e+01 4.319265729241930667e-38
1.281994467047170083e+01 4.125986640077060543e-38
1.342405603878767550e+01 3.940283657692818266e-38
1.405663481119231228e+01 3.763273858334183925e-38
1.471902245076353033e+01 3.594569087268513340e-38
1.541262363404204905e+01 3.433762312712483242e-38
1.613890922982520948e+01 3.280467963188903858e-38
1.689941941832966066e+01 3.134320672591747870e-38
1.769576695733795901e+01 2.994974107128915031e-38
1.852964060225476572e+01 2.862099868322577965e-38
1.940280868732572372e+01 2.735347705133074187e-38
2.031712287561325780e+01 2.614163542446380832e-38
2.127452208568168146e+01 2.497593431566449110e-38
2.227703660331857449e+01 2.386112813205283912e-38
2.332679238701188140e+01 2.279521154698130103e-38
2.442601557631310172e+01 2.177607759841933702e-38
2.557703721264680041e+01 2.080170949676403725e-38
2.678229818257828398e+01 1.987017669808608473e-38
2.804435439402124075e+01 1.897963115796503319e-38
2.936588219636291086e+01 1.812830375682980699e-38
3.074968405600056442e+01 1.731486385292267559e-38
3.219869449932495797e+01 1.653895608646018389e-38
3.371598633575373327e+01 1.579602358663659874e-38
3.530477717401134186e+01 1.508743084841891920e-38
3.696843624547430807e+01 1.441162544471451453e-38
3.871049154905103507e+01 1.376704581102997299e-38
4.053463733274892178e+01 1.315220692175752666e-38
4.244474192779299671e+01 1.256569642656075819e-38
4.444485595191023464e+01 1.200617098782582448e-38
4.653922089917540461e+01 1.147235280837939504e-38
4.873227813463427083e+01 1.096282731031978597e-38
5.102867831277836075e+01 1.047605167840030358e-38
5.343329123984445062e+01 1.000972212085114397e-38
5.595121620085305381e+01 9.564209749422600825e-39
5.858779277328506652e+01 9.138618534233827545e-39
6.134861215032999127e+01 8.732053777502093039e-39
6.423952899771590808e+01 8.343661167804931267e-39
6.726667386926673942e+01 7.972624945114772007e-39
7.043646620751495391e+01 7.618166149943957951e-39
7.375562795693912221e+01 7.279540952694527643e-39
7.723119781869507960e+01 6.955520084584422774e-39
8.087054617706962745e+01 6.644887245025092973e-39
8.468139072931015221e+01 6.346560747715933816e-39
8.867181285197450791e+01 6.060664914465187792e-39
9.285027473851036461e+01 5.786745936877272196e-39
9.722563734440309702e+01 5.524346834295791573e-39
1.018071791779497914e+02 5.273026325911451106e-39
1.066046159765064232e+02 5.032358325340138996e-39
1.116281213099344143e+02 4.801931453462029688e-39
1.168883481549388108e+02 4.581358237205454410e-39
1.223964514860490453e+02 4.371156827287319874e-39
1.281641119311498471e+02 4.171397461484867626e-39
1.342035605417248405e+02 3.981232907248393547e-39
1.405276047303456721e+02 3.800451219788344462e-39
1.471496554304047493e+02 3.628567969472347974e-39
1.540837555356913242e+02 3.465116284777886150e-39
1.613446096801192198e+02 3.309655441967661601e-39
1.689476154207576997e+02 3.161769298496462307e-39
1.769088958902934223e+02 3.021064826950407716e-39
1.852453339881671468e+02 2.887123460635941533e-39
1.939746081828918136e+02 2.758755004437248006e-39
2.031152300014733783e+02 2.635439330444633103e-39
2.126865832854411167e+02 2.516827026124218619e-39
2.227089652967271149e+02 2.402949610552442916e-39
2.332036297605707489e+02 2.293654668114012898e-39
2.441928319367239055e+02 2.188787249796088481e-39
2.556998758145364548e+02 2.088196442583213956e-39
2.677491635320052978e+02 1.991735290216816946e-39
2.803662471235857083e+02 1.899260717296893931e-39
2.935778827065043401e+02 1.810711777183721426e-39
3.074120872204780994e+02 1.726526667621345766e-39
3.218981978411723617e+02 1.646598283270745044e-39
3.370669341933801775e+02 1.570543223405797397e-39
3.529504634958620954e+02 1.498306339936688647e-39
3.695824687759907761e+02 1.429688120868456482e-39
3.869982202988594508e+02 1.364495119810356596e-39
4.052346503623278409e+02 1.302544989111161006e-39
4.243304316166180570e+02 1.243665793316943452e-39
4.443260590745477430e+02 1.187695368524065860e-39
4.652639359863134132e+02 1.134379572023775265e-39
4.871884637609271067e+02 1.083188114338492287e-39
5.101461361250109121e+02 1.034007866135193848e-39
5.341856377186046529e+02 9.866106579516057344e-40
5.593579473370871256e+02 9.411073827635730690e-40
5.857164460381419531e+02 8.974425645015178853e-40
6.133170303430235890e+02 8.555558892535355684e-40
6.422182307721813004e+02 8.153885585285562279e-40
6.724813359666104589e+02 7.768832398313539029e-40
7.041705226581482293e+02 7.399840222258529899e-40
7.373529917643224962e+02 7.047089372647755848e-40
7.720991108963820579e+02 6.711557047588535742e-40
8.084825635826875896e+02 6.392444171804645228e-40
8.465805055239279682e+02 6.086798271743880862e-40
8.864737282115163453e+02 5.796079390591436523e-40
9.282468302561384235e+02 5.519617191967306620e-40
9.719883967897769708e+02 5.256695295509359924e-40
1.017791187321658299e+03 5.006634908947802298e-40
1.065752332446493938e+03 4.768792709567704859e-40
1.115973539822149860e+03 4.542558856460015471e-40
1.168561309853576631e+03 4.326329776121639969e-40
1.223627161540343423e+03 4.118400366903890310e-40
1.281287868966745464e+03 3.918564685857159818e-40
1.341665708935978273e+03 3.723442952288936830e-40
1.404888720273523631e+03 3.536203152722857085e-40
1.471090975349628479e+03 3.357802903743714322e-40
1.540412864396677605e+03 3.197701151705741637e-40
1.613001393224392814e+03 3.041202502907530737e-40
1.689010494964182953e+03 2.883173774717488380e-40
1.768601356503783563e+03 2.733058317189989345e-40
1.851942760304372541e+03 2.599641383491273972e-40
1.939211442325070720e+03 2.468404263486576770e-40
2.030592466813836154e+03 2.338756278176471558e-40
2.126279618759545883e+03 2.206575754158882015e-40
2.226475814837507642e+03 2.079511095391569304e-40
2.331393533719864081e+03 1.964795425965173955e-40
2.441255266663424663e+03 1.851260270042475529e-40
2.556293989330420118e+03 1.742522649916330255e-40
2.676753655842809621e+03 1.639925757336930607e-40
2.802889716117747412e+03 1.540334586572309988e-40
2.934969657581361389e+03 1.443822206136188495e-40
3.073273572409575991e+03 1.350216270897943543e-40
3.218094751498905225e+03 1.264533621537149621e-40
3.369740306426790539e+03 1.176566722618640490e-40
3.528531820720438191e+03 1.093654270652407218e-40
3.694806031815262486e+03 1.009644658262130205e-40
3.868915545149060108e+03 9.319681790286426053e-41
4.051229581906361091e+03 8.583668799335396400e-41
4.242134761998496288e+03 7.878998751287251065e-41
4.442035923939890381e+03 7.217134955930428925e-41
4.651356983359198239e+03 6.580956310086577685e-41
4.870541831965865640e+03 5.983118386860270700e-41
5.100055278878490753e+03 5.406687035313815211e-41
5.340384036311188538e+03 4.776412518942164502e-41
5.592037751708232463e+03 4.164585002167848517e-41
5.855550088515759853e+03 3.600323089496023839e-41
6.131479857882372016e+03 3.048488400223961286e-41
6.420412203688734735e+03 2.535486395383380764e-41
6.722959843418935634e+03 2.065417522544631177e-41
7.039764367505211339e+03 1.629275868987349583e-41
7.371497599901380454e+03 1.238445636887781315e-41
7.718863022770284260e+03 9.024997466072803596e-42
8.082597268306443766e+03 6.174453952977460454e-42
8.463471680857548563e+03 3.925482551961478351e-42
8.862293952657451882e+03 2.295904534525450045e-42
9.279909836639368223e+03 1.153981652938310310e-42
9.717204939961746277e+03 5.354573329876354074e-43
1.017510660204990018e+04 2.263800066730108057e-43
1.065458586113621277e+04 8.934534365696529917e-44
1.115665951346923794e+04 3.046824326364884624e-44
1.168239226955837694e+04 6.415162968117555611e-45
1.223289901202680630e+04 5.992661259505413302e-46
1.280934715986071933e+04 0.000000000000000000e+00
1.341295914406853262e+04 0.000000000000000000e+00
1.404501500000000851e+04 0.000000000000000000e+00
