5.109905999999998913e-04 4.324378355511783560e-35
5.350739471608674828e-04 5.484706629327438753e-35
5.602923594490998201e-04 6.816656460143222789e-35
5.866993332842237747e-04 8.284136210401001096e-35
6.143508864097285476e-04 9.832587230729800025e-35
6.433056767248385415e-04 1.135348215254608298e-34
6.736251267169156764e-04 1.269035241776552470e-34
7.053735537584442886e-04 1.391202343649488688e-34
7.386183065450112935e-04 1.506476065453638660e-34
7.734299079636989746e-04 1.616611230339219893e-34
8.098822046949649125e-04 1.716634803792839018e-34
8.480525238653717273e-04 1.799160403254946720e-34
8.880218370834626731e-04 1.874224860870914748e-34
9.298749322067633013e-04 1.948415397235627102e-34
9.737005932042918721e-04 2.029077842898160894e-34
1.019591788496107846e-03 2.111370226712705903e-34
1.067645868169435743e-03 2.186858672360838473e-34
1.117964770489733800e-03 2.254497947124028812e-34
1.170655238144762854e-03 2.316377301871564028e-34
1.225829044680400116e-03 2.383848311053203861e-34
1.283603231608521121e-03 2.458490682058619041e-34
1.344100356689960103e-03 2.539324264399074149e-34
1.407448753919206741e-03 2.602995870396764014e-34
1.473782805762365554e-03 2.648791692231633196e-34
1.543243228225895346e-03 2.707611890697606142e-34
1.615977369360824907e-03 2.770149122314464227e-34
1.692139521835690818e-03 2.823743164868593829e-34
1.771891250241249428e-03 2.881440202469640582e-34
1.855401733821306900e-03 2.942121710217027858e-34
1.942848125356680172e-03 2.988103344008635814e-34
2.034415926963609525e-03 3.032044095246735437e-34
2.130299383603835323e-03 3.086128283353334790e-34
2.230701895141060098e-03 3.135866194831224708e-34
2.335836447817936368e-03 3.179109539859487941e-34
2.445926066068853690e-03 3.221946981487459560e-34
2.561204285627007807e-03 3.262896784575951732e-34
2.681915648929301781e-03 3.300404108437747528e-34
2.808316223870069555e-03 3.335417328505280215e-34
2.940674147003997409e-03 3.368149557159138753e-34
3.079270192350595792e-03 3.398636889086611752e-34
3.224398367006827554e-03 3.425763461481670153e-34
3.376366534831363227e-03 3.448977028824610247e-34
3.535497069523549536e-03 3.470762262422559735e-34
3.702127538482402700e-03 3.491196891755125099e-34
3.876611418896406570e-03 3.509232913054302288e-34
4.059318847583090646e-03 3.522635500890455217e-34
4.250637406169097306e-03 3.530742165878583011e-34
4.450972943276316519e-03 3.538829046155128351e-34
4.660750435458270967e-03 3.547049449686711409e-34
4.880414888713006417e-03 3.553622313935853126e-34
5.110432282484912020e-03 3.555144326524197210e-34
5.351290558158063905e-03 3.550095458513414705e-34
5.603500654137899203e-03 3.541008288858244894e-34
5.867597589717050803e-03 3.528194150701411178e-34
6.144141600024537533e-03 3.511493891340904071e-34
6.433719324465893459e-03 3.491941777124155148e-34
6.736945051175336797e-03 3.469407585518864462e-34
7.054462020119863300e-03 3.440391106462164396e-34
7.386943787619504320e-03 3.405999281242442442e-34
7.735095655178427995e-03 3.369006835901570603e-34
8.099656165657847032e-03 3.338095016234016365e-34
8.481398669964579709e-03 3.313068511919016045e-34
8.881132967578827739e-03 3.275873609753004839e-34
9.299707024401060104e-03 3.231481752514938858e-34
9.738008771562377611e-03 3.189563643278354883e-34
1.019696798901395876e-02 3.146379620737731973e-34
1.067755827789143921e-02 3.100501406471723926e-34
1.118079912583826684e-02 3.052065323517363551e-34
1.170775806966910942e-02 3.000298231456328800e-34
1.225955295996120770e-02 2.944194362657549742e-34
1.283735433237743508e-02 2.884025668547848069e-34
1.344238789075152991e-02 2.820023703205593161e-34
1.407593710720290124e-02 2.752562868368349056e-34
1.473934594479659778e-02 2.682390320115920842e-34
1.543402170852428180e-02 2.610354963752577583e-34
1.616143803065380954e-02 2.536711244783841694e-34
1.692313799678055522e-02 2.461709879552805466e-34
1.772073741921169343e-02 2.385599981973237266e-34
1.855592826462734712e-02 2.309119004944571289e-34
1.943048224328993226e-02 2.233093507923943975e-34
2.034625456741532765e-02 2.157648726499462853e-34
2.130518788667883426e-02 2.082823633561904766e-34
2.230931640920430503e-02 2.008809032777971739e-34
2.336077021677827534e-02 1.935181807943875702e-34
2.446177978344336520e-02 1.861420005297323694e-34
2.561468070705597358e-02 1.787748054725079279e-34
2.682191866384581180e-02 1.714385160054902797e-34
2.808605459648715746e-02 1.641540862304120721e-34
2.940977014668765335e-02 1.569249326902290578e-34
3.079587334381888794e-02 1.497511188081610871e-34
3.224730456165596920e-02 1.426552500010705121e-34
3.376714275586267106e-02 1.356500337116925740e-34
3.535861199545342615e-02 1.287639596724173512e-34
3.702508830208788015e-02 1.220522519365100127e-34
3.877010681170620088e-02 1.155720356322191344e-34
4.059736927369716336e-02 1.093247048382851973e-34
4.251075190350757371e-02 1.033106090501103210e-34
4.451431360535042236e-02 9.752935053317904925e-35
4.661230458245526481e-02 9.197870294543868088e-35
4.880917535312576799e-02 8.665560205431064095e-35
5.110958619173024131e-02 8.155791641701178861e-35
5.351841701465286788e-02 7.667469750138389263e-35
5.604077773217677055e-02 7.201126671937461612e-35
5.868201908825858987e-02 6.755718750635085553e-35
6.144774401118905521e-02 6.330123896445214710e-35
6.434381949921876009e-02 5.924159988918655747e-35
6.737638906636125857e-02 5.537586487734039592e-35
7.055188577477605749e-02 5.170103031340579808e-35
7.387704588137647410e-02 4.821588656687434140e-35
7.735892312761256939e-02 4.491879081826405318e-35
8.100490370274097962e-02 4.180416775833450804e-35
8.482272191232401171e-02 3.885913531550928288e-35
8.882047658519712230e-02 3.608506234359424853e-35
9.300664825370738575e-02 3.348020983059574627e-35
9.739011714366883898e-02 3.104268863419560631e-35
1.019801820121978148e-01 2.876397245462269713e-35
1.067865798733878824e-01 2.663578530279741934e-35
1.118195066536702975e-01 2.465010924469710480e-35
1.170896388206754957e-01 2.280031590641849008e-35
1.226081560314792318e-01 2.108001548609431908e-35
1.283867648482754920e-01 1.948135901891711201e-35
1.344377235717856556e-01 1.799160527104736768e-35
1.407738682450850598e-01 1.660918327633365243e-35
1.474086398830069811e-01 1.534302495653733635e-35
1.543561129848874669e-01 1.420193816605145186e-35
1.616310253911374950e-01 1.317203247640956975e-35
1.692488095469747433e-01 1.224103837518387475e-35
1.772256252396380849e-01 1.139817507250598708e-35
1.855783938785289522e-01 1.063626625502285126e-35
1.943248343910018716e-01 9.949311521734315858e-36
2.034835008099471765e-01 9.328941405550151722e-36
2.130738216329029211e-01 8.764202841368683411e-36
2.231161410361913178e-01 8.252564990648771575e-36
2.336317620315045418e-01 7.783934096903200791e-36
2.446429916564918927e-01 7.348600750009248026e-36
2.561731882952099637e-01 6.943840034061852098e-36
2.682468112288213802e-01 6.567206704873658704e-36
2.808894725216505850e-01 6.216471387431652798e-36
2.941279913526660406e-01 5.891175823483395537e-36
3.079904509076459851e-01 5.591156241189044015e-36
3.225062579527093742e-01 5.314141606146186490e-36
3.377062052155893612e-01 5.055573859879578269e-36
3.536225367069832370e-01 4.816335110758846038e-36
3.702890161205398267e-01 4.593470748372391678e-36
3.877409984565892143e-01 4.384037156085167366e-36
4.060155050215464856e-01 4.187093567834149663e-36
4.251513019620947187e-01 4.001784222360774555e-36
4.451889825007351864e-01 3.827320234736120054e-36
4.661710530471574465e-01 3.661899078036252480e-36
4.881420233681025289e-01 3.503642530677568814e-36
5.111485010069918289e-01 3.352226228490330715e-36
5.352392901536189296e-01 3.205903528569096284e-36
5.604654951736446344e-01 3.065948745187223160e-36
5.868806290175049289e-01 2.931887435000802610e-36
6.145407267387100747e-01 2.803233057217693342e-36
6.435044643623381022e-01 2.679793820241275767e-36
6.738332833558897672e-01 2.561385924035902895e-36
7.055915209665376553e-01 2.447830500153312589e-36
7.388465467012609311e-01 2.339261931160713317e-36
7.736689052393919130e-01 2.235852817090635101e-36
8.101324660807246447e-01 2.137334775987261394e-36
8.483145802466445229e-01 2.042393991444681873e-36
8.882962443666999608e-01 1.951946834428498244e-36
9.301622724986815527e-01 1.865821168135255612e-36
9.740014760467072819e-01 1.783859850676141655e-36
1.019906852158969146e+00 1.705844105171167443e-36
1.067975781004807168e+00 1.631567982041049395e-36
1.118310232349583710e+00 1.560837255606923882e-36
1.171016981865573792e+00 1.493468241132343682e-36
1.226207837637754539e+00 1.429287657614834866e-36
1.283999877344956131e+00 1.368101830549567994e-36
1.344515696619539291e+00 1.308842059259940771e-36
1.407883669112426794e+00 1.252024642014903929e-36
1.474238218815201451e+00 1.197555527372861901e-36
1.543720105216920935e+00 1.145343969357768458e-36
1.616476721900574454e+00 1.095302425081374194e-36
1.692662409212616570e+00 1.047346768176906239e-36
1.772438781668820296e+00 1.001395814247317393e-36
1.855975070790998771e+00 9.573709653192020094e-37
1.943448484101880425e+00 9.151964492853777932e-37
2.035044581039647138e+00 8.748032425517453206e-37
2.130957666589599064e+00 8.359322238313675804e-37
2.231391203467948170e+00 7.990037604384421987e-37
2.336558243732142603e+00 7.639114167524183773e-37
2.446681880733272418e+00 7.305551052338787765e-37
2.561995722369310169e+00 6.988406780718393550e-37
2.682744386643130419e+00 6.686796745340975805e-37
2.809184020576507734e+00 6.399888124633777621e-37
2.941582843580895279e+00 6.126895523854235915e-37
3.080221716437677504e+00 5.867079247764152219e-37
3.225394737094832820e+00 5.619715955629497654e-37
3.377409864543932549e+00 5.380395735345261859e-37
3.536589572100882428e+00 5.149767103172150258e-37
3.703271531476279854e+00 4.927592880707695101e-37
3.877809329086457257e+00 4.713638898249913468e-37
4.060573216124771179e+00 4.507674077804627529e-37
4.251950893984312252e+00 4.309471112034128294e-37
4.452348336698102926e+00 4.118805821025793426e-37
4.662190652141506853e+00 3.935456737749488014e-37
4.881922983823686835e+00 3.759205813771602343e-37
5.112011455181177944e+00 3.589827056448213943e-37
5.352944158376618411e+00 3.426593816112062572e-37
5.605232189700330991e+00 3.271377876326269521e-37
5.869410733771050381e+00 3.123761903137151637e-37
6.146040198835829749e+00 2.983347898545565212e-37
6.435707405577423934e+00 2.849760157297464938e-37
6.739026831951010266e+00 2.722644190239029714e-37
7.056641916690882255e+00 2.601665161296524911e-37
7.389226424252463232e+00 2.486506505517289036e-37
7.737485874084864435e+00 2.376869105486863292e-37
8.102159037266135400e+00 2.272464107583313586e-37
8.484019503675968465e+00 2.172270841412672458e-37
8.883877323030375806e+00 2.076442333583495191e-37
9.302580723259479711e+00 1.984781228783234989e-37
9.741017909873583847e+00 1.897108957498656766e-37
1.020011895013482217e+01 1.813254520503678173e-37
1.068085774603095395e+01 1.733054246282859418e-37
1.118425410023689359e+01 1.656351388922559153e-37
1.171137587944645553e+01 1.582995770468438949e-37
1.226334127966347154e+01 1.512843582204659778e-37
1.284132119825754081e+01 1.445754066744312157e-37
1.344654171781669660e+01 1.381314063877677910e-37
1.408028670706555729e+01 1.319745299291885528e-37
1.474390054436669217e+01 1.260922386495053574e-37
1.543879096958251296e+01 1.204722763584620978e-37
1.616643207034742602e+01 1.151029371661050166e-37
1.692836740908512283e+01 1.099730418593808008e-37
1.772621329740423235e+01 1.050719121818342035e-37
1.856166222481889250e+01 1.003893468321259683e-37
1.943648644906700085e+01 9.591560128137788480e-38
2.035254175564285717e+01 9.164121587469583905e-38
2.131177139451919089e+01 8.754290604560235459e-38
2.231621020240969244e+01 8.362365747013009558e-38
2.336798891931672273e+01 7.987523967034436910e-38
2.446933870852069859e+01 7.629041667953949817e-38
2.562259588960027301e+01 7.286225227454217032e-38
2.683020689452260044e+01 6.958409593326192298e-38
2.809473345731786509e+01 6.644957300384454437e-38
2.941885804834679874e+01 6.345257469624058713e-38
3.080538956468901901e+01 6.058724547091689884e-38
3.225726928872348509e+01 5.784790532283554137e-38
3.377757712754072372e+01 5.522387989736610762e-38
3.536953814642354388e+01 5.272256526484065471e-38
3.703652941025475087e+01 5.033973318553895557e-38
3.878208714736547336e+01 4.806954000050809733e-38
4.060991425102065477e+01 4.590644203533145637e-38
4.252388813445499238e+01 4.384517668576962124e-38
4.452806895612172866e+01 4.188075077676438035e-38
4.662670823260417308e+01 4.000842856700974116e-38
4.882425785745890323e+01 3.822371522583056839e-38
5.112537954512380622e+01 3.652231610872201651e-38
5.353495471992415844e+01 3.489779540339327303e-38
5.605809487115445222e+01 3.334741744529165206e-38
5.870015239620271785e+01 3.186706573075765743e-38
6.146673195471824869e+01 3.045352764779966519e-38
6.436370235791054029e+01 2.910374026086280393e-38
6.739720901819805476e+01 2.781477982325850818e-38
7.057368698561825227e+01 2.658385919882140767e-38
7.389987459865271546e+01 2.540832416792426763e-38
7.738282777842536575e+01 2.428564375259768760e-38
8.102993499659636711e+01 2.321339482056751960e-38
8.484893294870266800e+01 2.218849741992473224e-38
8.884792296619572483e+01 2.120731038903388275e-38
9.303538820198853898e+01 2.026635987773431875e-38
9.742021162597046668e+01 1.936414514831983293e-38
1.020116948686630707e+02 1.849921557281448750e-38
1.068195779529908549e+02 1.767016547713610220e-38
1.118540599560244857e+02 1.687563712671283196e-38
1.171258206445252910e+02 1.611432219585549198e-38
1.226460431301906198e+02 1.538495658303800186e-38
1.284264375926545654e+02 1.468631769605829792e-38
1.344792661205715092e+02 1.401711952932533583e-38
1.408173687234773581e+02 1.337805304323877179e-38
1.474541905696083290e+02 1.276993789592357904e-38
1.544038105074557166e+02 1.219120519987879589e-38
1.616809709315650423e+02 1.164035976673078485e-38
1.693011090559278671e+02 1.111598267352827823e-38
1.772803896613124266e+02 1.061673140226494399e-38
1.856357393859987042e+02 1.014133859294456146e-38
1.943848826326598953e+02 9.688604099025004443e-39
2.035463791675610423e+02 9.257393516892045308e-39
2.131396634918323230e+02 8.846799415064886228e-39
2.231850860683421445e+02 8.455054375720647526e-39
2.337039564916180154e+02 8.080100449988159212e-39
2.447185886923981286e+02 7.721204749295129978e-39
2.562523482727046940e+02 7.377706100974938228e-39
2.683297020718530348e+02 7.048965636785200166e-39
2.809762700685420214e+02 6.734370582500418595e-39
2.942188797291236710e+02 6.433336349582395348e-39
3.080856229173506904e+02 6.145301538178336145e-39
3.226059154863151548e+02 5.869731068508530385e-39
3.378105596789998231e+02 5.606395433907932064e-39
3.537318094698107416e+02 5.354634662412065816e-39
3.704034389857026781e+02 5.114478779657882599e-39
3.878608141520410300e+02 4.885422754954439781e-39
4.061409677151796700e+02 4.666938165662557974e-39
4.252826778009139730e+02 4.458518834811683182e-39
4.453265501754406159e+02 4.259684441789715552e-39
4.663151043833393032e+02 4.069982364092081871e-39
4.882928639452964035e+02 3.888982223072322692e-39
5.113064508069126646e+02 3.716279523964658955e-39
5.354046842389443555e+02 3.551817095345606128e-39
5.606386843987930888e+02 3.394792855134381461e-39
5.870619807729108288e+02 3.244490917715533752e-39
6.147306257301773940e+02 3.100573139867327290e-39
6.437033134271276822e+02 2.962780436502699662e-39
6.740415043172658898e+02 2.830859597641727698e-39
7.058095555285933642e+02 2.704568223727010330e-39
7.390748573859127646e+02 2.583677651641348534e-39
7.739079763675410959e+02 2.467968116317363576e-39
8.103828047996571513e+02 2.357233619730705821e-39
8.485767176058570840e+02 2.251620014218120215e-39
8.885707364444255063e+02 2.150584791648271348e-39
9.304497015815119312e+02 2.054357666887954914e-39
9.743024518648131789e+02 1.962812958729162519e-39
1.020222013179531700e+03 1.875707690169721870e-39
1.068305795786417093e+03 1.792807718481901599e-39
1.118655800960467559e+03 1.713892725182847113e-39
1.171378837368670474e+03 1.638758975666656988e-39
1.226586747645773585e+03 1.567213810178378740e-39
1.284396645648738968e+03 1.499080396042407724e-39
1.344931164893148662e+03 1.434536019652896669e-39
1.408318718698623343e+03 1.373020184891910269e-39
1.474693772595049722e+03 1.314064916515161492e-39
1.544197129567518687e+03 1.257426183057911984e-39
1.616976228745057142e+03 1.203023209195210843e-39
1.693185458166768058e+03 1.150772404688326856e-39
1.772986482288864863e+03 1.100594040372536179e-39
1.856548584927324782e+03 1.052416115131527307e-39
1.944049028363705702e+03 1.006168718948118255e-39
2.035673429375838850e+03 9.617892853339647395e-40
2.131616152991131003e+03 9.195454439294233413e-40
2.232080724797732728e+03 8.790062160367767277e-40
2.337280262688223502e+03 8.402950066752276917e-40
2.447437928951686899e+03 8.034627864718847894e-40
2.562787403673175959e+03 7.684121671636062091e-40
2.683573380444880968e+03 7.350460411377773554e-40
2.810052085440466271e+03 7.032747426457711655e-40
2.942491820953766819e+03 6.730529119628127808e-40
3.081173534554844991e+03 6.446315792800405623e-40
3.226391415070771927e+03 6.177002458652041097e-40
3.378453516655411477e+03 5.917895914079474165e-40
3.537682412272016336e+03 5.662216478248033654e-40
3.704415877974991417e+03 5.423744282496612685e-40
3.879007609442266585e+03 5.194943130392059982e-40
4.061827972278384095e+03 4.970060253495946684e-40
4.253264787679887377e+03 4.754237150944228210e-40
4.453724155129686551e+03 4.554401277592064592e-40
4.663631313865541415e+03 4.357304938549005957e-40
4.883431544950256466e+03 4.165003664364822381e-40
5.113591115856979741e+03 3.983292378487093515e-40
5.354598269573530160e+03 3.811914414551066674e-40
5.606964260323888993e+03 3.645296332242781614e-40
5.871224438103983630e+03 3.488538795781311866e-40
6.147939384332416921e+03 3.330026340288181063e-40
6.437696101025147073e+03 3.181174077719113988e-40
6.741109256016946347e+03 3.041675865051515424e-40
7.058822486870888497e+03 2.902671776657974058e-40
7.391509766242074875e+03 2.776689719853463853e-40
7.739876831591910559e+03 2.655800411606686153e-40
8.104662682285806113e+03 2.533500362173100281e-40
8.486641147250184076e+03 2.408965270892232131e-40
8.886622526514165656e+03 2.293765048357646053e-40
9.305455310118457419e+03 2.178074654039872067e-40
9.744027978037440334e+03 2.068985929146818682e-40
1.020327088493294468e+04 1.958981709231472014e-40
1.068415823373784224e+04 1.849555448085540950e-40
1.118771014225580439e+04 1.747585473109866006e-40
1.171499480716181097e+04 1.643255198260874226e-40
1.226713076999293116e+04 1.540722380705859204e-40
1.284528928993730551e+04 1.434906609286310944e-40
1.345069682845435273e+04 1.324768084594572018e-40
1.408463765099635748e+04 1.208746892366192161e-40
1.474845655135183733e+04 1.093273825907023602e-40
1.544356170438830304e+04 9.726308354209825605e-41
1.617142765324733591e+04 8.508504009813451840e-41
1.693359843732834997e+04 7.275712296999275385e-41
1.773169086769573187e+04 6.013924039099595963e-41
1.856739795685925128e+04 4.791663619990025580e-41
1.944249251020134034e+04 3.625350285814412275e-41
2.035883088667199991e+04 2.552063097418858433e-41
2.131835693672681373e+04 1.616359127824820099e-41
2.232310612586347997e+04 8.993009554403128723e-42
2.337520985250362719e+04 4.875412452292803852e-42
2.447689996937848264e+04 2.843133440257348161e-42
2.563051351801205601e+04 1.462575800334691576e-42
2.683849768634228894e+04 5.225490192098545534e-43
2.810341500000002270e+04 1.021458406226042381e-43
