5.109905999999998913e-04 3.824008901543780272e-32
5.350527105998974459e-04 4.493985003206562709e-32
5.602478854215672734e-04 5.175643237623834525e-32
5.866294794907584830e-04 5.830999346442653694e-32
6.142533602757806058e-04 6.418299692367035441e-32
6.431780259962750117e-04 6.896284967454140169e-32
6.734647295030442640e-04 7.228923311781484498e-32
7.051776079912839201e-04 7.389867423988836014e-32
7.383838188218890984e-04 7.385429801456263526e-32
7.731536817384808283e-04 7.327397309485051810e-32
8.095608277813037563e-04 7.234913030226414290e-32
8.476823552133510220e-04 7.109307003740102938e-32
8.875989927889262315e-04 6.952409936376184342e-32
9.293952707103689042e-04 6.769108048730679590e-32
9.731596996349999159e-04 6.576237700377658731e-32
1.018984958111341689e-03 6.377139880038285447e-32
1.066968088841548871e-03 6.172842582299572461e-32
1.117210704185679594e-03 5.964372998851828155e-32
1.169819201342977340e-03 5.753347495438634890e-32
1.224904987665853800e-03 5.544311797306292204e-32
1.282584716583727927e-03 5.338162952822697044e-32
1.342980534636303890e-03 5.135153383383566309e-32
1.406220340139434756e-03 4.935531403843319168e-32
1.472438054031356388e-03 4.739752298279793260e-32
1.541773903472814546e-03 4.549199134298787468e-32
1.614374718801704156e-03 4.364046530077680281e-32
1.690394244471033489e-03 4.184311881420849471e-32
1.769993464628688258e-03 4.010005350183292834e-32
1.853340944028489907e-03 3.841271296353408408e-32
1.940613184994433070e-03 3.679012114520356815e-32
2.031995001194096019e-03 3.523141397227996831e-32
2.127679909012696220e-03 3.373418648235161385e-32
2.227870537356631264e-03 3.229621785778007669e-32
2.332779056754306218e-03 3.091222407983958135e-32
2.442627628662961264e-03 2.956515668343330592e-32
2.557648875932976799e-03 2.825340817433841628e-32
2.678086375425927854e-03 2.697789504373834362e-32
2.804195173829614109e-03 2.573940790833012171e-32
2.936242327762361454e-03 2.454105204579391536e-32
3.074507469310405836e-03 2.339581836381623118e-32
3.219283398195903634e-03 2.230322820306519623e-32
3.370876701829676487e-03 2.126085206043678623e-32
3.529608404561674143e-03 2.026643119248005795e-32
3.695814647504090233e-03 1.932017730111967364e-32
3.869847400366797485e-03 1.843096986652780484e-32
4.052075206812457385e-03 1.759629677338083614e-32
4.242883964909815488e-03 1.681237915255920488e-32
4.442677744337836070e-03 1.607575502177573391e-32
4.651879642071301765e-03 1.537968246271741548e-32
4.870932678359902665e-03 1.470560199629676185e-32
5.100300734898224192e-03 1.405130765798561011e-32
5.340469537173373089e-03 1.341685759723469038e-32
5.591947683070477675e-03 1.280230176168970585e-32
5.855267719914375446e-03 1.220936042371699171e-32
6.130987272228233080e-03 1.164557498743061706e-32
6.419690222597423598e-03 1.111039447752469951e-32
6.721987948139184800e-03 1.060228489801184464e-32
7.038520615196667413e-03 1.011981304806601344e-32
7.369958534998958567e-03 9.661896898771594137e-33
7.717003583157972489e-03 9.228527614591491068e-33
8.080390686008312451e-03 8.818342086585704502e-33
8.460889376937487383e-03 8.429910224806597399e-33
8.859305426002514125e-03 8.061957781152723159e-33
9.276482546283678840e-03 7.712622538071931489e-33
9.713304180589087816e-03 7.377870867023065127e-33
1.017069537229356099e-02 7.056731847064819154e-33
1.064962472427380576e-02 6.748689992348767234e-33
1.115110645008809444e-02 6.453263345112376584e-33
1.167620252174431106e-02 6.170175634115370393e-33
1.222602491860448268e-02 5.899798745227990038e-33
1.280173798218836069e-02 5.641648090545544277e-33
1.340456088186269684e-02 5.395147645116956444e-33
1.403577019663765184e-02 5.159770090859201015e-33
1.469670261853786748e-02 4.934632248124683961e-33
1.538875778327292339e-02 4.717721604120139042e-33
1.611340123420166096e-02 4.508637527847859458e-33
1.687216752586708640e-02 4.307200894069756458e-33
1.766666347367398804e-02 4.113243906627674607e-33
1.849857155659119165e-02 3.927421495759887244e-33
1.936965348008415008e-02 3.752808684585454662e-33
2.028175390682288026e-02 3.588987386576338539e-33
2.123680436306587399e-02 3.435178213364455852e-33
2.223682732899221956e-02 3.290679964739162586e-33
2.328394052164397057e-02 3.153933854429527460e-33
2.438036137954867344e-02 3.020804271265440636e-33
2.552841175851880764e-02 2.890940054891118811e-33
2.673052284857252436e-02 2.764431575718954206e-33
2.798924032238798640e-02 2.641361747263928785e-33
2.930722972619388342e-02 2.522304965004394946e-33
3.068728212451253892e-02 2.409216344384899776e-33
3.213232001070905064e-02 2.301963335280899596e-33
3.364540349586313955e-02 2.200197825486043310e-33
3.522973678906980016e-02 2.103605647909942267e-33
3.688867498289153529e-02 2.012043186451748078e-33
3.862573115833196208e-02 1.925798843689707439e-33
4.044458382437650379e-02 1.844575492208945495e-33
4.234908470785456180e-02 1.768039545812945986e-33
4.434326691011980515e-02 1.695884221862511990e-33
4.643135344782145513e-02 1.627513285718704675e-33
4.861776619585324311e-02 1.561527152268432669e-33
5.090713525141824652e-02 1.497745989181764414e-33
5.330430873903931055e-02 1.436117412133398662e-33
5.581436307727927898e-02 1.376595478985562223e-33
5.844261372891232376e-02 1.319124639963191199e-33
6.119462645731119782e-02 1.263631903538217019e-33
6.407622911288887724e-02 1.210069860052474134e-33
6.709352397455314865e-02 1.158394956546661725e-33
7.025290067230956226e-02 1.108563866850641941e-33
7.356104971837955364e-02 1.060540525852596630e-33
7.702497667548648119e-02 1.014311576539190759e-33
8.065201699231439036e-02 9.698291509023509591e-34
8.444985153755636687e-02 9.270401278984521701e-34
8.842652286544694373e-02 8.858967190894358816e-34
9.259045224722568801e-02 8.464426451163531325e-34
9.695045750459700684e-02 8.089445520196689914e-34
1.015157716829522966e-01 7.733251749950386425e-34
1.062960626038991774e-01 7.394809150504186929e-34
1.113014533385010413e-01 7.073149396590619743e-34
1.165425436445856194e-01 6.766945210260683466e-34
1.220304324135169233e-01 6.473962757593245057e-34
1.277767411739664516e-01 6.193504374433284558e-34
1.337936387024580842e-01 5.925021594835575483e-34
1.400938667928013082e-01 5.668022409533944877e-34
1.466907672389850537e-01 5.422169806919370004e-34
1.535983100886740282e-01 5.187481186573268845e-34
1.608311232271370517e-01 4.963465521656930942e-34
1.684045233542570408e-01 4.749614250313787048e-34
1.763345484202235303e-01 4.545446269060885126e-34
1.846379915885917877e-01 4.350319271517890307e-34
1.933324367986360426e-01 4.163216723282594713e-34
2.024362960023015912e-01 3.983777484823472459e-34
2.119688481546131154e-01 3.811696477522438288e-34
2.219502800401102205e-01 3.646704831523197418e-34
2.324017290217614551e-01 3.488855291939339513e-34
2.433453278028917532e-01 3.338890300028294345e-34
2.548042512969083129e-01 3.196449986328940045e-34
2.668027657040819567e-01 3.061111534016272631e-34
2.793662798993140073e-01 2.932482192463796799e-34
2.925213992397077134e-01 2.809744978385419566e-34
3.062959819058910238e-01 2.691169176714677204e-34
3.207191978964077927e-01 2.576554364787699613e-34
3.358215908001010441e-01 2.465816687225995688e-34
3.516351424773051515e-01 2.358889657792797535e-34
3.681933407868236419e-01 2.255797351042255075e-34
3.855312505021066261e-01 2.156761201382093577e-34
4.036855875668168281e-01 2.061669575406540425e-34
4.226947968470218808e-01 1.970388910442886958e-34
4.425991335446720076e-01 1.882789935891156269e-34
4.634407484447718439e-01 1.799078109088804892e-34
4.852637771767629449e-01 1.720106637833898989e-34
5.081144336791550975e-01 1.645642487836111109e-34
5.320411080653226765e-01 1.575385837692339755e-34
5.570944690977169822e-01 1.509075192451268652e-34
5.833275714875074680e-01 1.446128869851050875e-34
6.107959682468653284e-01 1.385336272338447266e-34
6.395578283318210655e-01 1.326573374935773463e-34
6.696740598248279719e-01 1.269800095838794726e-34
7.012084389178832033e-01 1.214977572522723080e-34
7.342277449693518365e-01 1.162136641116717644e-34
7.688019019205096782e-01 1.111435830072016593e-34
8.050041263712585105e-01 1.062810289979144819e-34
8.429110826286125846e-01 1.016176097030959904e-34
8.826030450562765139e-01 9.714628148416440978e-35
9.241640680691273202e-01 9.286156570249655794e-35
9.676821641325991097e-01 8.876118982059844685e-35
1.013249490143893095e+00 8.483777348824883367e-35
1.060962542589734880e+00 8.108393333139013307e-35
1.110922361893931898e+00 7.749262310326210731e-35
1.163234746387484586e+00 7.406279172230703501e-35
1.218010476354375093e+00 7.080351042724117893e-35
1.275365548627472645e+00 6.770649001484600065e-35
1.335421422231357180e+00 6.476240297599864918e-35
1.398305275592267138e+00 6.196330149097404002e-35
1.464150275859829931e+00 5.929574745857608369e-35
1.533095860910923980e+00 5.673719106121199073e-35
1.605288034632876171e+00 5.428249582908824256e-35
1.680879676111268095e+00 5.192782039792460916e-35
1.760030863377157528e+00 4.966947068989489931e-35
1.842909212399263197e+00 4.750522095411064339e-35
1.929690232039000364e+00 4.543517062852630255e-35
2.020557695720064828e+00 4.345540426691815962e-35
2.115704030599591334e+00 4.156161470798212731e-35
2.215330725065079331e+00 3.975030536274816397e-35
2.319648755419978947e+00 3.801549734046791115e-35
2.428879032661536819e+00 3.634754605122152675e-35
2.543252870297051160e+00 3.474397634662008312e-35
2.663012474189168977e+00 3.320281743963181873e-35
2.788411455467584954e+00 3.172215941506215548e-35
2.919715367593330946e+00 3.030444894172941023e-35
3.057202268712945870e+00 2.895863432301216605e-35
3.201163310493417846e+00 2.768130632891276332e-35
3.351903354684893088e+00 2.646835108723989904e-35
3.509741618716746725e+00 2.531637208248428341e-35
3.675012351694272539e+00 2.422045464168416948e-35
3.848065542227442570e+00 2.317353691623793926e-35
4.029267659590719752e+00 2.217314042702098339e-35
4.219002429783486718e+00 2.121715597751972922e-35
4.417671648134444240e+00 2.030358187131861346e-35
4.625696030170908912e+00 1.942899521087626560e-35
4.843516102554787928e+00 1.858795485950543411e-35
5.071593135971953714e+00 1.777918246552873189e-35
5.310410121950640772e+00 1.700146624690180057e-35
5.560472795677303459e+00 1.625396143705657429e-35
5.822310706976080219e+00 1.553590026625695905e-35
6.096478341719705263e+00 1.484674064539388530e-35
6.383556296046730694e+00 1.418548739669877315e-35
6.684152505871638006e+00 1.355116019688582109e-35
6.998903534291466499e+00 1.294281426082646907e-35
7.328475919615453194e+00 1.236107528904635809e-35
7.673567586872096058e+00 1.180862418298579635e-35
8.034909325782958689e+00 1.128403094316160057e-35
8.413266338332986649e+00 1.078562641597190739e-35
8.809439859214510449e+00 1.031208343973268802e-35
9.224268852576747335e+00 9.860851026267500531e-36
9.658631788673597285e+00 9.427877146951001447e-36
1.011344850417237673e+01 9.012360404279099145e-36
1.058968215006285618e+01 8.613677639767817028e-36
1.108834123129171623e+01 8.231227723803101448e-36
1.161048174244151987e+01 7.864420254993947086e-36
1.215720940397720895e+01 7.512683078530620330e-36
1.272968200379531467e+01 7.175511220357957300e-36
1.332911184903483104e+01 6.853371845214137049e-36
1.395676833334177225e+01 6.546110281882404743e-36
1.461398062502388306e+01 6.253038370691969842e-36
1.530214048178853581e+01 5.973481718910936977e-36
1.602270519802395299e+01 5.706799027971351962e-36
1.677720069086551291e+01 5.452384381749791220e-36
1.756722473158231068e+01 5.209664599863824869e-36
1.839445032912674449e+01 4.978086638226317717e-36
1.926062927301293115e+01 4.757124241554185400e-36
2.016759584302588237e+01 4.546259639816913017e-36
2.111727069361789333e+01 4.344544625059790557e-36
2.211166492121783378e+01 4.151466806788765369e-36
2.315288432306635613e+01 3.966683995989518959e-36
2.424313385659643671e+01 3.789852918733425774e-36
2.538472230880190494e+01 3.620644040344223254e-36
2.658006718548276126e+01 3.458743012801482989e-36
2.783169983072083653e+01 3.303849731477438312e-36
2.914227078742725041e+01 3.155672072321755680e-36
3.051455541031314311e+01 3.013929560206044104e-36
3.195145974317103921e+01 2.878371901294581151e-36
3.345602667291173304e+01 2.749176511939212958e-36
3.503144237338982947e+01 2.626267444506578331e-36
3.668104305266353293e+01 2.509327562750524148e-36
3.840832201797677925e+01 2.398047240334118525e-36
4.021693707342600987e+01 2.292134067009399026e-36
4.211071826597611079e+01 2.191313044120928259e-36
4.409367599622994049e+01 2.095325425814995316e-36
4.617000951112694906e+01 2.003924133436546064e-36
4.834411579655589009e+01 1.916875527986633518e-36
5.062059888871253577e+01 1.833941688674463147e-36
5.300427962392224401e+01 1.754423270178995886e-36
5.550020584757236719e+01 1.678002507101554687e-36
5.811366310377505329e+01 1.604581649314601748e-36
6.085018582839715151e+01 1.534058693328805614e-36
6.371556906915972007e+01 1.466334623141544560e-36
6.671588075762821290e+01 1.401314069698891198e-36
6.985747455907900871e+01 1.338905142025717219e-36
7.314700332745573519e+01 1.279016987942624752e-36
7.659143319390805971e+01 1.221561364988748582e-36
8.019805831874690227e+01 1.166457956677092411e-36
8.397451633805825111e+01 1.113761261492516597e-36
8.792880453768316329e+01 1.063451148336138988e-36
9.206929678881753887e+01 1.015422766131318889e-36
9.640476128109472143e+01 9.695717121906440687e-37
1.009443790907029950e+02 9.257985838249453602e-37
1.056977636228616575e+02 8.840090502242505794e-37
1.106749809698248299e+02 8.441135875801798114e-37
1.158865712275271846e+02 8.060261567801386980e-37
1.213435708160120896e+02 7.696647371881010704e-37
1.270575358509100141e+02 7.349528109838208009e-37
1.330405666154584026e+02 7.018572128601930177e-37
1.393053331848907703e+02 6.703314293989114643e-37
1.458651022574537706e+02 6.402999978735779041e-37
1.527337652488751871e+02 6.116885535885396238e-37
1.599258677097763837e+02 5.844266882624329739e-37
1.674566401283242101e+02 5.584479642317378058e-37
1.753420301833564849e+02 5.336897022550136237e-37
1.835987365162762899e+02 5.100919638410954173e-37
1.922442440932377394e+02 4.875979214221297169e-37
2.012968612325064157e+02 4.661502092393877450e-37
2.107757583754068946e+02 4.455731183771714580e-37
2.207010086829591557e+02 4.257823357070325878e-37
2.310936305441799163e+02 4.067555853248101555e-37
2.419756320860593632e+02 3.884691834651261995e-37
2.533700577794769515e+02 3.708999753913991265e-37
2.653010372397497463e+02 3.540254076306422712e-37
2.777938363251544160e+02 3.378235230233395703e-37
2.908749106416402697e+02 3.222726582717195300e-37
3.045719615670279836e+02 3.073516326626291530e-37
3.189139949133431173e+02 2.930429492190178010e-37
3.339313823515080344e+02 2.794394303661769761e-37
3.496559257284677074e+02 2.665640576471932574e-37
3.661209244129599938e+02 2.543748950398164373e-37
3.833612458125343778e+02 2.428316459701550579e-37
4.014133992111599127e+02 2.318966397532276977e-37
4.203156130837833757e+02 2.215346926824259116e-37
4.401079160515595277e+02 2.117129408954315203e-37
4.608322216492026655e+02 2.024005020957861165e-37
4.825324170839515432e+02 1.935684466119881868e-37
5.052544561741224811e+02 1.851878612114661699e-37
5.290464566640587236e+02 1.771592554343448455e-37
5.539588021215583922e+02 1.694332332807539910e-37
5.800442486335601870e+02 1.620011692611141488e-37
6.073580365260480676e+02 1.548539503856825800e-37
6.359580073447409632e+02 1.479826762514042014e-37
6.659047263443069369e+02 1.413786747390879824e-37
6.972616107454914527e+02 1.350335013782830870e-37
7.300950640317566922e+02 1.289388574376782173e-37
7.644746165698492177e+02 1.230866370732909098e-37
8.004730728520546563e+02 1.174694321935612338e-37
8.381666656719733055e+02 1.121002781714521101e-37
8.776352175602983152e+02 1.069806656815378305e-37
9.189623098224690239e+02 1.020991279578378040e-37
9.622354595361537122e+02 9.744438819629412948e-38
1.007546304883410812e+03 9.300573201629281667e-38
1.054990799209965189e+03 8.877298608330357453e-38
1.104669414222579007e+03 8.473649160252562172e-38
1.156687352754811855e+03 8.088704020057841937e-38
1.211154771551731073e+03 7.721587245049901571e-38
1.268187014545381544e+03 7.371467303224384844e-38
1.327904857114980359e+03 7.037571971050439756e-38
1.390434761849121742e+03 6.719209013669764662e-38
1.455909146351610161e+03 6.415649906708090665e-38
1.524466663658023890e+03 6.126183142873683190e-38
1.596252495856886526e+03 5.850134157359388082e-38
1.671418661537176604e+03 5.586863673353334387e-38
1.750124337713294608e+03 5.335765846926601693e-38
1.832536196909200498e+03 5.096264321660104214e-38
1.918828760115538898e+03 4.867811786626754430e-38
2.009184766367247448e+03 4.649886533623544678e-38
2.103795559724224859e+03 4.441865683931116168e-38
2.202861494474605024e+03 4.243256968307342068e-38
2.306592359418702472e+03 4.053639373006848967e-38
2.415207822132133970e+03 3.872600403197688430e-38
2.528937894148881242e+03 3.699746799108581333e-38
2.648023418049481734e+03 3.534703920396367912e-38
2.772716577485732159e+03 3.377114994531622162e-38
2.903281431222045740e+03 3.226639048843082961e-38
3.039994472324360686e+03 3.082950910670213602e-38
3.183145213680749293e+03 2.945738392406506544e-38
3.333036801093747727e+03 2.814569171994826108e-38
3.489986655242623328e+03 2.689118956918675180e-38
3.654327143875123511e+03 2.569148747329520531e-38
3.826406285652155475e+03 2.454424069187020763e-38
4.006588487135919422e+03 2.344720287397705332e-38
4.195255314482137692e+03 2.239822417331823833e-38
4.392806301470698600e+03 2.139524837319895940e-38
4.599659795585687789e+03 2.043629983941846621e-38
4.816253843936644444e+03 1.951948578654710260e-38
5.043047120897102104e+03 1.864300722734291531e-38
5.280519899424771211e+03 1.780597150242017387e-38
5.529175068120473952e+03 1.700716264326348340e-38
5.789539196179406645e+03 1.624483033122953324e-38
6.062163648490095511e+03 1.551728277397585492e-38
6.347625753242420615e+03 1.482290904280566338e-38
6.646530024517228412e+03 1.416017681871480596e-38
6.959509442446781577e+03 1.352762952764518474e-38
7.287226793656735936e+03 1.292387464117547314e-38
7.630376074828453966e+03 1.234758523120693684e-38
7.989683962353865354e+03 1.179748344756892834e-38
8.365911351195041789e+03 1.127134994600798098e-38
8.759854966207514735e+03 1.076757873566727088e-38
9.172349049339272824e+03 1.028527017976916862e-38
9.604267126278587966e+03 9.823553231838399156e-39
1.005652385629176206e+04 9.381593898342977474e-39
1.053007696916822351e+04 8.958594901247940003e-39
1.102592929337452188e+04 8.553794843354872242e-39
1.154513087971253844e+04 8.166458884486180129e-39
1.208878122497906224e+04 7.795881782974296175e-39
1.265803160033507993e+04 7.441395821603319164e-39
1.325408748931674563e+04 7.103086771427058316e-39
1.387821114064941503e+04 6.780667289376917692e-39
1.453172424127204977e+04 6.473361542569698026e-39
1.521601071523207065e+04 6.180433888397671393e-39
1.593251965437717990e+04 5.901188934560812001e-39
1.668276838705187402e+04 5.634970477193429774e-39
1.746834569129530792e+04 5.381160167887300583e-39
1.829091515934652489e+04 5.139167790055998381e-39
1.915221872058142253e+04 4.908433722242820966e-39
2.005408033034104665e+04 4.688426540914440570e-39
2.099840983246480027e+04 4.478564706640131376e-39
2.198720700370584746e+04 4.278314496209095751e-39
2.302256578859540605e+04 4.087219089688295294e-39
2.410667873372321264e+04 3.904846066626790508e-39
2.524184163082351006e+04 3.730785380094735223e-39
2.643045837850145108e+04 3.564649552410413977e-39
2.767504607289253545e+04 3.406073623000626024e-39
2.897824033803786369e+04 3.254706504594703682e-39
3.034280090726224807e+04 3.110214390233374521e-39
3.177161746737349313e+04 2.972278800757062499e-39
3.326771577806181449e+04 2.840463934317475682e-39
3.483426407945466781e+04 2.714405291063061888e-39
3.647457980139912979e+04 2.593852851277327512e-39
3.819213658867876802e+04 2.478569497830987676e-39
3.999057165704037470e+04 2.368328294448679385e-39
4.187369349561211129e+04 2.262913543346262773e-39
4.384548993201932171e+04 2.162121656579605085e-39
4.591013657728244289e+04 2.065753173935255852e-39
4.807200566837535007e+04 1.973616869109822755e-39
5.033567532717395807e+04 1.885529963248436346e-39
5.270593925540091004e+04 1.801352465527171433e-39
5.518781688609508274e+04 1.720928455807733198e-39
5.778656401310690853e+04 1.644088086781968020e-39
6.050768392112771835e+04 1.570671990579820626e-39
6.335693903982020856e+04 1.500527875878243750e-39
6.634036314673566085e+04 1.433511697426515312e-39
6.946427414485224290e+04 1.369488764617047882e-39
7.273528744179930072e+04 1.308325729441229942e-39
7.616032995909803140e+04 1.249894840137645676e-39
7.974665480108224438e+04 1.194074572433050527e-39
8.350185661457074457e+04 1.140832605603924307e-39
8.743388767180874129e+04 1.090096657073149753e-39
9.155107471074444766e+04 1.041740164218412537e-39
9.586213656830016407e+04 9.956463773157528374e-40
1.003762026439751644e+05 9.517045234871816701e-40
1.051028322328896465e+05 9.098109617208879936e-40
1.100520347691992793e+05 8.698704147268708525e-40
1.152342910227587709e+05 8.317877559240136514e-40
1.206605752939185913e+05 7.954723314890264679e-40
1.263423786534508399e+05 7.608378580323272756e-40
1.322917332768306078e+05 7.277643430735454792e-40
1.385212379243904143e+05 6.961438465753128224e-40
1.450440846213184122e+05 6.659085519023391932e-40
1.518740865939950454e+05 6.369972753168910733e-40
1.590257075218221871e+05 6.093515593428134211e-40
1.665140921665049100e+05 5.829170352858567757e-40
1.743550984436304716e+05 5.576449916186581788e-40
1.825653310044769023e+05 5.334840106532853362e-40
1.911621763991609041e+05 5.103845800015024375e-40
2.001638398955804587e+05 4.882994221580081047e-40
2.095893840321415628e+05 4.671897988660154165e-40
2.194587689858874073e+05 4.470081040751181652e-40
2.297928948415411287e+05 4.277093433061927508e-40
2.406136458509491931e+05 4.092544098337552364e-40
2.519439367766723735e+05 3.916059537153224882e-40
2.638077614178578369e+05 3.747298149301277108e-40
2.762302434211423970e+05 3.585968155423621251e-40
2.892376894842137117e+05 3.431740027199226495e-40
3.028576450646652374e+05 3.284294788507438403e-40
3.171189527121447609e+05 3.143329689415534266e-40
3.320518131473144749e+05 3.009076660170654344e-40
3.476878492169541423e+05 2.881498908238667500e-40
3.640601728606752004e+05 2.760193075097236217e-40
3.812034552310197614e+05 2.644820699832809447e-40
3.991540001154686324e+05 2.535063196436210443e-40
4.179498208158304915e+05 2.430636520765356627e-40
4.376307206477988511e+05 2.331311357229051688e-40
4.582383772311893408e+05 2.236817678303562221e-40
4.798164307493067463e+05 2.146896190648921242e-40
5.024105763643872342e+05 2.061301557285928593e-40
5.260686609848062508e+05 1.979434689636622568e-40
5.508407845889504533e+05 1.900738793213500694e-40
5.767794063203762053e+05 1.825051081832560857e-40
6.039394555788649013e+05 1.752261220553520115e-40
6.323784483426846564e+05 1.682263049449103319e-40
6.621566089683672180e+05 1.614971449302276495e-40
6.933369977259084117e+05 1.550347013485836299e-40
7.259856443395299139e+05 1.488291557940245243e-40
7.601716878167218529e+05 1.428705025941580137e-40
7.959675228617420653e+05 1.371492690982789343e-40
8.334489531836042879e+05 1.317262998221487742e-40
8.726953520231754519e+05 1.266302227720253600e-40
9.137898302394069033e+05 1.218343867843420604e-40
9.568194123105510371e+05 1.173193469652013740e-40
1.001875220623158733e+06 1.130672006957110757e-40
1.049052668439091649e+06 1.090555249981096632e-40
1.098451661949144211e+06 1.052149952567061437e-40
1.150176811841261107e+06 1.017066993166325681e-40
1.204337654831250897e+06 9.845233259045730869e-41
1.261048885625265539e+06 9.525579700883675030e-41
1.320430599805123173e+06 9.222000721518912919e-41
1.382608548150941031e+06 8.943082044367124568e-41
1.447714402939606691e+06 8.657577799364071579e-41
1.515886036782960873e+06 8.369597756149024905e-41
1.587267814596317010e+06 8.102843161240804458e-41
1.662010899315440794e+06 7.844907434374476137e-41
1.740273572009540163e+06 7.605892117464702749e-41
1.822221567068106961e+06 7.378287965196358439e-41
1.908028423171349103e+06 7.163755721165145887e-41
1.997875850787628442e+06 6.967513144000184903e-41
2.091954116975927027e+06 6.778864451910764565e-41
2.190462448308408260e+06 6.610066650047124524e-41
2.293609452766262461e+06 6.451002097365950431e-41
2.401613561502175871e+06 6.303779910611338972e-41
2.514703491405155975e+06 6.179453055027741393e-41
2.633118729446994606e+06 6.072376838386291072e-41
2.757110039836289827e+06 5.969970546906611197e-41
2.886939995053923689e+06 5.869680752591172359e-41
3.022883531894428656e+06 5.779772578309560045e-41
3.165228533691048622e+06 5.699534429810621840e-41
3.314276439957091119e+06 5.601660380066677267e-41
3.470342884734897874e+06 5.545508426569711119e-41
3.633758365004128776e+06 5.498293447133325280e-41
3.804868940564673394e+06 5.458525765857460248e-41
3.984036966876676306e+06 5.426413799656686521e-41
4.171641862409123220e+06 5.411760144164758874e-41
4.368080912122474983e+06 5.419529700145964978e-41
4.573770108786360361e+06 5.449813542789111468e-41
4.789145033914371394e+06 5.503000644192833543e-41
5.014661780181333423e+06 5.579958263190514161e-41
5.250797917276216671e+06 5.679744453161836810e-41
5.498053503236540593e+06 5.798521311051372621e-41
5.756952143405337818e+06 5.938747482047997329e-41
6.028042099253703840e+06 6.103761362765674292e-41
6.311897449416872114e+06 6.298080474267312004e-41
6.609119305402232334e+06 6.572857327047010002e-41
6.920337084544379264e+06 6.982541266887440053e-41
7.246209842902138829e+06 7.557541540688913634e-41
7.587427670920833014e+06 8.345719125502928328e-41
7.944713154815112241e+06 9.421031118946902283e-41
8.318822906766739674e+06 1.090167773594334120e-40
8.710549167178558186e+06 1.298834737565378598e-40
9.120721482376733795e+06 1.606348880475168725e-40
9.550208461314897984e+06 2.102096111935008240e-40
9.999919615000007674e+06 1.588185969337850382e-40
