5.109905999999998913e-04 2.950297818361824621e-33
5.350489801912935734e-04 3.616185316661005372e-33
5.602400733080868580e-04 4.283126443887207880e-33
5.866172095646914443e-04 4.900418349151545472e-33
6.142362300602996874e-04 5.567225322229088885e-33
6.431556049960765291e-04 6.240425958915151622e-33
6.734365574581324112e-04 6.775216161114439587e-33
7.051431930284222200e-04 7.206398341810794536e-33
7.383426354979715335e-04 7.560857138849090669e-33
7.731051689697260743e-04 7.865664610279411289e-33
8.095043866518673772e-04 8.120301259516405603e-33
8.476173466565925909e-04 8.322744998369192653e-33
8.875247351341885443e-04 8.520874902898528624e-33
9.293110370877577173e-04 8.722348526376465098e-33
9.730647152302179803e-04 8.853260326257308409e-33
1.018878397262218969e-03 8.957171289250221949e-33
1.066849071967449283e-03 9.108826689835335892e-33
1.117078294540471521e-03 9.214026241278602022e-33
1.169672401581768563e-03 9.253985168138082149e-33
1.224742736215160251e-03 9.321150464444410410e-33
1.282405883804156078e-03 9.379735211715219069e-33
1.342783918766271567e-03 9.373817863785929043e-33
1.406004663007817462e-03 9.367847448392220954e-33
1.472201956526277044e-03 9.372430390800681281e-33
1.541515940753140348e-03 9.337734964358751690e-33
1.614093355237044246e-03 9.272876164518815532e-33
1.690087848295301030e-03 9.193448900277391157e-33
1.769660302291468056e-03 9.097763770019549707e-33
1.852979174227600920e-03 8.984818600748136764e-33
1.940220852372202646e-03 8.852625540388812014e-33
2.031570029678881652e-03 8.712260720959415185e-33
2.127220094786247840e-03 8.572817350660532802e-33
2.227373541426806974e-03 8.411865047037269455e-33
2.332242397111577124e-03 8.232628310588253736e-33
2.442048671997972941e-03 8.062417542562432660e-33
2.557024828891213235e-03 7.891776536688317178e-33
2.677414275374264546e-03 7.712140461489129496e-33
2.803471879108170896e-03 7.535657502832409720e-33
2.935464507393670958e-03 7.359704746057823418e-33
3.073671592136378600e-03 7.168957485053041407e-33
3.218385721411547076e-03 6.976980111474518260e-33
3.369913258880826920e-03 6.793036436303997393e-33
3.528574992372276835e-03 6.602013819487689264e-33
3.694706812996733161e-03 6.405062273290083357e-33
3.868660426238225598e-03 6.212615773638521974e-33
4.050804096523846071e-03 6.017720556579396912e-33
4.241523426849335907e-03 5.816636950721088969e-33
4.441222175110893546e-03 5.618360781049403657e-33
4.650323108871362056e-03 5.423345581001378051e-33
4.869268900370433972e-03 5.228477353880938955e-33
5.098523063673543639e-03 5.039270209689022594e-33
5.338570935943478049e-03 4.858030264197071583e-33
5.589920704912062707e-03 4.678092777021547358e-33
5.853104484727109612e-03 4.500463292527982001e-33
6.128679442452223021e-03 4.329297033639591454e-33
6.417228977604300111e-03 4.165134337340352150e-33
6.719363957225825412e-03 4.007157674665808692e-33
7.035724009106650474e-03 3.849533893594249187e-33
7.366978875893046182e-03 3.695103222405725954e-33
7.713829832950698170e-03 3.550174701540991042e-33
8.077011172983315432e-03 3.408925825590095111e-33
8.457291760549816295e-03 3.268160474732419449e-33
8.855476659771068654e-03 3.126309349321801077e-33
9.272408838672009657e-03 2.985400447141408012e-33
9.708970953767439085e-03 2.848744309799434863e-33
1.016608721866930562e-02 2.718092485677052830e-33
1.064472536067152114e-02 2.594015186934715561e-33
1.114589866945438906e-02 2.476162691160578248e-33
1.167066814224580230e-02 2.363573190545730969e-33
1.222014472998062158e-02 2.255005721901861972e-33
1.279549168921334870e-02 2.150370231963679090e-33
1.339792704476320227e-02 2.049567988750647545e-33
1.402872616830506611e-02 1.952544769635681385e-33
1.468922447836523877e-02 1.858752542313804373e-33
1.538082026743800741e-02 1.767408786100080691e-33
1.610497766220804483e-02 1.678604206906704935e-33
1.686322972314555080e-02 1.592435312650272802e-33
1.765718169003605356e-02 1.508984927064437140e-33
1.848851438031575908e-02 1.428883455014522194e-33
1.935898774740673137e-02 1.353023926709604455e-33
2.027044460658516956e-02 1.281199963523434591e-33
2.122481453627033873e-02 1.213178086304254739e-33
2.222411796299342962e-02 1.148774236359157087e-33
2.327047043869427331e-02 1.087714186755591504e-33
2.436608711940105310e-02 1.029688311692722300e-33
2.551328745477460594e-02 9.745588556409301721e-34
2.671450009844501816e-02 9.221988907369524868e-34
2.797226804953598100e-02 8.724869356139664227e-34
2.928925403626159163e-02 8.252205978156166417e-34
3.066824615299284032e-02 7.801583282781024230e-34
3.211216376272749834e-02 7.372241635131198782e-34
3.362406367745935515e-02 6.963302404500799176e-34
3.520714662953045720e-02 6.574197602574860358e-34
3.686476404766665660e-02 6.205218845296964745e-34
3.860042515204138713e-02 5.857186862339496151e-34
4.041780438338807291e-02 5.528948280409236127e-34
4.232074918188903634e-02 5.219385267242170858e-34
4.431328813230860086e-02 4.927446872509531750e-34
4.639963949261428910e-02 4.652806052822268682e-34
4.858422012414115310e-02 4.395582336726631034e-34
5.087165484220462774e-02 4.154566022849995774e-34
5.326678620695773220e-02 3.928489143673839914e-34
5.577468477521980300e-02 3.716417877762081309e-34
5.840065983497979424e-02 3.517069121735341624e-34
6.115027064530067363e-02 3.329013749613732222e-34
6.402933820541850674e-02 3.151561411745498618e-34
6.704395757795271471e-02 2.984083550108098456e-34
7.020051079231585944e-02 2.825992164861658958e-34
7.350568035563961877e-02 2.677249895664452870e-34
7.696646339982023133e-02 2.538191632271305476e-34
8.059018649463285666e-02 2.408102529764611698e-34
8.438452115827468902e-02 2.286206651197445800e-34
8.835750009817305850e-02 2.171975482946102988e-34
9.251753421644090536e-02 2.064551446520652376e-34
9.687343041597989979e-02 1.962899470223588749e-34
1.014344102449287605e-01 1.866665574642717994e-34
1.062101294189255890e-01 1.775538835369395454e-34
1.112106982625149093e-01 1.689229988611170680e-34
1.164467031129736430e-01 1.607482895270818704e-34
1.219292287318688162e-01 1.530074048271242824e-34
1.276698817717926426e-01 1.456750958107720020e-34
1.336808153479548955e-01 1.387202461662846589e-34
1.399747547666510827e-01 1.321274416823556389e-34
1.465650244650746059e-01 1.258897277009745383e-34
1.534655762195041850e-01 1.200104434912373496e-34
1.606910186815862229e-01 1.144661828590405813e-34
1.682566483052385375e-01 1.092346934035072107e-34
1.761784817296502825e-01 1.042954882636652838e-34
1.844732896869332450e-01 9.962416380918276109e-35
1.931586325062079890e-01 9.519329787580679935e-35
2.022528972892875809e-01 9.098854539560053863e-35
2.117753368366615263e-01 8.699157854866125891e-35
2.217461104061864419e-01 8.319512394292903430e-35
2.321863263907713026e-01 7.957999812903327902e-35
2.431180870054070464e-01 7.611928052962696267e-35
2.545645350781428062e-01 7.280583872184606207e-35
2.665499030440698913e-01 6.963362382514653235e-35
2.790995642460307180e-01 6.659695118103017699e-35
2.922400866506608130e-01 6.369534683959224081e-35
3.059992890934811194e-01 6.093325179910583196e-35
3.204063001721125792e-01 5.830363325908702317e-35
3.354916199122925935e-01 5.579577008717349027e-35
3.512871843372407099e-01 5.340647685541839327e-35
3.678264330770695811e-01 5.112775108254215461e-35
3.851443801613716467e-01 4.894903396177862736e-35
4.032776881448499884e-01 4.686557946014340330e-35
4.222647457229243284e-01 4.487315221352522392e-35
4.421457490016187930e-01 4.296777520944047721e-35
4.629627865937882558e-01 4.113866544693165809e-35
4.847599287218314901e-01 3.936847552894159044e-35
5.075833205155243499e-01 3.765596649088010129e-35
5.314812797024873747e-01 3.599789593327691048e-35
5.565043988981002165e-01 3.439577731836107458e-35
5.827056527114146123e-01 3.285802298121599812e-35
6.101405098938111893e-01 3.140134105078670123e-35
6.388670507678221311e-01 3.002154612960599867e-35
6.689460901847169572e-01 2.871410584033167026e-35
7.004413062711641880e-01 2.747487171599628040e-35
7.334193752375169906e-01 2.629592081474421268e-35
7.679501125331252842e-01 2.516531816512172569e-35
8.041066206474988265e-01 2.408082049749764942e-35
8.419654438702232069e-01 2.303897454552331535e-35
8.816067303372563391e-01 2.203955791704692139e-35
9.231144017066650331e-01 2.108098931175227281e-35
9.665763308230078676e-01 2.016115501990620170e-35
1.012084527746484497e+00 1.927861956731971302e-35
1.059735334540682583e+00 1.843205921968038191e-35
1.109629629231284609e+00 1.762021837546825299e-35
1.161873039367538274e+00 1.684180516777428770e-35
1.216576165638585394e+00 1.609556846526513336e-35
1.273854816018062719e+00 1.538033984754005993e-35
1.333830250932663608e+00 1.469629426048774730e-35
1.396629439973688269e+00 1.404425262713132722e-35
1.462385330695044949e+00 1.342282204890259010e-35
1.531237130066759544e+00 1.283047891803277956e-35
1.603330599179834115e+00 1.226578265848144625e-35
1.678818361826354577e+00 1.172739586110990164e-35
1.757860227608120551e+00 1.121407073611042455e-35
1.840623530257817331e+00 1.072457887658574681e-35
1.927283481888989458e+00 1.025775621772310669e-35
2.018023543924740260e+00 9.812500256756300377e-36
2.113035815490446279e+00 9.386772694870616482e-36
2.212521440092717562e+00 8.979755933232154259e-36
2.316691031445550664e+00 8.590738176011742317e-36
2.425765119345165921e+00 8.218904993173125405e-36
2.539974616537452601e+00 7.863480196548247853e-36
2.659561307566393751e+00 7.523739941570714926e-36
2.784778360638383354e+00 7.199006252044755137e-36
2.915890863586041437e+00 6.888601603200301489e-36
3.053176385066226128e+00 6.591879396714855229e-36
3.196925562180252811e+00 6.308223198396233746e-36
3.347442715760372778e+00 6.036255794067832749e-36
3.505046494625070785e+00 5.774635098483878654e-36
3.670070550167092716e+00 5.523033890829463432e-36
3.842864242702317412e+00 5.281135491324438143e-36
4.023793381074843190e+00 5.048630965871245564e-36
4.213240997084040984e+00 4.825223192074302300e-36
4.411608156373062251e+00 4.610625674266513814e-36
4.619314807495485731e+00 4.404550156680657029e-36
4.836800670957550174e+00 4.206715286161753684e-36
5.064526170118202053e+00 4.016846694057606929e-36
5.302973405917563277e+00 3.834566916118393630e-36
5.552647177497479269e+00 3.660807672740114775e-36
5.814076050874707136e+00 3.495414953250000271e-36
6.087813477929214123e+00 3.337959375753984072e-36
6.374438968076591827e+00 3.188036296331960454e-36
6.674559315104861668e+00 3.045272309731683137e-36
6.988809881773081045e+00 2.909322333827248696e-36
7.317855944891201503e+00 2.779843853476846480e-36
7.662394103728782824e+00 2.656512952990397761e-36
8.023153754734170917e+00 2.539023615193951876e-36
8.400898635686187887e+00 2.426932331107366860e-36
8.796428442547327364e+00 2.319691451044413726e-36
9.210580522441384588e+00 2.216941027849188975e-36
9.644231646339591180e+00 2.118502430690228481e-36
1.009829986520808554e+01 2.024204615606424288e-36
1.057374645354623866e+01 1.933884208290342793e-36
1.107157794443033261e+01 1.847385053362913905e-36
1.159284826037087335e+01 1.764556252000596435e-36
1.213866094449457123e+01 1.685252940027542088e-36
1.271017149677451030e+01 1.609336008318959739e-36
1.330858982025432624e+01 1.536591727156894522e-36
1.393518278244513553e+01 1.467110874587543118e-36
1.459127689731776378e+01 1.400939843817768828e-36
1.527826113356811888e+01 1.337912019291225443e-36
1.599758985510088749e+01 1.277869768789241415e-36
1.675078589995650447e+01 1.220665190721614694e-36
1.753944380419997628e+01 1.166159527742148555e-36
1.836523317759602847e+01 1.114219320346539700e-36
1.922990223821742717e+01 1.064718241480656786e-36
2.013528151346915251e+01 1.017536738702263224e-36
2.108328771536360335e+01 9.725153650606836303e-37
2.207592779825093388e+01 9.295429538777008858e-37
2.311530320759480261e+01 8.884294635100186733e-37
2.420361432878831209e+01 8.490903069455583247e-37
2.534316514542844700e+01 8.114506386698230814e-37
2.653636811691061936e+01 7.754391147597030489e-37
2.778574928566941438e+01 7.409877695230577038e-37
2.909395362487761005e+01 7.080306412647617391e-37
3.046375063792476112e+01 6.765044974484858057e-37
3.189804022152954133e+01 6.463487499510169320e-37
3.339985880489826542e+01 6.174820864896412639e-37
3.497238577792627723e+01 5.898756042241169945e-37
3.661895022205096950e+01 5.635324032250862686e-37
3.834303795800571635e+01 5.384019430027171578e-37
4.014829892539513878e+01 5.144268283946277618e-37
4.203855490971443487e+01 4.915526179139690552e-37
4.401780763317056255e+01 4.697277001123922840e-37
4.609024722643518857e+01 4.489025947092508033e-37
4.826026109926238661e+01 4.290302062357497788e-37
5.053244322875195138e+01 4.100657202806374899e-37
5.291160388492112077e+01 3.919541215055511125e-37
5.540277981417414566e+01 3.746618743686168727e-37
5.801124490222846219e+01 3.580988165174300948e-37
6.074252133907105389e+01 3.422136361303579920e-37
6.360239130958154163e+01 3.269811439328984765e-37
6.659690923457144152e+01 3.123770691252341734e-37
6.973241458815405736e+01 2.983780453459857867e-37
7.301554531857985353e+01 2.849613132139756242e-37
7.645325190094952461e+01 2.721048746291133250e-37
8.005281205155461066e+01 2.597874766452588400e-37
8.382184613499660486e+01 2.479822859403417184e-37
8.776833329670147066e+01 2.366742960045776290e-37
9.190062835498281402e+01 2.258757257389605073e-37
9.622747948841453081e+01 2.155906799850495775e-37
1.007580467559575794e+02 2.057937910517615113e-37
1.055019214890484989e+02 1.964610273808048024e-37
1.104691465967034247e+02 1.875696319483545078e-37
1.156702378266228095e+02 1.790979313267202283e-37
1.211162060273103407e+02 1.710253548575590235e-37
1.268185804583313399e+02 1.633323798055189747e-37
1.327894331980621700e+02 1.559978070383358355e-37
1.390414047006012765e+02 1.490060454628152545e-37
1.455877305559469335e+02 1.423344134489590340e-37
1.524422695100932117e+02 1.359529524876855206e-37
1.596195328043641268e+02 1.298488774613933296e-37
1.671347148960974494e+02 1.240105513064539772e-37
1.750037256257151341e+02 1.184268440294083957e-37
1.832432238982788135e+02 1.130870388056994313e-37
1.918706529508350513e+02 1.079808591805478071e-37
2.009042772802120282e+02 1.030984526921611103e-37
2.103632213094454642e+02 9.842916563097536071e-38
2.202675098746908589e+02 9.396482479706993544e-38
2.306381106183343661e+02 8.969900036237393747e-38
2.414969783780495618e+02 8.563198009738542829e-38
2.528671016657729069e+02 8.175544924961815118e-38
2.647725513349951143e+02 7.806019149304001622e-38
2.772385315393983092e+02 7.453747680228328058e-38
2.902914330907206022e+02 7.117898581059343588e-38
3.039588893288041049e+02 6.797681759040613131e-38
3.182698346221142174e+02 6.492346885524243658e-38
3.332545656225650532e+02 6.201139295013655554e-38
3.489448054043381262e+02 5.923411936667442961e-38
3.653737706224742965e+02 5.658533866955105246e-38
3.825762418334163044e+02 5.405826615646663587e-38
4.005886371263720207e+02 5.164695222482463048e-38
4.194490892213781308e+02 4.934598391185943832e-38
4.391975261972828548e+02 4.715022251006760102e-38
4.598757560205514210e+02 4.505474953948475071e-38
4.815275550538428320e+02 4.305488037965650378e-38
5.041987607317348079e+02 4.114615430495338826e-38
5.279373685997917391e+02 3.932421654205136743e-38
5.527936339224120275e+02 3.758509636839521230e-38
5.788201780745591805e+02 3.592497315896936444e-38
6.060720999426131357e+02 3.433663234120379928e-38
6.346070925701783381e+02 3.281436267755576826e-38
6.644855652957917300e+02 3.135560462399407134e-38
6.957707716410998273e+02 2.995790768927502752e-38
7.285289432202470152e+02 2.861888876890442309e-38
7.628294299539638814e+02 2.733625192859014521e-38
7.987448468851972621e+02 2.610778650733471665e-38
8.363512279070804425e+02 2.493140950834688516e-38
8.757281867287179011e+02 2.380504011337668036e-38
9.169590854195189422e+02 2.272668421531074299e-38
9.601312108889183037e+02 2.169600861886836673e-38
1.005335959675085292e+03 2.071378955271467375e-38
1.052669031433826603e+03 1.977774249759498623e-38
1.102230631537303680e+03 1.888564237287059295e-38
1.154125683211471596e+03 1.803535379055689787e-38
1.208464049661339914e+03 1.722484753543840815e-38
1.265360766654300051e+03 1.645219650152392767e-38
1.324936286053905178e+03 1.571567744420985786e-38
1.387316730819670738e+03 1.501348113143235246e-38
1.452634162012734350e+03 1.434390639050324105e-38
1.521026858372635161e+03 1.370522692507850085e-38
1.592639609057085636e+03 1.309532669114813771e-38
1.667624020164469357e+03 1.251283119473384104e-38
1.746138835687984283e+03 1.195651998458822436e-38
1.828350273580901330e+03 1.142520621154727095e-38
1.914432377644390954e+03 1.091775607254708138e-38
2.004567385982882797e+03 1.043308790639952755e-38
2.098946116806984264e+03 9.970301880049413186e-39
2.197768372400691533e+03 9.528328927691084923e-39
2.301243362108166366e+03 9.106165678269864718e-39
2.409590145235466480e+03 8.702929293183098262e-39
2.523038094804928733e+03 8.317903216006690813e-39
2.641827383143959196e+03 7.950294006506099848e-39
2.766209490336239469e+03 7.599317624468795216e-39
2.896447736611755772e+03 7.264205077036010010e-39
3.032817839802729395e+03 6.944222534455295757e-39
3.175608499045603821e+03 6.638671250946364601e-39
3.325122005964796244e+03 6.347028918451539752e-39
3.481674884632110206e+03 6.068573330996652667e-39
3.645598561656614947e+03 5.802628454475289809e-39
3.817240067823593108e+03 5.548617066492942813e-39
3.996962772767949446e+03 5.305702678403669067e-39
4.185147154237390168e+03 5.073227890389595192e-39
4.382191603573941393e+03 4.850774838683118199e-39
4.588513269119014694e+03 4.637920104501953497e-39
4.804548939327548396e+03 4.434256190290302554e-39
5.030755967460783722e+03 4.239392683895837053e-39
5.267613239815285851e+03 4.053103915287551491e-39
5.515622189537977647e+03 3.874943132540627110e-39
5.775307858173459863e+03 3.704488634466525472e-39
6.047220007190883734e+03 3.541412718020476056e-39
6.331934281843677127e+03 3.385653258915846218e-39
6.630053429825813510e+03 3.237262732628646520e-39
6.942208577304730170e+03 3.095899072900098284e-39
7.269060565032208615e+03 2.961210460104518056e-39
7.611301347361832995e+03 2.832861870408133761e-39
7.969655457134765129e+03 2.710536074689360931e-39
8.344881539535041156e+03 2.594085724535426102e-39
8.737773958161609698e+03 2.483138662623320195e-39
9.149164476717209254e+03 2.377340850071435148e-39
9.579924019874246369e+03 2.276438045467356897e-39
1.003096451704551691e+04 2.180103021844201963e-39
1.050324083296296340e+04 2.087831105069991791e-39
1.099775278915189119e+04 1.999449861566422661e-39
1.151554728057945249e+04 1.914797455368784445e-39
1.205772049195948603e+04 1.833716813237754703e-39
1.262542021840435700e+04 1.756057530735151014e-39
1.321984829533812263e+04 1.681835318621715229e-39
1.384226314281370287e+04 1.610824975388485373e-39
1.449398242962202858e+04 1.542802499978615601e-39
1.517638586283154655e+04 1.477642601476635772e-39
1.589091810866495143e+04 1.415249408961332152e-39
1.663909185089619859e+04 1.355722006595612943e-39
1.742249099324186682e+04 1.298992880578992770e-39
1.824277401252797790e+04 1.244921779004673875e-39
1.910167746972900932e+04 1.193373814932661181e-39
2.000101968631426280e+04 1.144221452058032184e-39
2.094270459368217780e+04 1.097515088846412018e-39
2.192872576383438718e+04 1.053052112418655495e-39
2.296117062982002244e+04 1.010622024052701908e-39
2.404222490488770563e+04 9.701238536287319726e-40
2.517417720969791117e+04 9.314671141300730989e-40
2.635942391739456798e+04 8.947915934260522733e-40
2.760047422678994189e+04 8.601262121541959242e-40
2.889995547440612791e+04 8.273519089531596288e-40
3.026061869661547826e+04 7.963564327167455167e-40
3.168534445365871215e+04 7.670361391193451390e-40
3.317714892786661949e+04 7.393185180031057921e-40
3.473919030899930658e+04 7.117281832792819227e-40
3.637477548021687835e+04 6.855140216092815164e-40
3.808736701884018112e+04 6.608780258724255933e-40
3.988059052671808604e+04 6.369981703754514721e-40
4.175824230572349916e+04 6.138415153141354957e-40
4.372429739462592261e+04 5.918549237609792103e-40
4.578291798435311648e+04 5.705961248705025092e-40
4.793846222946140915e+04 5.503373712472845121e-40
5.019549347446336469e+04 5.313220994515072056e-40
5.255878991455109644e+04 5.125774806607019525e-40
5.503335471116093686e+04 4.958977985074228969e-40
5.762442658380104695e+04 4.802341985517842408e-40
6.033749090055815759e+04 4.652770375009674887e-40
6.317829129076967365e+04 4.513091369450314659e-40
6.615284180443802325e+04 4.375914334310491392e-40
6.926743964413527283e+04 4.243450343365303449e-40
7.252867849634931190e+04 4.116777880942666822e-40
7.594346249049167091e+04 3.998807417566902648e-40
7.951902081512539007e+04 3.892493185657698403e-40
8.326292302234718227e+04 3.797880907907965094e-40
8.718309505273312971e+04 3.706327025606571405e-40
9.128783601476305921e+04 3.619573560431631228e-40
9.558583575425676827e+04 3.539238758389423742e-40
1.000861932510059269e+05 3.461161943095419832e-40
1.047984358815594023e+05 3.381493257715713426e-40
1.097325395889296487e+05 3.316758059553479941e-40
1.148989500019328843e+05 3.254418742337765675e-40
1.203086045488595992e+05 3.193945881358399645e-40
1.259729556123049842e+05 3.135131551153097170e-40
1.319039947741636424e+05 3.082732523125959231e-40
1.381142782021315652e+05 3.037043066112208797e-40
1.446169532314428943e+05 2.995677637196228715e-40
1.514257861981329916e+05 2.957737293563841779e-40
1.585551915827331250e+05 2.923729434280934927e-40
1.660202625261144130e+05 2.897820925484088046e-40
1.738368027820639545e+05 2.880675133465030670e-40
1.820213601742540195e+05 2.871856116325186768e-40
1.905912616284271353e+05 2.870893704346764854e-40
1.995646498539538006e+05 2.877186036678456527e-40
2.089605217524369364e+05 2.872571886544559378e-40
2.187987686346515547e+05 2.834740172217411115e-40
2.291002183309856337e+05 2.761372511777421834e-40
2.398866792845041200e+05 2.650624599989037695e-40
2.511809867200103472e+05 2.500655559816349588e-40
2.630070509868168156e+05 2.309875017378483665e-40
2.753899081775989616e+05 2.078842674635554838e-40
2.883557731304607587e+05 1.813181565270096991e-40
3.019320949264533701e+05 1.418377202298831312e-40
3.161476150000001653e+05 9.613778597125898064e-41
