5.109905999999998913e-04 3.702295677849862562e-36
5.350676921690609641e-04 4.919596828127759907e-36
5.602792599377073249e-04 6.163123925137917880e-36
5.866787580535895007e-04 7.315910345770148446e-36
6.143221599699590909e-04 8.539153542049874740e-36
6.432680765232056406e-04 9.783053948054912438e-36
6.735778802023023940e-04 1.085759832735977097e-35
7.053158352736315978e-04 1.175447518631999883e-35
7.385492340370952789e-04 1.250587865496099625e-35
7.733485395024031293e-04 1.333738705257487958e-35
8.097875347880466009e-04 1.419159959675037715e-35
8.479434795597283903e-04 1.489831409479676111e-35
8.878972738399243825e-04 1.556201099472892152e-35
9.297336295359037370e-04 1.626192162485819843e-35
9.735412500498850626e-04 1.712868091738201704e-35
1.019413018352147322e-03 1.804175630087769577e-35
1.067446193915858087e-03 1.878317273094407819e-35
1.117742618931162743e-03 1.940839163327181872e-35
1.170408934235775715e-03 1.996339794398101929e-35
1.225556805419878185e-03 2.055181579933374971e-35
1.283303159584738397e-03 2.120284083412233524e-35
1.343770433257032455e-03 2.192688549701472260e-35
1.407086831984501575e-03 2.254609285259595955e-35
1.473386602163371606e-03 2.302242783472432319e-35
1.542810315673849618e-03 2.348096571542321717e-35
1.615505167927212870e-03 2.401112613561674397e-35
1.691625289956420189e-03 2.469028593208972327e-35
1.771332075211952146e-03 2.534665951737216188e-35
1.854794521755769770e-03 2.592898597800834994e-35
1.942189590578920601e-03 2.646580678262810346e-35
2.033702580802536786e-03 2.693387012929551227e-35
2.129527522557708025e-03 2.732700978021101780e-35
2.229867588377263538e-03 2.786110318100910804e-35
2.334935523971700018e-03 2.851708261727280041e-35
2.444954099302596578e-03 2.903863821658727908e-35
2.560156580909956486e-03 2.944240202745210909e-35
2.680787226494820742e-03 2.977188942813973408e-35
2.807101802805925684e-03 3.015864215633573995e-35
2.939368127928336256e-03 3.063782415020569219e-35
3.077866639123906425e-03 3.121024269637053992e-35
3.222890987427507771e-03 3.179974737927811536e-35
3.374748660259704880e-03 3.233434757903447252e-35
3.533761633376017279e-03 3.271121999291837410e-35
3.700267053534990816e-03 3.293405378486655618e-35
3.874617953332564271e-03 3.307511766450815446e-35
4.057183999718327883e-03 3.333131382374523025e-35
4.248352277780694658e-03 3.379373905083172279e-35
4.448528111462896409e-03 3.415508126798280542e-35
4.658135922949744288e-03 3.438859829771835061e-35
4.877620132547485186e-03 3.457457485592509858e-35
5.107446100964543011e-03 3.468934673521791777e-35
5.348101115991110883e-03 3.474251322317146444e-35
5.600095425669564947e-03 3.489714246615764373e-35
5.863963320146254807e-03 3.509866738381911711e-35
6.140264264498572662e-03 3.518963809358914812e-35
6.429584084938956383e-03 3.523101502227298284e-35
6.732536210911143487e-03 3.526110870145972486e-35
7.049762975712007065e-03 3.530014490713809044e-35
7.381936978396691322e-03 3.532289956082392316e-35
7.729762509854728146e-03 3.528349223025616603e-35
8.093977046080492316e-03 3.523818563277654426e-35
8.475352811804450284e-03 3.521053969143325892e-35
8.874698417800188852e-03 3.518238820293230029e-35
9.292860575338891121e-03 3.515259893526963955e-35
9.730725891426258295e-03 3.512158050266582978e-35
1.018922274862820235e-02 3.504738870478081758e-35
1.066932327347116030e-02 3.491224109851768937e-35
1.117204539759021967e-02 3.471680432288585807e-35
1.169845501599555727e-02 3.446679748856455515e-35
1.224966824703296354e-02 3.417005742413917741e-35
1.282685379883026326e-02 3.382787862546043841e-35
1.343123544724709670e-02 3.344166379163524154e-35
1.406409463058184289e-02 3.301304072410684421e-35
1.472677316653713507e-02 3.255035822336609550e-35
1.542067609720468475e-02 3.206448021085692722e-35
1.614727466810136555e-02 3.155672241885063060e-35
1.690810944757288950e-02 3.102836916691383462e-35
1.770479359317905788e-02 3.048074059047832056e-35
1.853901627198602589e-02 2.990920942234207023e-35
1.941254624201742968e-02 2.930710332927838814e-35
2.032723560245813799e-02 2.867665709530160377e-35
2.128502372056170072e-02 2.802019934179464112e-35
2.228794134358767082e-02 2.734021098039906931e-35
2.333811490448720050e-02 2.663713977369678010e-35
2.443777103046580398e-02 2.591081738707862454e-35
2.558924126398269203e-02 2.516416469610201211e-35
2.679496700619644553e-02 2.440014356562735074e-35
2.805750469333814431e-02 2.362171325692013923e-35
2.937953121698724107e-02 2.282757310032475945e-35
3.076384959974263339e-02 2.201516129809483760e-35
3.221339493832253015e-02 2.118838141021870072e-35
3.373124062669401180e-02 2.035104291660358221e-35
3.532060487242708047e-02 1.950703903484837906e-35
3.698485752008913441e-02 1.865990341952963391e-35
3.872752719614731831e-02 1.781296844871691186e-35
4.055230879052783982e-02 1.696964810696126401e-35
4.246307129069471636e-02 1.613318188157881238e-35
4.446386598485830427e-02 1.530661435296216167e-35
4.655893505170652369e-02 1.449279362167809508e-35
4.875272055487089862e-02 1.369435142635933447e-35
5.104987386119809456e-02 1.291366448697000830e-35
5.345526550279584843e-02 1.215271471768375927e-35
5.597399550376346705e-02 1.141354048542241647e-35
5.861140419350203273e-02 1.069499948020752880e-35
6.137308352953099039e-02 9.995236750277651432e-36
6.426488895381864130e-02 9.316670094403439285e-36
6.729295180776460883e-02 8.661420937220883120e-36
7.046369233215736549e-02 8.031277571259839585e-36
7.378383327966935024e-02 7.428575017726789847e-36
7.726041416875269185e-02 6.855425829411186151e-36
8.090080620915596210e-02 6.312196399006154791e-36
8.471272793070855345e-02 5.798755717599510926e-36
8.870426154850946654e-02 5.315246689579402344e-36
9.288387009921864057e-02 4.863333088491375420e-36
9.726041538478354120e-02 4.444636063623357787e-36
1.018431767616476136e-01 4.057370360085577240e-36
1.066418708152763323e-01 3.699757338313408154e-36
1.116666719617172010e-01 3.370059560504231658e-36
1.169282340198735948e-01 3.068278015656547539e-36
1.224377128002309967e-01 2.794561096898516078e-36
1.282067897579288185e-01 2.546309987423304893e-36
1.342476967603298266e-01 2.320784835243912916e-36
1.405732420215980716e-01 2.116188731398302340e-36
1.471968372592751262e-01 1.933158225451432384e-36
1.541325261304321570e-01 1.772697866642117369e-36
1.613950140076899908e-01 1.631750674201742817e-36
1.689996991582388419e-01 1.507690952753281003e-36
1.769627053919670401e-01 1.398287032081439113e-36
1.853009162479177796e-01 1.301627752934867336e-36
1.940320107915602388e-01 1.216078335742767772e-36
2.031745010987726086e-01 1.140255642474756968e-36
2.127477715060132613e-01 1.072515078241195800e-36
2.227721197098994910e-01 1.012295083717680722e-36
2.332687998033343701e-01 9.579426545141331716e-37
2.442600673394321742e-01 9.077240094272564955e-37
2.557692265187841429e-01 8.612717167358391663e-37
2.678206796001171841e-01 8.182644182093812535e-37
2.804399786391065241e-01 7.784112542391251851e-37
2.936538796650420835e-01 7.414166890310250832e-37
3.074903994102146654e-01 7.070013253445469979e-37
3.219788747123065731e-01 6.749594594201484438e-37
3.371500247157289132e-01 6.446067901632224381e-37
3.530360160037913642e-01 6.162694933419471929e-37
3.696705307998001677e-01 5.897166579661200321e-37
3.870888383816866174e-01 5.646883466854146539e-37
4.053278698615820352e-01 5.410820488266996212e-37
4.244262964888947387e-01 5.188043123638481625e-37
4.444246116429040883e-01 4.977686803986326444e-37
4.653652166887217168e-01 4.777305615351609607e-37
4.872925108786528292e-01 4.584011751427306665e-37
5.102529854895728745e-01 4.397622422075870878e-37
5.342953223959092668e-01 4.213394377524792296e-37
5.594704972872370785e-01 4.035776135079826001e-37
5.858318877493222665e-01 3.865069987583565823e-37
6.134353864377825039e-01 3.701516823246698012e-37
6.423395195843140115e-01 3.544840423805193516e-37
6.726055710867532289e-01 3.394770296268315185e-37
7.042977124460653160e-01 3.251046351079820556e-37
7.374831388257732101e-01 3.114203248502773368e-37
7.722322115222897132e-01 2.985020324218047747e-37
8.086186071482366344e-01 2.863007053867057030e-37
8.467194738450524172e-01 2.744067719001270787e-37
8.866155948560977551e-01 2.631446761676577413e-37
9.283915598070716646e-01 2.524337912881909155e-37
9.721359440569056209e-01 2.421664997139158617e-37
1.017941496499387588e+00 2.323236468869643918e-37
1.065905336213714305e+00 2.228877738555921304e-37
1.116129158380915865e+00 2.138421744119480072e-37
1.168719449902745122e+00 2.051708562637760952e-37
1.223787715180193914e+00 1.968585048216409361e-37
1.281450712530356917e+00 1.888924600598772453e-37
1.341830701742883214e+00 1.810362633541208091e-37
1.405055703300914338e+00 1.735374399272566107e-37
1.471259769816112506e+00 1.663865387368921713e-37
1.540583270253292669e+00 1.595656781716892860e-37
1.613173187547274123e+00 1.530580005990631768e-37
1.689183430242998440e+00 1.468476072203811288e-37
1.768775158819632543e+00 1.409194974684959992e-37
1.852117127390572771e+00 1.352595126073810244e-37
1.939386041503825320e+00 1.298542832204188463e-37
2.030766932801393310e+00 1.246906516277822838e-37
2.126453551332029068e+00 1.195733333946395947e-37
2.226648776349178682e+00 1.146379118130826569e-37
2.331565046465079671e+00 1.098850008904374064e-37
2.441424810073061558e+00 1.053090754694553153e-37
2.556460996993058732e+00 1.009047266591900277e-37
2.676917512340333261e+00 9.666666035977832589e-38
2.803049753664521582e+00 9.258969590507806497e-38
2.935125152455506203e+00 8.866876480616571352e-38
3.073423741164184264e+00 8.489890957984320144e-38
3.218238746940397021e+00 8.127528264749785457e-38
3.369877213346877731e+00 7.772368850091799686e-38
3.528660651367407475e+00 7.434354290612466677e-38
3.694925721089457493e+00 7.112900713499192645e-38
3.869024945506707169e+00 6.807109690512281922e-38
4.051327457954806199e+00 6.516136741254862377e-38
4.242219784765173252e+00 6.239187778585683334e-38
4.442106664796245497e+00 5.975515808052653412e-38
4.651411907579770855e+00 5.724417861913644429e-38
4.870579291901652397e+00 5.485232149881699098e-38
5.100073506722504924e+00 5.257335410175522105e-38
5.340381136433000719e+00 5.035138645802208825e-38
5.592011692532888212e+00 4.821900833856884825e-38
5.855498693921130204e+00 4.617440771896739798e-38
6.131400798087740966e+00 4.421409090402740050e-38
6.420302985605494506e+00 4.233469880784640194e-38
6.722817800433252167e+00 4.053300186423550002e-38
7.039586648660268509e+00 3.880589513248966439e-38
7.371281158445554205e+00 3.715039359049451074e-38
7.718604604035278705e+00 3.556362760750615372e-38
8.082293396877831881e+00 3.404283858931204286e-38
8.463118646997942918e+00 3.256329669980494964e-38
8.861887797940179112e+00 3.114487872142711001e-38
9.279446338748735812e+00 2.978610890336376977e-38
9.716679596612802783e+00 2.848458493147963568e-38
1.017451461397882895e+01 2.723799642858662960e-38
1.065392211410942203e+01 2.604412163382174231e-38
1.115591855925617182e+01 2.490082419489721306e-38
1.168156830581071937e+01 2.380605006958364817e-38
1.223198586100289020e+01 2.275782453289544014e-38
1.280833824593135084e+01 2.175424928655989558e-38
1.341184746993626575e+01 2.078372718289183810e-38
1.404379312156084758e+01 1.985658949212165694e-38
1.470551508159505083e+01 1.897158264491957605e-38
1.539841636395342128e+01 1.812675567250906076e-38
1.612396609041119433e+01 1.732024973606589206e-38
1.688370260550492574e+01 1.655029368639811447e-38
1.767923673820276420e+01 1.581519984221475690e-38
1.851225521725965351e+01 1.511335997598742635e-38
1.938452424749843317e+01 1.444324149697648980e-38
2.029789325460038185e+01 1.380338382151717567e-38
2.125429880634392887e+01 1.318777048859983793e-38
2.225576871860673478e+01 1.260011456273776378e-38
2.330442635483568381e+01 1.203939701701560075e-38
2.440249512810169108e+01 1.150434911501665335e-38
2.555230321528447135e+01 1.099376352969206204e-38
2.675628849338192694e+01 1.050649128578512291e-38
2.801700370841163235e+01 1.004143885903454960e-38
2.933712188786222796e+01 9.597565423865792805e-39
3.071944200817172188e+01 9.173880241740850555e-39
3.216689492924873406e+01 8.769440182756269197e-39
3.368254960861857938e+01 8.381806663985224386e-39
3.526961960837141419e+01 8.010886649571101854e-39
3.693146990870661028e+01 7.655673148125540331e-39
3.867162404252209029e+01 7.315534426436653935e-39
4.049377156617341456e+01 6.989862853466710666e-39
4.240177588224427296e+01 6.678074016138159928e-39
4.439968243091403366e+01 6.379605867618679242e-39
4.649172726728897231e+01 6.093917906828428604e-39
4.868234604288561229e+01 5.820490387951454804e-39
5.097618341030627676e+01 5.558823558782164296e-39
5.337810287104954199e+01 5.306675845168931135e-39
5.589319708733436443e+01 5.065701942669911541e-39
5.852679867980047845e+01 4.835745846531078028e-39
6.128449153398149463e+01 4.616300101375926468e-39
6.417212263951979878e+01 4.406880821611127819e-39
6.719581448722901484e+01 4.207026585550238895e-39
7.036197805028511709e+01 4.016297382072615914e-39
7.367732637707258903e+01 3.834273607282925733e-39
7.714888882450472352e+01 3.660555108762134548e-39
8.078402596199453001e+01 3.494760275118912917e-39
8.459044517768030857e+01 3.336206757862983235e-39
8.857621701998988328e+01 3.184884940911344260e-39
9.274979230919696249e+01 3.040491596489401335e-39
9.712002005524523440e+01 2.902706626016942714e-39
1.016961662198344527e+02 2.771224840211802696e-39
1.064879333625473805e+02 2.645755379333222004e-39
1.115054812126699204e+02 2.526021019947580104e-39
1.167594482103270508e+02 2.411757516884845901e-39
1.222609740626006953e+02 2.302712978474812062e-39
1.280217233624593405e+02 2.198647273264768407e-39
1.340539103205756817e+02 2.098960786840211777e-39
1.403703246624666576e+02 2.003750031320884087e-39
1.469843587458711340e+02 1.912661820277287358e-39
1.539100359558522939e+02 1.825517310647649193e-39
1.611620404378381295e+02 1.742154759067624826e-39
1.687557482316329072e+02 1.662418801182646889e-39
1.767072598724180637e+02 1.586160195974336447e-39
1.850334345278628518e+02 1.513235581370802012e-39
1.937519257437192266e+02 1.443507240591676804e-39
2.028812188736999076e+02 1.376842878704501542e-39
2.124406702729891094e+02 1.312807120836903996e-39
2.224505483384951106e+02 1.251623182135072923e-39
2.329320764828567576e+02 1.193308685787575150e-39
2.439074781333144983e+02 1.137742799547110386e-39
2.554000238508662335e+02 1.084794444729884713e-39
2.674340806695974493e+02 1.034338871719895182e-39
2.800351637608131341e+02 9.862573501897899481e-40
2.932299905314961279e+02 9.404368747163549254e-40
3.070465372718071535e+02 8.967698850122323671e-40
3.215140984717284027e+02 8.551540000357618850e-40
3.366633489326101198e+02 8.151923873375582512e-40
3.525264088053267528e+02 7.770867370143057659e-40
3.691369116929221832e+02 7.406466208067009076e-40
3.865300759621530347e+02 7.057773679837538813e-40
4.047427794151229250e+02 6.724184045439849341e-40
4.238136374793214145e+02 6.405111962671750200e-40
4.437830850818700696e+02 6.099991869629043099e-40
4.646934623815428722e+02 5.808277389013334305e-40
4.865891045403629960e+02 5.529440752978769752e-40
5.095164357250843068e+02 5.262972247324239175e-40
5.335240675378887545e+02 5.005113769982409868e-40
5.586629020849869676e+02 4.758744759262293470e-40
5.849862399016416248e+02 4.523309822679770358e-40
6.125498929624700395e+02 4.298272775495655598e-40
6.414123030166006174e+02 4.083247548858192887e-40
6.716346654986111844e+02 3.877859022989044117e-40
7.032810592779624130e+02 3.681742804285308835e-40
7.364185825220102970e+02 3.494545012206660261e-40
7.711174949606972859e+02 3.315922074617684545e-40
8.074513668545124574e+02 3.145540530378054315e-40
8.454972349816187034e+02 2.979129474532472362e-40
8.853357659748290871e+02 2.820466776769557021e-40
9.270514273547873927e+02 2.670837659296220646e-40
9.707326666219702247e+02 2.530597588618916139e-40
1.016472098787209802e+03 2.399093665838625964e-40
1.064366702738396270e+03 2.275723988096453337e-40
1.114518026859647307e+03 2.159933235101119203e-40
1.167032404338957576e+03 2.050405532519960348e-40
1.222021178620814453e+03 1.939326117776144798e-40
1.279600939481772230e+03 1.831315386171577805e-40
1.339893770229579331e+03 1.722867306589801899e-40
1.403027506549909958e+03 1.618055721533129521e-40
1.469136007549597480e+03 1.520677733553893144e-40
1.538359439570966970e+03 1.429988676726695392e-40
1.610844573379092708e+03 1.342126564429232408e-40
1.686745095352062663e+03 1.256887460191461529e-40
1.766221933334018331e+03 1.176231091024137200e-40
1.849443597841939436e+03 1.099045411052999752e-40
1.936586539349511668e+03 1.028064281560485793e-40
2.027835522405721122e+03 9.608219981918582774e-41
2.123384017381283684e+03 8.887848618230810418e-41
2.223434610673604766e+03 8.216702399474493660e-41
2.328199434239967559e+03 7.582489284379405403e-41
2.437900615369620937e+03 6.981340855090423126e-41
2.552770747648505221e+03 6.419193666648385792e-41
2.673053384115041808e+03 5.893999356920559171e-41
2.799003553652713890e+03 5.397896794667650220e-41
2.930888301714277986e+03 4.928878266076164143e-41
3.068987256524006170e+03 4.483585539726799110e-41
3.213593221958602953e+03 4.063025637612733155e-41
3.365012798363658931e+03 3.607221806610830710e-41
3.523567032622124316e+03 3.187993891048540109e-41
3.689592098852911477e+03 2.793413023428803567e-41
3.863440011183038678e+03 2.429890000467224143e-41
4.045479370104502777e+03 2.074757745484737008e-41
4.236096143998267507e+03 1.740413935792962994e-41
4.435694487482574914e+03 1.430419150677467303e-41
4.644697598320458383e+03 1.152459559295712778e-41
4.863548614703490784e+03 9.047695564006662092e-42
5.092711554814185547e+03 6.884185854051223810e-42
5.332672300659021857e+03 5.012101799546647725e-42
5.583939628258333869e+03 3.449158765531347032e-42
5.847046286376987155e+03 2.267613794035835452e-42
6.122550126083368923e+03 1.365571274624272098e-42
6.411035283531293317e+03 7.273531722835230613e-43
6.713113418472878948e+03 3.443858169929697864e-43
7.029425011128273582e+03 1.524317787037299688e-43
7.360640720161736681e+03 6.208126074836008623e-44
7.707462804643685558e+03 2.432722439107301230e-44
8.070626613013194401e+03 8.154760935970716378e-45
8.450902142198254296e+03 1.193402297752555674e-45
8.849095670199409142e+03 0.000000000000000000e+00
9.266051465598044160e+03 0.000000000000000000e+00
9.702653577614337337e+03 0.000000000000000000e+00
1.015982771050969677e+04 0.000000000000000000e+00
1.063854318630852322e+04 0.000000000000000000e+00
1.113981499999999323e+04 0.000000000000000000e+00
