5.109905999999998913e-04 1.109811718482963159e-33
5.350478158264525925e-04 1.331363699463937629e-33
5.602376349401677136e-04 1.578380547213680111e-33
5.866133798126899144e-04 1.844521154950844620e-33
6.142308833143955921e-04 2.128947223658023964e-33
6.431486069029836682e-04 2.409516574684221126e-33
6.734277643762276661e-04 2.643043592873199883e-33
7.051324514509496729e-04 2.843765854010784170e-33
7.383297814425204180e-04 3.021448567748018439e-33
7.730900273320932261e-04 3.180102431849367696e-33
8.094867705222935335e-04 3.326463564902216732e-33
8.475970565962692932e-04 3.473076430743805506e-33
8.875015584098104289e-04 3.605510215201456629e-33
9.292847468617651974e-04 3.719098337155140324e-33
9.730350697042674472e-04 3.830714919065982719e-33
1.018845138771257933e-03 3.930918664163508934e-33
1.066811926021654080e-03 4.002998360201934663e-33
1.117036968812139958e-03 4.064297504407923626e-33
1.169626584834117765e-03 4.122778463089929180e-33
1.224692097169785988e-03 4.180865636378876913e-33
1.282350069943775407e-03 4.231977197834217271e-33
1.342722555069145781e-03 4.267811702403683762e-33
1.405937350610089905e-03 4.302214672019439969e-33
1.472128271308234407e-03 4.337218257541589618e-33
1.541435431845208752e-03 4.360314405879288275e-33
1.614005543441078766e-03 4.378457484816665068e-33
1.689992224416527432e-03 4.400607423616288540e-33
1.769556325376144251e-03 4.418146705985204012e-33
1.852866269701222831e-03 4.426356577209656380e-33
1.940098410072798110e-03 4.419292388615012719e-33
2.031437401779649567e-03 4.401373586195301426e-33
2.127076593601456064e-03 4.377866895255611725e-33
2.227218437094596621e-03 4.351428513917614316e-33
2.332074915146911762e-03 4.322315498378912311e-33
2.441867990708662586e-03 4.288830612067038988e-33
2.556830076649547773e-03 4.250826294559354759e-33
2.677204527736363159e-03 4.208332998247171536e-33
2.803246155772788455e-03 4.161882805872617599e-33
2.935221768991700623e-03 4.111597405592369802e-33
3.073410736841863510e-03 4.057213915572041932e-33
3.218105581364521812e-03 3.997512046910437773e-33
3.369612596411762119e-03 3.932082982893354273e-33
3.528252496017370357e-03 3.865556285435889077e-33
3.694361093292760842e-03 3.795817643655716182e-33
3.868290011284977216e-03 3.714817024885767682e-33
4.050407427301620095e-03 3.632004008201091926e-33
4.241098852278243209e-03 3.552745226208536390e-33
4.440767946838061926e-03 3.464170925259651784e-33
4.649837375771341541e-03 3.370373326067577734e-33
4.868749702743378587e-03 3.285869854278044901e-33
5.097968327124873661e-03 3.199639009217782433e-33
5.337978464927922717e-03 3.105816816634818557e-33
5.589288175924024028e-03 3.013978623834944892e-33
5.852429439118385021e-03 2.924396071496140107e-33
6.127959278857028277e-03 2.833955416243717750e-33
6.416460943950626564e-03 2.740673997489478677e-33
6.718545142310878605e-03 2.644707810186580357e-33
7.034851333713103977e-03 2.552823710764106509e-33
7.366049083421494920e-03 2.465195775276902768e-33
7.712839479542501174e-03 2.380127069569700391e-33
8.075956617106555546e-03 2.294817074717887800e-33
8.456169152019724425e-03 2.208562274717787605e-33
8.854281928174764782e-03 2.124857974658916715e-33
9.271137681165837752e-03 2.043200428106181804e-33
9.707618822213362822e-03 1.961981156358888642e-33
1.016464930607533304e-02 1.882574026396224461e-33
1.064319658689900396e-02 1.805614809281364350e-33
1.114427366615328152e-02 1.731071962604660248e-33
1.166894123697689162e-02 1.658936555776075776e-33
1.221830992948150403e-02 1.589208198644865335e-33
1.279354266176272945e-02 1.521838382950459184e-33
1.339585710159577579e-02 1.456748002612069832e-33
1.402652824402658358e-02 1.393914879971771115e-33
1.468689111031489143e-02 1.333107920066265686e-33
1.537834357394230432e-02 1.273996088115299167e-33
1.610234931966770047e-02 1.216589815820083395e-33
1.686044094189358827e-02 1.160904176264340490e-33
1.765422318890221692e-02 1.106950274710590984e-33
1.848537635982900468e-02 1.054665045987711582e-33
1.935565986156389390e-02 1.003946175826538627e-33
2.026691593311010994e-02 9.548119740612544599e-34
2.122107354528418241e-02 9.072543063256364676e-34
2.222015248401206997e-02 8.613045715921040763e-34
2.326626762586509259e-02 8.171275400373803088e-34
2.436163341488633421e-02 7.749668462699070238e-34
2.550856855018401523e-02 7.347510710798270570e-34
2.670950089421467166e-02 6.964077485657341715e-34
2.796697261214636451e-02 6.598674906317128858e-34
2.928364555318068926e-02 6.250086920700032544e-34
3.066230688522515735e-02 5.916830781118356816e-34
3.210587499484356816e-02 5.598444623661912865e-34
3.361740566497341959e-02 5.294309445369343472e-34
3.520009854348758044e-02 5.004144497935106646e-34
3.685730391629301467e-02 4.727150398457044040e-34
3.859252979930418576e-02 4.462294476951402645e-34
4.040944936430335838e-02 4.209302173906619700e-34
4.231190871440715373e-02 3.967917831308713348e-34
4.430393502559887287e-02 3.737877493413273152e-34
4.638974507156051752e-02 3.519397583809349212e-34
4.857375414985009437e-02 3.312978841116995963e-34
5.086058542831975449e-02 3.118035246853419134e-34
5.325507973155901159e-02 2.933851827957375558e-34
5.576230578807954419e-02 2.759998148769846235e-34
5.838757095993295926e-02 2.596443359394029242e-34
6.113643247747437004e-02 2.443465125313225366e-34
6.401470920305396550e-02 2.300346674857249371e-34
6.702849394853747922e-02 2.166408687868179184e-34
7.018416637273082459e-02 2.041025606102722104e-34
7.348840648600971082e-02 1.923254033258797679e-34
7.694820879074099063e-02 1.811960385408343000e-34
8.057089708742933010e-02 1.706805347752151546e-34
8.436413997793101860e-02 1.607382681308930647e-34
8.833596709855154328e-02 1.513492160707625435e-34
9.249478611739107847e-02 1.425153088834363462e-34
9.684940053191780363e-02 1.342580166767971172e-34
1.014090283044420948e-01 1.265373327077920610e-34
1.061833213749424354e-01 1.193149880249693939e-34
1.111823860925450214e-01 1.125558000217461361e-34
1.164168046089096714e-01 1.062500288336120927e-34
1.218976572788071366e-01 1.004072850973446678e-34
1.276365461153047554e-01 9.498870478600141598e-35
1.336456193492131517e-01 8.995042352420838316e-35
1.399375971447811562e-01 8.526649341113813597e-35
1.465257985260730589e-01 8.090007995849867714e-35
1.534241695710296116e-01 7.680951615343715876e-35
1.606473129328928884e-01 7.297394522255579961e-35
1.682105187514858213e-01 6.937487890239781219e-35
1.761297970197826523e-01 6.599541532636864153e-35
1.844219114742838006e-01 6.282398137887926591e-35
1.931044150809329008e-01 5.985375353084036148e-35
2.021956871916973653e-01 5.706992257901904711e-35
2.117149724504645003e-01 5.445330346059782961e-35
2.216824215306086587e-01 5.199625042959789266e-35
2.321191337904670304e-01 4.967346432776497042e-35
2.430472019370170933e-01 4.744638599406841460e-35
2.544897587922982929e-01 4.531055153130363678e-35
2.664710262615786474e-01 4.326277985483036203e-35
2.790163666069218618e-01 4.130000650890945565e-35
2.921523361346888281e-01 3.942382630687576542e-35
3.059067414106261817e-01 3.764030420798790200e-35
3.203086981215368945e-01 3.594479874373657130e-35
3.353886927081298208e-01 3.432882154476920581e-35
3.511786468995202193e-01 3.279132295035664334e-35
3.677119852859864202e-01 3.133028284894219266e-35
3.850237060730187788e-01 2.994474472751435243e-35
4.031504551664449321e-01 2.863038820550654538e-35
4.221306037454438664e-01 2.738310834180365438e-35
4.420043294876682127e-01 2.619910598475108632e-35
4.628137016184106223e-01 2.507297640458271037e-35
4.846027699638431607e-01 2.399768967831640841e-35
5.074176581968491417e-01 2.297068336490142022e-35
5.313066614728287895e-01 2.198716399739902925e-35
5.563203486621506322e-01 2.104721342819509234e-35
5.825116693956678970e-01 2.014814916809502491e-35
6.099360661498915981e-01 1.928575023027673162e-35
6.386515916090790279e-01 1.845851286879035947e-35
6.687190315526841955e-01 1.766512160056384679e-35
7.002020335282965746e-01 1.690432788465878569e-35
7.331672415824393996e-01 1.617461105733792637e-35
7.676844373344420269e-01 1.547420640786876568e-35
8.038266876920093784e-01 1.480202270917831609e-35
8.416704995211687912e-01 1.415540547379447125e-35
8.812959815980181411e-01 1.353478945704844957e-35
9.227870141850931240e-01 1.294022411714606288e-35
9.662314265913068967e-01 1.237225979577921748e-35
1.011721183091343956e+00 1.182974523687890706e-35
1.059352577598057898e+00 1.131153511031103035e-35
1.109226437499953200e+00 1.081655462470156696e-35
1.161448337095254857e+00 1.034373601468055512e-35
1.216128821074363486e+00 9.892061307968908192e-36
1.273383638523755801e+00 9.460530107116241590e-36
1.333333987946697885e+00 9.046557144407399681e-36
1.396106773819429270e+00 8.649981239827080029e-36
1.461834875225886732e+00 8.270297440376148445e-36
1.530657427139647808e+00 7.906809917737843494e-36
1.602720114948506192e+00 7.558850595348836014e-36
1.678175482845123412e+00 7.225792551317958483e-36
1.757183256736591703e+00 6.907044641789886251e-36
1.839910682356439064e+00 6.602011171528562227e-36
1.926532879294785117e+00 6.310119836900365156e-36
2.017233211696109141e+00 6.030834258376589724e-36
2.112203676409278863e+00 5.763298417024851824e-36
2.211645309411537141e+00 5.507612450647440996e-36
2.315768611366749052e+00 5.263375907990755901e-36
2.424793993218733235e+00 5.030069718148888129e-36
2.538952242762947620e+00 4.807198860379193849e-36
2.658485013184173074e+00 4.594299731455265324e-36
2.783645334594315290e+00 4.390937027818893436e-36
2.914698149653206727e+00 4.196678457229584400e-36
3.051920874406205186e+00 4.011111291096963145e-36
3.195603985525756308e+00 3.833846637088896402e-36
3.346051635200062879e+00 3.664259429030693898e-36
3.503582294970443822e+00 3.502334061772928549e-36
3.668529429880249104e+00 3.347796229924983226e-36
3.841242204362441903e+00 3.200298312975039541e-36
4.022086221360066105e+00 3.059509616980272231e-36
4.211444296244144958e+00 2.925119752060442677e-36
4.409717267167340360e+00 2.796837090880480837e-36
4.617324843568706427e+00 2.674375381147260789e-36
4.834706494625642392e+00 2.557462003203848260e-36
5.062322379533815919e+00 2.445823080752335797e-36
5.300654321584263862e+00 2.338615427039806436e-36
5.550206828099592649e+00 2.235667802364803374e-36
5.811508158388336120e+00 2.136882238762157931e-36
6.085111441978169111e+00 2.042108840141381425e-36
6.371595849495029995e+00 1.951202349759793802e-36
6.671567818666736649e+00 1.864024048767553321e-36
6.985662338046298991e+00 1.780441426010086647e-36
7.314544291172446755e+00 1.700321760686037392e-36
7.658909864012500179e+00 1.623536427796698256e-36
8.019488018667196627e+00 1.549972872521961829e-36
8.397042036456815239e+00 1.479733553992046203e-36
8.792371133655153770e+00 1.412903960817320483e-36
9.206312153291531075e+00 1.349337689004028664e-36
9.639741336602201116e+00 1.288864627755025181e-36
1.009357617788072226e+01 1.231324162776616623e-36
1.056877736665409273e+01 1.176565510289145378e-36
1.106635082129557723e+01 1.124447153352366581e-36
1.158734981837918276e+01 1.074833396365613870e-36
1.213287722228317200e+01 1.027595932274183075e-36
1.270408781976249557e+01 9.826070556894856988e-37
1.330219076443160553e+01 9.394843663866928543e-37
1.392845213633272472e+01 8.981065315047451510e-37
1.458419762200735725e+01 8.584274364772965897e-37
1.527081532074441661e+01 8.203832421600873220e-37
1.598975868294527025e+01 7.839122836545869854e-37
1.674254958682590910e+01 7.489553836136794486e-37
1.753078155996857745e+01 7.154558002032855417e-37
1.835612315254300242e+01 6.833578577089086554e-37
1.922032146933722885e+01 6.526077709296668846e-37
2.012520586807494993e+01 6.231575775490451689e-37
2.107269183184819639e+01 5.950587950686640401e-37
2.206478502386210039e+01 5.683355085431959478e-37
2.310358553307563767e+01 5.429251593221437823e-37
2.419129231972515726e+01 5.187585901556877227e-37
2.533020787014121922e+01 4.957705627474633704e-37
2.652274307071216697e+01 4.738996843886563476e-37
2.777142231131204397e+01 4.530882032622797434e-37
2.907888882899514016e+01 4.332812072463973097e-37
3.044791030326993209e+01 4.144268248145306510e-37
3.188138471479577163e+01 3.964729416033441202e-37
3.338234647990458370e+01 3.792380031530258407e-37
3.495397287393306840e+01 3.626487357805660617e-37
3.659959075696296793e+01 3.466911376056962088e-37
3.832268361620558750e+01 3.313457553084596502e-37
4.012689893993936607e+01 3.165935799912034370e-37
4.201605593860896448e+01 3.024161051981590654e-37
4.399415362943032903e+01 2.887953302970510734e-37
4.606537930161544381e+01 2.757134948395847082e-37
4.823411738013658834e+01 2.631532394649943255e-37
5.050495870679190347e+01 2.510992704095680823e-37
5.288271025822039206e+01 2.395958763382528292e-37
5.537240532143636784e+01 2.286585057103802831e-37
5.797931414842381770e+01 2.182601401679672989e-37
6.070895511234422770e+01 2.083724982576712591e-37
6.356710638897454402e+01 1.989688819490817115e-37
6.655981818810086281e+01 1.900241108713166131e-37
6.969342556076210826e+01 1.815144415536266523e-37
7.297456180945252413e+01 1.734173714589271446e-37
7.641017252967073148e+01 1.657116344961751562e-37
8.000753031253947256e+01 1.583765052696334585e-37
8.377425013961695299e+01 1.513602295606713528e-37
8.771830550249055136e+01 1.446360634269841126e-37
9.184804528127342849e+01 1.381939089662456374e-37
9.617221141773345039e+01 1.320227016458029741e-37
1.006999574204652959e+02 1.261117875740862830e-37
1.054408677412788791e+02 1.204509234378307525e-37
1.104049780638178788e+02 1.150302673078450520e-37
1.156027965473595316e+02 1.098403027190848057e-37
1.210453260707623571e+02 1.048718647748387579e-37
1.267440875236494833e+02 1.001163293860486001e-37
1.327111441941305259e+02 9.557401602812613234e-38
1.389591273046880815e+02 9.124204416571427447e-38
1.455012627502802331e+02 8.711100344643545304e-38
1.523513990952636448e+02 8.317136323133170048e-38
1.595240368883987685e+02 7.941405565742137821e-38
1.670343593579925425e+02 7.583046275192702171e-38
1.748982645521552115e+02 7.241239910816718619e-38
1.831323989922079249e+02 6.915204815705648577e-38
1.917541929104748988e+02 6.604196958433465611e-38
2.007818971470587712e+02 6.307509210441301285e-38
2.102346217836986852e+02 6.024474407022622156e-38
2.201323765964938559e+02 5.754511920170484961e-38
2.304961134131233109e+02 5.497020397958999139e-38
2.413477704642276080e+02 5.251407800666063207e-38
2.527103188228296631e+02 5.017111080081364423e-38
2.646078110301079960e+02 4.793595344419819192e-38
2.770654320104479780e+02 4.580352806718744994e-38
2.901095523835514882e+02 4.376898646797540323e-38
3.037677842864605964e+02 4.182771510716047338e-38
3.180690398236519059e+02 3.997527570454975821e-38
3.330435922689417794e+02 3.820416407267948851e-38
3.487231401487482572e+02 3.650897820505540299e-38
3.651408743423650094e+02 3.488659924178422497e-38
3.823315483412869185e+02 3.333400468363427194e-38
4.003315518163179263e+02 3.184829844236587940e-38
4.191789876481783494e+02 3.042671094518289952e-38
4.389137525846882681e+02 2.906659737063179785e-38
4.595776216952513664e+02 2.776540503332987784e-38
4.812143368014205862e+02 2.652068520806472439e-38
5.038696990707354075e+02 2.533011379607442687e-38
5.275916659698416424e+02 2.419338933547270077e-38
5.524304527821121837e+02 2.310910221293225680e-38
5.784386389046832164e+02 2.207470866256011402e-38
6.056712791499038531e+02 2.108784317702837004e-38
6.341860202868110719e+02 2.014626059431231063e-38
6.640432230693245401e+02 1.924783420444402913e-38
6.953060900094834551e+02 1.839055297086036354e-38
7.280407991661785445e+02 1.757249164614068846e-38
7.623166442326119068e+02 1.679181957738494333e-38
7.982061812190086130e+02 1.604678188306359336e-38
8.357853820410869048e+02 1.533460714500420049e-38
8.751337953394053102e+02 1.465293874492519541e-38
9.163347148700244134e+02 1.400043479280427237e-38
9.594753558229091368e+02 1.337589483612492712e-38
1.004647039441343964e+03 1.277816710743613092e-38
1.051945386333140277e+03 1.220615146627131681e-38
1.101470518882853412e+03 1.165880160663179326e-38
1.153327273193477595e+03 1.113509822748799028e-38
1.207625421006274109e+03 1.063406210541392773e-38
1.264479902068467254e+03 1.015476190006459321e-38
1.324011067440732177e+03 9.697392024391718811e-39
1.386344934259483125e+03 9.261394521631998793e-39
1.451613452493259274e+03 8.845640968053966435e-39
1.519954784257899291e+03 8.449164041383309340e-39
1.591513596281724404e+03 8.071044071999876008e-39
1.666441366139884622e+03 7.710411330515640349e-39
1.744896702906071596e+03 7.366448164583541045e-39
1.827045682900374686e+03 7.038362325986071373e-39
1.913062201244001699e+03 6.725399281342091015e-39
2.003128339965057421e+03 6.426841715641642496e-39
2.097434753434548384e+03 6.142273771793732970e-39
2.196181071948582485e+03 5.870919083345621076e-39
2.299576324311027747e+03 5.612028099462984014e-39
2.407839380311179411e+03 5.365006826533483656e-39
2.521199414033082576e+03 5.129291711127983743e-39
2.639896388977278548e+03 4.904352415909060254e-39
2.764181566021825802e+03 4.689694946159038347e-39
2.894318035297951610e+03 4.484835705864833858e-39
3.030581273106156459e+03 4.289314197527601044e-39
3.173259725051692385e+03 4.102691910714353391e-39
3.322655416633797358e+03 3.924634237729061802e-39
3.479084592581244124e+03 3.754507900019514863e-39
3.642878386287455214e+03 3.591830501245628413e-39
3.814383520762408352e+03 3.436270163967534908e-39
3.993963042585012317e+03 3.287511363421178073e-39
4.181997090409656266e+03 3.145258257171115760e-39
4.378883699653695658e+03 3.009238809330657264e-39
4.585039645069335165e+03 2.879179758502494452e-39
4.800901322983321734e+03 2.754819616694867110e-39
5.026925675072208833e+03 2.635909557511207036e-39
5.263591155628501838e+03 2.522521847453709678e-39
5.511398744365285893e+03 2.414321252384104248e-39
5.770873006903246278e+03 2.310929301276289891e-39
6.042563205185017068e+03 2.212123145957463090e-39
6.327044460167237048e+03 2.117691255025994879e-39
6.624918969251758426e+03 2.027436948843792351e-39
6.936817281032933352e+03 1.941183206027090030e-39
7.263399630059448100e+03 1.858747525336539138e-39
7.605357334436234851e+03 1.779955170529488882e-39
7.963414259224728085e+03 1.704639853051429986e-39
8.338328348739525609e+03 1.632853940510402703e-39
8.730893230984826005e+03 1.564277249617958926e-39
9.141939897627062237e+03 1.498620682728326275e-39
9.572338463059895730e+03 1.435757890953615427e-39
1.002300000628533235e+04 1.375568118535019940e-39
1.049487849950953569e+04 1.317939109967382651e-39
1.098897282753652871e+04 1.262771367265174450e-39
1.150632890223351569e+04 1.209958637234481476e-39
1.204804187654497036e+04 1.159398331116278585e-39
1.261525846274081960e+04 1.110993512625920494e-39
1.320917935980746915e+04 1.065293984495641376e-39
1.383106179511885603e+04 1.022307142545947889e-39
1.448222218576823980e+04 9.816996230272068095e-40
1.516403892519492001e+04 9.433259967977117438e-40
1.587795530100325595e+04 9.070517684845821670e-40
1.662548255015223549e+04 8.727255977662426858e-40
1.740820305798144545e+04 8.400113341737136767e-40
1.822777370784575760e+04 8.088207759740859355e-40
1.908592938845006574e+04 7.784639494557979200e-40
1.998448666630675871e+04 7.487749997547327742e-40
2.092534763109207779e+04 7.219532752512961328e-40
2.191050392203893352e+04 6.964051597894454761e-40
2.294204094389179227e+04 6.717469846994741631e-40
2.402214228134603036e+04 6.487148999231730201e-40
2.515309432131715585e+04 6.273524009143482047e-40
2.633729109282542777e+04 6.053816714345972946e-40
2.757723933473864963e+04 5.843290989468229177e-40
2.887556380210363932e+04 5.643726226549864276e-40
3.023501282229646313e+04 5.458930710097587116e-40
3.165846411275369974e+04 5.286231714616599867e-40
3.314893087260125321e+04 5.103728808690061074e-40
3.470956816107249324e+04 4.935532915039134169e-40
3.634367957622151880e+04 4.782488224236755679e-40
3.805472424806605704e+04 4.634591551912468412e-40
3.984632416096430825e+04 4.485825061555651613e-40
4.172227182072782307e+04 4.351759510377092958e-40
4.368653828269625956e+04 4.221544933675966866e-40
4.574328155777305801e+04 4.100033548109506493e-40
4.789685541421090602e+04 3.983984852288620301e-40
5.015181859378410445e+04 3.863780468661002133e-40
5.251294446185255947e+04 3.749291751097272391e-40
5.498523111174641963e+04 3.656735742052530386e-40
5.757391194486296445e+04 3.570668310720783137e-40
6.028446674886657274e+04 3.490411531424613669e-40
6.312263329744918155e+04 3.415730268739540894e-40
6.609441949619862135e+04 3.342819548582453654e-40
6.920611610029314761e+04 3.268728758736367064e-40
7.246431003093534673e+04 3.193856540490569442e-40
7.587589831872207287e+04 3.118589625353882263e-40
7.944810270345940080e+04 3.045977213883759748e-40
8.318848492133035325e+04 2.980862433928928061e-40
8.710496271177922608e+04 2.924981082848962301e-40
9.120582657798790024e+04 2.877636287441150514e-40
9.549975733643348212e+04 2.838234332368343802e-40
9.999584449266795127e+04 2.806291670715729821e-40
1.047036054822211881e+05 2.748791296737155426e-40
1.096330058173617144e+05 2.628828505684837384e-40
1.147944801823517773e+05 2.452383613356628172e-40
1.201989545218643907e+05 2.230396131600290311e-40
1.258578691693091678e+05 1.977029678878095318e-40
1.317832030640292796e+05 1.706308001649365347e-40
1.379874991086389928e+05 1.422444706556871147e-40
1.444838907201653346e+05 1.088051262076107598e-40
1.512861296312153281e+05 6.194370731203276634e-41
1.584086150000000198e+05 4.157389103683466492e-41
